0 0.181549 0.597849 0.186647 0.788673 0.904551
0 0.577335 0.579144 0.194485 0.821931 0.885082
0 0.811621 0.574714 0.16801 0.832773 0.867536
38 0.112172 0.825943 0.0489654 0.178099 0.450822
0 0.435637 0.538009 0.0854557 0.247935 0.429958
0 0.145041 0.291263 0.0836073 0.226666 0.390092
0 0.961297 0.397827 0.0748119 0.202285 0.378443
0 0.302771 0.531431 0.0977322 0.266285 0.376885
0 0.974985 0.538779 0.0495766 0.22079 0.355211
0 0.354361 0.389139 0.0699479 0.221287 0.323092
0 0.430152 0.407304 0.0843172 0.189248 0.29746
0 0.351783 0.270171 0.0929574 0.188995 0.288086
