0 0.922966 0.583639 0.15349 0.815515 0.926396
0 0.102996 0.57693 0.205107 0.825851 0.92601
0 0.450816 0.581839 0.175424 0.818205 0.912839
0 0.662639 0.553744 0.188004 0.876481 0.882456
0 0.88808 0.271798 0.0860664 0.218914 0.556511
0 0.763916 0.470891 0.0844912 0.176154 0.484887
0 0.816347 0.174735 0.0913404 0.27451 0.377464
0 0.332629 0.472322 0.0703152 0.183766 0.343248
0 0.288758 0.356624 0.0766259 0.283881 0.326642
56 0.372753 0.243527 0.0681679 0.102729 0.314682
0 0.0289589 0.243202 0.0579066 0.205289 0.287331
0 0.33258 0.508821 0.0730363 0.253743 0.286089
0 0.764236 0.503821 0.0879574 0.240377 0.256063
