0 0.150794 0.574418 0.203654 0.832408 0.902593
0 0.702616 0.551326 0.188264 0.881873 0.890062
0 0.941621 0.579529 0.116263 0.828559 0.882107
0 0.468478 0.57372 0.19515 0.835551 0.86665
0 0.924226 0.264757 0.0883163 0.217283 0.584484
56 0.409039 0.243028 0.0670665 0.109615 0.365312
0 0.801142 0.465301 0.0861383 0.169946 0.335796
0 0.85298 0.168223 0.0950853 0.265815 0.306384
0 0.0275561 0.52383 0.0550853 0.224246 0.292631
0 0.0948785 0.32846 0.0664166 0.157129 0.271038
0 0.572765 0.508644 0.0727356 0.224952 0.26223
0 0.365725 0.462118 0.0613069 0.198272 0.250119
