0 0.322361 0.572334 0.293255 0.838637 0.915146
0 0.539856 0.552909 0.195915 0.881922 0.893358
0 0.761538 0.584891 0.185174 0.810408 0.829516
0 0.190794 0.390901 0.054738 0.184252 0.432007
0 0.246161 0.31651 0.0663243 0.144163 0.428308
0 0.715583 0.275749 0.0823019 0.216247 0.393206
0 0.976564 0.508353 0.0462749 0.246751 0.37353
0 0.105675 0.357088 0.0743263 0.217812 0.360808
0 0.15317 0.479282 0.0797924 0.178351 0.342422
0 0.972949 0.378635 0.053619 0.185273 0.342116
56 0.436271 0.363657 0.0619959 0.101313 0.324126
56 0.189653 0.233747 0.0691274 0.0873597 0.287648
0 0.408511 0.457082 0.0760392 0.174721 0.280193
