0 0.485644 0.550002 0.192665 0.884322 0.900092
0 0.215969 0.579288 0.194003 0.826333 0.88656
0 0.717432 0.585998 0.196295 0.8088 0.882731
0 0.0893374 0.516959 0.0798737 0.266967 0.467968
0 0.353175 0.504441 0.0920442 0.274583 0.463409
32 0.717731 0.574712 0.020401 0.0363252 0.414041
56 0.130607 0.242209 0.0727974 0.106993 0.38319
0 0.660209 0.276414 0.0831083 0.222603 0.375445
0 0.0446704 0.358474 0.0744201 0.227113 0.309876
0 0.933799 0.471783 0.0773882 0.169382 0.292514
0 0.0884096 0.478809 0.0784346 0.186848 0.283422
56 0.381056 0.362125 0.0643059 0.101085 0.275753
0 0.98339 0.614995 0.0325989 0.762713 0.270965
