0 0.229585 0.578153 0.209895 0.828668 0.911946
0 0.717929 0.586925 0.18073 0.80838 0.901271
0 0.494904 0.549556 0.191313 0.885193 0.894721
0 0.362035 0.506567 0.090946 0.271296 0.537479
0 0.0993058 0.478012 0.0774387 0.186031 0.401135
0 0.667883 0.281923 0.0841783 0.231116 0.357354
0 0.0995978 0.516447 0.079941 0.261847 0.323521
56 0.139781 0.238426 0.0708663 0.0999499 0.314314
0 0.0733863 0.51746 0.131809 0.266673 0.286466
0 0.126279 0.386023 0.0762087 0.181915 0.281909
56 0.389178 0.361961 0.0660775 0.0996858 0.280615
0 0.0563225 0.359178 0.0674549 0.222604 0.271215
0 0.939086 0.380744 0.085247 0.186423 0.269528
0 0.345854 0.174358 0.107898 0.276449 0.252843
