0 0.919075 0.568244 0.160531 0.846319 0.910639
0 0.317388 0.552469 0.195245 0.8801 0.898477
0 0.0719527 0.58118 0.143905 0.815837 0.892755
0 0.591021 0.590022 0.181356 0.803437 0.890862
0 0.161914 0.528983 0.0956558 0.249484 0.622013
32 0.604892 0.586489 0.0224564 0.0442405 0.386768
0 0.79956 0.485804 0.0785932 0.202671 0.369277
0 0.796357 0.381533 0.0814111 0.179536 0.321492
0 0.526926 0.288802 0.0849693 0.247322 0.30829
0 0.662922 0.356152 0.0744825 0.197161 0.297546
0 0.207227 0.510636 0.0671481 0.274349 0.268023
0 0.722969 0.362104 0.0671212 0.211244 0.265231
0 0.713317 0.253934 0.0862971 0.186837 0.261881
0 0.192384 0.171463 0.0972745 0.297988 0.258034
56 0.827355 0.358803 0.0433113 0.0830383 0.25046
