0 0.906128 0.567999 0.186817 0.846954 0.915986
0 0.0588528 0.583615 0.117706 0.821028 0.901572
0 0.280442 0.550164 0.197358 0.883598 0.89012
0 0.563643 0.590149 0.178645 0.803282 0.873052
0 0.136771 0.531026 0.0816025 0.247557 0.49387
0 0.497511 0.294895 0.0858055 0.250627 0.418196
0 0.767228 0.390176 0.0857253 0.191555 0.399525
0 0.771098 0.513903 0.08438 0.240125 0.330328
0 0.159453 0.170208 0.097805 0.284048 0.317275
0 0.633592 0.356722 0.0733112 0.199274 0.292582
0 0.691418 0.365401 0.0659109 0.207394 0.286599
