0 0.927989 0.586724 0.143418 0.821896 0.984936 0.251137 0.913227 0.993605 0.233804 0.685347 0.971081 0.234677 0.935387 0.999301 0.255125 0.191122 0.944133 0.258391 0.841936 1 0.381496 0.720337 0.911793 0.381932 0.960243 0.991763 0.535439 0.288532 0.876437 0.537043 0.881115 0.987876 0.656467 0.244928 0.893896 0.687743 0.757894 0.99276 0.690669 0.770769 0.92737 0.696821 0.909145 1 0.918741 0.344492 0.916534 0.927551 0.599053 1 1 0.131456 0.906909 1 0.220774
0 0.116145 0.582885 0.205638 0.834229 0.151442 0.300292 0.987733 0.163749 0.282526 0.950388 0.14113 0.275612 0.975779 0.174837 0.284862 0.613787 0.116207 0.268132 0.863243 0.185957 0.38672 0.984694 0.0729006 0.385105 0.9932 0.199688 0.539356 0.936902 0.0355464 0.567716 0.97109 0.176757 0.638933 0.904408 0.0562986 0.713715 0.945151 0.162582 0.719495 0.974971 0.0852116 0.721493 0.98127 0.166616 0.955819 0.652268 0.0600732 0.963918 0.707646 0.151953 1 0.139703 0.0505431 1 0.153813
0 0.671564 0.556902 0.195058 0.877218 0.715665 0.191877 0.96006 0.722696 0.175339 0.758709 0.703433 0.175549 0.959548 0.723581 0.198895 0.217999 0.675742 0.199934 0.904189 0.732684 0.32509 0.915833 0.638522 0.325787 0.992814 0.735223 0.47035 0.712059 0.60222 0.481633 0.981931 0.749454 0.55809 0.676312 0.599569 0.617189 0.955999 0.717846 0.648133 0.960835 0.650218 0.651468 0.986807 0.735662 0.906253 0.679549 0.633449 0.905886 0.866333 0.737932 1 0.215845 0.610179 1 0.358859
0 0.456513 0.586865 0.187836 0.826269 0.48025 0.262079 0.987077 0.490187 0.242887 0.941303 0.465964 0.245402 0.979641 0.502547 0.263186 0.559894 0.445252 0.269339 0.899613 0.515419 0.393946 0.97422 0.418455 0.394505 0.994492 0.523766 0.518728 0.864803 0.3827 0.53614 0.976438 0.547578 0.565572 0.827057 0.39741 0.664334 0.950471 0.501707 0.697622 0.968799 0.435016 0.703065 0.983939 0.513774 0.921981 0.690726 0.426917 0.926725 0.817736 0.523895 1 0.210617 0.417398 1 0.293177
0 0.897927 0.271183 0.0877312 0.220166 0.898648 0.20554 0.911943 0.902133 0.195619 0.795199 0.89188 0.198508 0.910819 0.907673 0.202812 0.416613 0.879902 0.210359 0.831199 0.922464 0.252514 0.938491 0.866773 0.267863 0.963571 0.936706 0.310052 0.550509 0.870109 0.337517 0.783919 0.914959 0.309554 0.430088 0.905464 0.324445 0.63056 0.922963 0.377413 0.570803 0.885824 0.386051 0.654251 0.932522 0.38074 0.131897 0.892643 0.388912 0.193105 0.919611 0.451351 0.0543016 0.90123 0.462365 0.0762421
0 0.33959 0.50555 0.0659407 0.252828 0.350747 0.431747 0.932188 0.355589 0.420275 0.836098 0.343321 0.422951 0.937634 0.363219 0.425438 0.406605 0.332402 0.431618 0.85598 0.376123 0.483548 0.910704 0.322676 0.490918 0.97103 0.383986 0.562067 0.392766 0.321983 0.569396 0.83382 0.368649 0.591617 0.314593 0.356212 0.580415 0.682094 0.374231 0.613416 0.497019 0.33929 0.617366 0.663535 0.374357 0.627236 0.124951 0.338919 0.629861 0.233444 0.357599 0.68586 0.0617701 0.342018 0.68906 0.107201
0 0.300637 0.389437 0.0730332 0.260576 0.323815 0.330302 0.859043 0.324715 0.320647 0.510747 0.317592 0.321928 0.897894 0.321892 0.323642 0.122097 0.299081 0.326099 0.898344 0.324105 0.36739 0.907093 0.279679 0.375695 0.969755 0.335629 0.437755 0.44291 0.284664 0.454784 0.86744 0.325039 0.465937 0.332846 0.318285 0.465772 0.702902 0.320456 0.490415 0.623068 0.289883 0.49838 0.752502 0.335175 0.52915 0.106768 0.304249 0.538456 0.203201 0.325154 0.586745 0.0367344 0.307786 0.601537 0.0654203
0 0.036684 0.1238 0.073368 0.2148 0.0370715 0.0576546 0.905913 0.0399669 0.0486423 0.8256 0.030272 0.04917 0.852555 0.043826 0.0533198 0.524948 0.0171765 0.0548228 0.647279 0.0512829 0.0995626 0.951125 0.0123323 0.101886 0.940391 0.0685861 0.14752 0.746839 0.0240277 0.155298 0.665414 0.0484268 0.0895187 0.665293 0.0461839 0.100738 0.577449 0.0461876 0.216573 0.639742 0.0190871 0.218648 0.605345 0.0617016 0.216788 0.174676 0.0283895 0.21862 0.161595 0.0622616 0.278019 0.0704894 0.03379 0.280266 0.0681766
0 0.775679 0.465427 0.0778671 0.172381 0.769953 0.417445 0.951693 0.773636 0.408899 0.913092 0.76341 0.410001 0.95324 0.77925 0.417177 0.547405 0.751451 0.420327 0.831666 0.790805 0.469301 0.960209 0.741631 0.476717 0.966964 0.807148 0.524261 0.553252 0.746145 0.539853 0.677377 0.799686 0.521417 0.39201 0.775685 0.530614 0.486644 0.79363 0.574258 0.47277 0.760253 0.579753 0.508929 0.804639 0.559467 0.0743211 0.768654 0.563172 0.0889571 0.798361 0.582177 0.0334416 0.778163 0.586932 0.0386716
0 0.231456 0.369824 0.0850203 0.260637 0.237821 0.296556 0.17156 0.233193 0.288177 0.033669 0.236458 0.287578 0.198707 0.205565 0.295693 0.102564 0.235291 0.294763 0.814104 0.194891 0.354935 0.806418 0.239072 0.354248 0.928127 0.207287 0.440685 0.307539 0.252868 0.43598 0.802372 0.232698 0.459885 0.169388 0.256373 0.447575 0.507064 0.210836 0.499357 0.489539 0.240794 0.50165 0.6477 0.239604 0.522112 0.087778 0.258484 0.522523 0.179696 0.246811 0.597269 0.0322506 0.256234 0.599459 0.0588354
0 0.118832 0.103937 0.0965663 0.203766 0.126406 0.0423585 0.91504 0.130553 0.0322811 0.755366 0.118986 0.0323375 0.941685 0.136149 0.0396715 0.194524 0.102414 0.0394354 0.869062 0.145861 0.0944244 0.933682 0.085058 0.0989953 0.962811 0.161825 0.170189 0.48908 0.0918229 0.184651 0.808078 0.1492 0.178574 0.348428 0.136578 0.187474 0.622406 0.142472 0.225949 0.436659 0.100234 0.231353 0.515054 0.16321 0.205619 0.0313076 0.116486 0.209685 0.0503796 0.151644 0.236256 0.0112842 0.12362 0.242029 0.0164535
0 0.828088 0.180612 0.0957866 0.283595 0.839315 0.0980784 0.920498 0.842163 0.0899856 0.683025 0.834314 0.0893594 0.930347 0.844396 0.0909191 0.200397 0.820053 0.0884613 0.901972 0.84396 0.125041 0.957692 0.802285 0.128467 0.985175 0.857071 0.180912 0.722573 0.809041 0.196946 0.943519 0.851012 0.195259 0.670967 0.85031 0.203768 0.886203 0.834613 0.244235 0.873167 0.80553 0.249608 0.923845 0.857271 0.268106 0.498693 0.828284 0.274815 0.666937 0.852233 0.345432 0.237361 0.83102 0.355689 0.351791
0 0.379052 0.384388 0.0466177 0.163931 0.389507 0.346806 0.886617 0.392617 0.338412 0.774156 0.383686 0.338995 0.907307 0.397036 0.345264 0.31577 0.371207 0.346556 0.802848 0.403839 0.393129 0.785997 0.359533 0.396685 0.876032 0.410606 0.449903 0.168415 0.358689 0.457489 0.416534 0.398474 0.458947 0.117416 0.38225 0.464187 0.255361 0.400804 0.49691 0.205623 0.371028 0.500357 0.258246 0.40079 0.511145 0.0270304 0.372582 0.512498 0.0384834 0.391182 0.523433 0.0151565 0.375131 0.526137 0.0200536
0 0.575649 0.166295 0.103997 0.261272 0.574219 0.0879659 0.964706 0.580063 0.0791599 0.946328 0.568528 0.0773264 0.936578 0.587091 0.0870334 0.766048 0.557204 0.0816886 0.721383 0.59779 0.144935 0.989242 0.542763 0.131777 0.990611 0.605258 0.232281 0.923095 0.535607 0.189438 0.91897 0.585372 0.244475 0.847702 0.552948 0.158338 0.840377 0.5897 0.266309 0.904812 0.550852 0.261595 0.911595 0.607919 0.237315 0.521993 0.541495 0.232017 0.525929 0.612073 0.309788 0.27701 0.541698 0.302362 0.279492
0 0.780191 0.375178 0.0757032 0.200771 0.778041 0.319914 0.95342 0.781357 0.310624 0.892898 0.771826 0.311093 0.959433 0.785891 0.31686 0.426494 0.75782 0.317608 0.858052 0.791472 0.370904 0.930799 0.745011 0.374904 0.953963 0.80195 0.438412 0.371194 0.746086 0.448497 0.599353 0.798252 0.455212 0.23286 0.770898 0.46226 0.375544 0.789275 0.484267 0.328812 0.757624 0.488593 0.381789 0.802918 0.476097 0.041976 0.76594 0.478953 0.055704 0.795602 0.503237 0.0246494 0.769519 0.507916 0.0307902
