0 0.233016 0.578464 0.196871 0.843071 0.251661 0.295671 0.988083 0.263071 0.273727 0.952039 0.239543 0.272337 0.976175 0.278141 0.270125 0.662851 0.218906 0.26571 0.871252 0.300472 0.380119 0.988256 0.18285 0.380079 0.994655 0.309007 0.552089 0.932344 0.153801 0.566363 0.974069 0.290665 0.641841 0.878184 0.18185 0.690766 0.940614 0.281955 0.699489 0.981378 0.203515 0.701741 0.987282 0.281689 0.921802 0.75692 0.179707 0.920431 0.818117 0.277001 1 0.244927 0.182045 1 0.286121
0 0.793087 0.548826 0.188365 0.883717 0.829415 0.170782 0.976613 0.835392 0.153687 0.858552 0.815463 0.156531 0.97882 0.840273 0.176031 0.25957 0.788201 0.183046 0.921842 0.856473 0.304626 0.919613 0.754453 0.308867 0.989613 0.866024 0.439804 0.635933 0.722339 0.456104 0.965092 0.869318 0.501797 0.570471 0.724734 0.574825 0.919171 0.836665 0.636284 0.941656 0.766125 0.639697 0.978289 0.846775 0.882686 0.614685 0.746332 0.882913 0.810942 0.84603 1 0.192124 0.720327 1 0.300238
0 0.537393 0.581082 0.213124 0.837835 0.556416 0.254925 0.979759 0.566122 0.235961 0.923633 0.543256 0.236869 0.966839 0.576244 0.254554 0.5186 0.522292 0.256693 0.851625 0.588103 0.381107 0.964034 0.49311 0.373523 0.988385 0.600463 0.510969 0.832095 0.455848 0.501569 0.950071 0.63167 0.519436 0.78319 0.477822 0.534969 0.913741 0.5778 0.67717 0.957807 0.512054 0.68024 0.972815 0.594991 0.91508 0.687507 0.51286 0.919496 0.786094 0.602634 1 0.218423 0.500823 1 0.279976
0 0.976375 0.575956 0.0470758 0.825692 0.98995 0.28943 0.0156482 0.990408 0.273101 0.00320593 0.991224 0.276188 0.0172478 0.989351 0.269262 0.0112604 0.998031 0.278262 0.0993271 0.994489 0.358252 0.0310883 0.988727 0.363602 0.376709 0.973638 0.533623 0.0348272 0.972851 0.533531 0.616147 0.989675 0.67531 0.0612857 0.992089 0.669141 0.51516 1 0.704893 0.120976 0.993965 0.710536 0.368919 0.994528 0.90166 0.0285479 0.996599 0.915675 0.105329 0.988995 0.975561 0.0107103 0.991614 0.992759 0.0250018
0 0.639747 0.495752 0.0867605 0.227725 0.645678 0.433318 0.936194 0.646236 0.424259 0.719432 0.638682 0.425099 0.954371 0.645558 0.428243 0.186876 0.621509 0.428019 0.932983 0.651257 0.474556 0.943829 0.609567 0.473293 0.984004 0.665803 0.53596 0.514097 0.60803 0.536431 0.919149 0.661638 0.522576 0.425722 0.63627 0.513961 0.817123 0.650082 0.601817 0.679206 0.622385 0.603467 0.814281 0.662173 0.63487 0.119022 0.632441 0.637342 0.245169 0.655455 0.682915 0.036239 0.634532 0.688307 0.0692149
0 0.680859 0.154633 0.128677 0.267426 0.67067 0.0774595 0.975043 0.675961 0.0686565 0.946085 0.665047 0.0679155 0.959143 0.682878 0.0741572 0.695545 0.654052 0.0718281 0.809593 0.692166 0.12552 0.990248 0.639079 0.117567 0.993695 0.703603 0.208294 0.912957 0.630461 0.172664 0.949066 0.683419 0.22682 0.829883 0.650552 0.143436 0.88601 0.686122 0.244837 0.915011 0.646353 0.244032 0.934979 0.719863 0.233835 0.480489 0.643813 0.233509 0.546934 0.734922 0.310043 0.226228 0.644171 0.309288 0.259199
0 0.923275 0.162001 0.0990677 0.268728 0.938009 0.0778919 0.877873 0.937865 0.0707371 0.448511 0.932942 0.0699218 0.917357 0.935034 0.0728761 0.0821811 0.915887 0.0684827 0.931138 0.935208 0.108338 0.937778 0.897128 0.106937 0.983995 0.94838 0.165449 0.631368 0.908724 0.174851 0.958723 0.947068 0.171916 0.585751 0.948031 0.182073 0.906716 0.928772 0.229214 0.824306 0.900736 0.23272 0.911192 0.95848 0.266981 0.318534 0.922966 0.272377 0.5595 0.953577 0.334136 0.110623 0.918253 0.343833 0.211415
0 0.973995 0.259849 0.0517437 0.229383 0.993968 0.189005 0.868253 0.997033 0.179887 0.552577 0.988555 0.180487 0.922793 0.999749 0.187069 0.106927 0.976826 0.187608 0.907019 1 0.241615 0.730738 0.961552 0.244472 0.964053 1 0.312055 0.128382 0.957861 0.319991 0.874342 1 0.3169 0.122741 0.995747 0.321337 0.713246 1 0.365527 0.25322 0.977807 0.369719 0.546072 1 0.381367 0.0431007 0.983127 0.38468 0.153529 0.996161 0.451197 0.0247337 0.980018 0.456066 0.070076
0 0.679678 0.476957 0.0610146 0.257414 0.680114 0.389183 0.930411 0.683397 0.379514 0.874882 0.673404 0.380941 0.895872 0.686983 0.386615 0.597284 0.66013 0.389362 0.705634 0.695293 0.440727 0.96242 0.649674 0.446383 0.949019 0.703857 0.50984 0.738737 0.647432 0.518201 0.638313 0.701056 0.539263 0.58064 0.66003 0.527757 0.490459 0.693854 0.563259 0.68168 0.664675 0.567703 0.645117 0.69495 0.609893 0.175337 0.670443 0.615093 0.15496 0.688918 0.652941 0.0594641 0.67594 0.659512 0.0542443
0 0.0433684 0.502989 0.0846718 0.255127 0.0378133 0.428821 0.923427 0.0386569 0.41999 0.716211 0.0314136 0.420987 0.928832 0.038594 0.422219 0.213762 0.0145519 0.423252 0.88425 0.0403603 0.458997 0.926142 0.00296695 0.466273 0.947118 0.0572845 0.512902 0.506522 0.00760682 0.534777 0.70454 0.0593956 0.513279 0.411133 0.041057 0.524518 0.565779 0.0442475 0.57044 0.494371 0.0195436 0.578938 0.543419 0.0773003 0.582115 0.0988428 0.0594272 0.592335 0.139868 0.0732917 0.656631 0.0413414 0.0691145 0.670526 0.0560103
0 0.09336 0.326398 0.0800692 0.184191 0.0761951 0.289552 0.95221 0.0808627 0.280538 0.962621 0.0720795 0.282463 0.864425 0.0923179 0.280934 0.912833 0.0675553 0.287454 0.330607 0.113705 0.321301 0.987897 0.0627671 0.327935 0.97281 0.126712 0.376805 0.898277 0.0549059 0.383805 0.648661 0.104879 0.376942 0.747328 0.066215 0.381948 0.467992 0.110887 0.434686 0.718651 0.0762865 0.43588 0.641807 0.110783 0.439534 0.0759063 0.0678483 0.439961 0.0480651 0.114203 0.456439 0.0179188 0.0860496 0.456148 0.0120454
0 0.332407 0.350768 0.0824275 0.252305 0.344765 0.282937 0.134758 0.341177 0.272862 0.0279434 0.344095 0.273423 0.17181 0.313297 0.274683 0.173977 0.344834 0.27812 0.878588 0.295563 0.330003 0.848145 0.348385 0.337633 0.95456 0.292804 0.41361 0.266921 0.355196 0.424632 0.812464 0.319478 0.435837 0.115465 0.363012 0.438066 0.438852 0.305971 0.474056 0.506447 0.342308 0.479579 0.684956 0.324011 0.500144 0.0855097 0.356617 0.503772 0.181662 0.324778 0.557383 0.0335837 0.351715 0.563628 0.0628989
0 0.0400894 0.360211 0.0801788 0.250958 0.0474154 0.284368 0.913313 0.0505517 0.275908 0.6827 0.0422729 0.274716 0.923896 0.0526459 0.282324 0.187651 0.0289127 0.278407 0.87512 0.0491131 0.331568 0.904625 0.0177072 0.331262 0.948634 0.0596544 0.396847 0.347347 0.027218 0.403189 0.701304 0.0655579 0.416403 0.280251 0.0583372 0.419122 0.538802 0.0460223 0.444108 0.479944 0.0243043 0.44801 0.564405 0.0722754 0.452556 0.0920464 0.0550788 0.455532 0.146465 0.0656982 0.500313 0.0430439 0.0574115 0.504912 0.0632266
0 0.400842 0.408376 0.0664151 0.248607 0.411796 0.321901 0.82312 0.4146 0.31448 0.582796 0.406932 0.313703 0.851901 0.417541 0.318944 0.203217 0.395907 0.316074 0.797042 0.42489 0.359555 0.846064 0.38272 0.359041 0.947106 0.433891 0.417323 0.386892 0.385746 0.422032 0.838305 0.419046 0.431907 0.338105 0.414075 0.439787 0.712745 0.423752 0.472799 0.558932 0.39518 0.47445 0.715767 0.432222 0.537604 0.145436 0.40362 0.538814 0.275578 0.42166 0.598794 0.0602217 0.402262 0.600674 0.107681
