0 0.30821 0.537491 0.0471351 0.169744 0.834353
0 0.58586 0.940127 0.0461119 0.119745 0.81807
0 0.8416 0.666627 0.0412695 0.178479 0.731411
0 0.581831 0.754629 0.0772291 0.194969 0.711873
0 0.251746 0.467549 0.0414039 0.169827 0.646818
0 0.477529 0.688889 0.0427359 0.207188 0.581361
0 0.541098 0.675764 0.0358316 0.196148 0.553
0 0.718135 0.507872 0.0349674 0.134494 0.483306
0 0.155313 0.881632 0.0749116 0.158603 0.411838
0 0.361444 0.954764 0.0496921 0.0904728 0.400029
0 0.462105 0.621057 0.0273493 0.178089 0.348041
0 0.30821 0.537491 0.0471351 0.169744 0.834353
0 0.58586 0.940127 0.0461119 0.119745 0.81807
0 0.8416 0.666627 0.0412695 0.178479 0.731411
0 0.581831 0.754629 0.0772291 0.194969 0.711873
0 0.251746 0.467549 0.0414039 0.169827 0.646818
0 0.477529 0.688889 0.0427359 0.207188 0.581361
0 0.541098 0.675764 0.0358316 0.196148 0.553
0 0.718135 0.507872 0.0349674 0.134494 0.483306
0 0.155313 0.881632 0.0749116 0.158603 0.411838
0 0.361444 0.954764 0.0496921 0.0904728 0.400029
0 0.462105 0.621057 0.0273493 0.178089 0.348041
