0 0.427377 0.709036 0.0398657 0.192355 0.828417
0 0.599899 0.918188 0.0688941 0.163624 0.798831
0 0.675809 0.693194 0.0404819 0.198853 0.766475
0 0.903654 0.612129 0.0271023 0.171173 0.611492
0 0.469528 0.580541 0.033364 0.175835 0.609472
0 0.378439 0.554506 0.0474346 0.183152 0.600716
0 0.167871 0.480482 0.0351832 0.126996 0.576273
0 0.541884 0.628783 0.0289289 0.185561 0.504524
0 0.496381 0.626065 0.0359722 0.18412 0.451178
0 0.884951 0.784817 0.0418886 0.185093 0.421294
0 0.723618 0.507682 0.0521203 0.148125 0.305429
0 0.520555 0.614902 0.0351992 0.19078 0.279558
0 0.427377 0.709036 0.0398657 0.192355 0.828417
0 0.599899 0.918188 0.0688941 0.163624 0.798831
0 0.675809 0.693194 0.0404819 0.198853 0.766475
0 0.903654 0.612129 0.0271023 0.171173 0.611492
0 0.469528 0.580541 0.033364 0.175835 0.609472
0 0.378439 0.554506 0.0474346 0.183152 0.600716
0 0.167871 0.480482 0.0351832 0.126996 0.576273
0 0.541884 0.628783 0.0289289 0.185561 0.504524
0 0.496381 0.626065 0.0359722 0.18412 0.451178
0 0.884951 0.784817 0.0418886 0.185093 0.421294
0 0.723618 0.507682 0.0521203 0.148125 0.305429
0 0.520555 0.614902 0.0351992 0.19078 0.279558
