0 0.91208 0.595154 0.0312057 0.165319 0.80088
0 0.598642 0.903184 0.0601582 0.188511 0.722859
0 0.724911 0.685868 0.0505681 0.195204 0.643382
0 0.136349 0.425456 0.0334557 0.131416 0.600435
0 0.328436 0.509647 0.0486781 0.157123 0.595527
0 0.389676 0.444705 0.0305267 0.155578 0.59107
0 0.275429 0.622948 0.0605479 0.159886 0.562968
0 0.718391 0.5016 0.041948 0.14653 0.5396
0 0.64428 0.962304 0.0394338 0.0753921 0.481932
0 0.494264 0.61037 0.0567393 0.171868 0.467524
0 0.56263 0.645331 0.0643661 0.186663 0.437207
0 0.415427 0.555488 0.0403183 0.144524 0.386899
0 0.513906 0.334855 0.0299223 0.129397 0.368364
0 0.521493 0.628465 0.0458349 0.200137 0.346374
0 0.587025 0.96961 0.031757 0.0607792 0.301038
0 0.723408 0.962217 0.0350033 0.0753326 0.29652
0 0.309467 0.513754 0.0197562 0.136836 0.254825
0 0.91208 0.595154 0.0312057 0.165319 0.80088
0 0.598642 0.903184 0.0601582 0.188511 0.722859
0 0.724911 0.685868 0.0505681 0.195204 0.643382
0 0.136349 0.425456 0.0334557 0.131416 0.600435
0 0.328436 0.509647 0.0486781 0.157123 0.595527
0 0.389676 0.444705 0.0305267 0.155578 0.59107
0 0.275429 0.622948 0.0605479 0.159886 0.562968
0 0.718391 0.5016 0.041948 0.14653 0.5396
0 0.64428 0.962304 0.0394338 0.0753921 0.481932
0 0.494264 0.61037 0.0567393 0.171868 0.467524
0 0.56263 0.645331 0.0643661 0.186663 0.437207
0 0.415427 0.555488 0.0403183 0.144524 0.386899
0 0.513906 0.334855 0.0299223 0.129397 0.368364
0 0.521493 0.628465 0.0458349 0.200137 0.346374
0 0.587025 0.96961 0.031757 0.0607792 0.301038
0 0.723408 0.962217 0.0350033 0.0753326 0.29652
0 0.309467 0.513754 0.0197562 0.136836 0.254825
