0 0.600173 0.912724 0.0660738 0.174552 0.772272
0 0.534258 0.627183 0.0330246 0.189985 0.718665
0 0.699576 0.694771 0.0298 0.208332 0.70563
0 0.480003 0.661667 0.0566519 0.170236 0.691898
0 0.38489 0.440855 0.0335017 0.138164 0.67659
0 0.349539 0.532371 0.0538904 0.170786 0.593574
0 0.411951 0.603972 0.0719267 0.164362 0.529009
0 0.907176 0.608621 0.0284582 0.165411 0.521162
0 0.510067 0.341649 0.0270883 0.12997 0.503678
0 0.716307 0.504592 0.0395603 0.142764 0.401185
0 0.727064 0.97067 0.0338001 0.053324 0.376176
0 0.646195 0.973289 0.0411712 0.0534229 0.375701
0 0.161511 0.454927 0.0574343 0.129705 0.335274
0 0.600173 0.912724 0.0660738 0.174552 0.772272
0 0.534258 0.627183 0.0330246 0.189985 0.718665
0 0.699576 0.694771 0.0298 0.208332 0.70563
0 0.480003 0.661667 0.0566519 0.170236 0.691898
0 0.38489 0.440855 0.0335017 0.138164 0.67659
0 0.349539 0.532371 0.0538904 0.170786 0.593574
0 0.411951 0.603972 0.0719267 0.164362 0.529009
0 0.907176 0.608621 0.0284582 0.165411 0.521162
0 0.510067 0.341649 0.0270883 0.12997 0.503678
0 0.716307 0.504592 0.0395603 0.142764 0.401185
0 0.727064 0.97067 0.0338001 0.053324 0.376176
0 0.646195 0.973289 0.0411712 0.0534229 0.375701
0 0.161511 0.454927 0.0574343 0.129705 0.335274
