0 0.292713 0.676868 0.037964 0.181136 0.798186
0 0.483173 0.689143 0.0290067 0.207384 0.782021
0 0.561958 0.491929 0.0429596 0.153917 0.718837
0 0.899971 0.724939 0.0702929 0.177121 0.700406
0 0.780855 0.459458 0.037615 0.125412 0.646819
0 0.287474 0.469749 0.0338485 0.158419 0.611154
0 0.599095 0.8189 0.0460996 0.183579 0.601401
0 0.578932 0.942745 0.0368662 0.114509 0.59411
0 0.599827 0.52446 0.038669 0.178872 0.591828
0 0.545377 0.973655 0.0390436 0.0526892 0.543865
0 0.104851 0.57114 0.0302758 0.156206 0.540308
0 0.66039 0.613912 0.0579044 0.139694 0.52316
0 0.376151 0.95774 0.0401977 0.0841539 0.450269
0 0.419276 0.966771 0.0403324 0.066458 0.437728
0 0.503081 0.977084 0.0299395 0.0458324 0.421914
0 0.314028 0.938721 0.0526397 0.121491 0.410562
0 0.670258 0.502391 0.0265406 0.0898055 0.400279
0 0.271469 0.929841 0.0451427 0.11742 0.332536
30 0.913434 0.804535 0.0453039 0.0228105 0.259428
0 0.292713 0.676868 0.037964 0.181136 0.798186
0 0.483173 0.689143 0.0290067 0.207384 0.782021
0 0.561958 0.491929 0.0429596 0.153917 0.718837
0 0.899971 0.724939 0.0702929 0.177121 0.700406
0 0.780855 0.459458 0.037615 0.125412 0.646819
0 0.287474 0.469749 0.0338485 0.158419 0.611154
0 0.599095 0.8189 0.0460996 0.183579 0.601401
0 0.578932 0.942745 0.0368662 0.114509 0.59411
0 0.599827 0.52446 0.038669 0.178872 0.591828
0 0.545377 0.973655 0.0390436 0.0526892 0.543865
0 0.104851 0.57114 0.0302758 0.156206 0.540308
0 0.66039 0.613912 0.0579044 0.139694 0.52316
0 0.376151 0.95774 0.0401977 0.0841539 0.450269
0 0.419276 0.966771 0.0403324 0.066458 0.437728
0 0.503081 0.977084 0.0299395 0.0458324 0.421914
0 0.314028 0.938721 0.0526397 0.121491 0.410562
0 0.670258 0.502391 0.0265406 0.0898055 0.400279
0 0.271469 0.929841 0.0451427 0.11742 0.332536
30 0.913434 0.804535 0.0453039 0.0228105 0.259428
