0 0.201243 0.796765 0.0666509 0.183065 0.70162
0 0.259031 0.499119 0.0355006 0.145943 0.678775
0 0.665991 0.822303 0.0917217 0.159248 0.660001
0 0.589395 0.888881 0.0488579 0.196177 0.656811
0 0.162298 0.441147 0.032923 0.151236 0.622263
0 0.626749 0.482571 0.0496018 0.120015 0.599197
0 0.0490207 0.726459 0.0980414 0.178536 0.56525
0 0.52065 0.970494 0.0382463 0.0590116 0.477211
0 0.299705 0.651931 0.0836146 0.235159 0.453036
0 0.347701 0.367796 0.0460877 0.113628 0.44407
0 0.560732 0.966932 0.0383014 0.0661355 0.407527
0 0.121718 0.517674 0.058259 0.132342 0.333479
0 0.558266 0.759522 0.0429937 0.131811 0.331851
0 0.633964 0.941794 0.0393486 0.100953 0.324503
0 0.0199221 0.967116 0.0398442 0.0642883 0.261703
0 0.201243 0.796765 0.0666509 0.183065 0.70162
0 0.259031 0.499119 0.0355006 0.145943 0.678775
0 0.665991 0.822303 0.0917217 0.159248 0.660001
0 0.589395 0.888881 0.0488579 0.196177 0.656811
0 0.162298 0.441147 0.032923 0.151236 0.622263
0 0.626749 0.482571 0.0496018 0.120015 0.599197
0 0.0490207 0.726459 0.0980414 0.178536 0.56525
0 0.52065 0.970494 0.0382463 0.0590116 0.477211
0 0.299705 0.651931 0.0836146 0.235159 0.453036
0 0.347701 0.367796 0.0460877 0.113628 0.44407
0 0.560732 0.966932 0.0383014 0.0661355 0.407527
0 0.121718 0.517674 0.058259 0.132342 0.333479
0 0.558266 0.759522 0.0429937 0.131811 0.331851
0 0.633964 0.941794 0.0393486 0.100953 0.324503
0 0.0199221 0.967116 0.0398442 0.0642883 0.261703
