0 0.351527 0.68967 0.0422105 0.173567 0.710147
0 0.628356 0.685953 0.0442322 0.157218 0.692006
0 0.807829 0.653955 0.0521213 0.183637 0.623945
0 0.605198 0.953201 0.0427852 0.0934669 0.589345
0 0.160053 0.575538 0.0349512 0.156445 0.587251
0 0.572026 0.635025 0.0438179 0.155111 0.578053
0 0.329804 0.489509 0.0496555 0.170872 0.530238
0 0.503491 0.934523 0.0388613 0.130955 0.521664
0 0.518528 0.678514 0.0394721 0.199007 0.493508
0 0.474089 0.973628 0.0329065 0.0527443 0.483073
0 0.366153 0.948516 0.0563194 0.102968 0.442084
0 0.847545 0.436613 0.0409817 0.144303 0.351552
0 0.431462 0.966403 0.0373896 0.0671946 0.349307
0 0.483235 0.647398 0.0564516 0.14892 0.323711
0 0.695421 0.508609 0.0355082 0.119924 0.321911
0 0.323884 0.941038 0.0446565 0.112115 0.277804
0 0.634851 0.559054 0.0615957 0.121362 0.263041
0 0.351527 0.68967 0.0422105 0.173567 0.710147
0 0.628356 0.685953 0.0442322 0.157218 0.692006
0 0.807829 0.653955 0.0521213 0.183637 0.623945
0 0.605198 0.953201 0.0427852 0.0934669 0.589345
0 0.160053 0.575538 0.0349512 0.156445 0.587251
0 0.572026 0.635025 0.0438179 0.155111 0.578053
0 0.329804 0.489509 0.0496555 0.170872 0.530238
0 0.503491 0.934523 0.0388613 0.130955 0.521664
0 0.518528 0.678514 0.0394721 0.199007 0.493508
0 0.474089 0.973628 0.0329065 0.0527443 0.483073
0 0.366153 0.948516 0.0563194 0.102968 0.442084
0 0.847545 0.436613 0.0409817 0.144303 0.351552
0 0.431462 0.966403 0.0373896 0.0671946 0.349307
0 0.483235 0.647398 0.0564516 0.14892 0.323711
0 0.695421 0.508609 0.0355082 0.119924 0.321911
0 0.323884 0.941038 0.0446565 0.112115 0.277804
0 0.634851 0.559054 0.0615957 0.121362 0.263041
