0 0.0414015 0.605292 0.0828031 0.785914 0.834141
0 0.623154 0.577374 0.176385 0.829307 0.805368
0 0.36324 0.586131 0.2047 0.808921 0.714124
0 0.917235 0.453716 0.160951 0.575099 0.617773
0 0.764453 0.419815 0.0762163 0.208786 0.394063
0 0.804142 0.555236 0.0933886 0.236952 0.388364
0 0.149128 0.298125 0.0956671 0.217503 0.384743
0 0.231439 0.561215 0.0752007 0.253202 0.369444
0 0.740888 0.547192 0.0860149 0.253671 0.321154
0 0.234808 0.427551 0.089087 0.196887 0.297612
0 0.155642 0.406001 0.0735171 0.225192 0.293959
56 0.265191 0.401878 0.0427031 0.0850815 0.263149
0 0.509207 0.274399 0.0704744 0.193888 0.258087
0 0.0414015 0.605292 0.0828031 0.785914 0.834141
0 0.623154 0.577374 0.176385 0.829307 0.805368
0 0.36324 0.586131 0.2047 0.808921 0.714124
0 0.917235 0.453716 0.160951 0.575099 0.617773
0 0.764453 0.419815 0.0762163 0.208786 0.394063
0 0.804142 0.555236 0.0933886 0.236952 0.388364
0 0.149128 0.298125 0.0956671 0.217503 0.384743
0 0.231439 0.561215 0.0752007 0.253202 0.369444
0 0.740888 0.547192 0.0860149 0.253671 0.321154
0 0.234808 0.427551 0.089087 0.196887 0.297612
0 0.155642 0.406001 0.0735171 0.225192 0.293959
56 0.265191 0.401878 0.0427031 0.0850815 0.263149
0 0.509207 0.274399 0.0704744 0.193888 0.258087
