0 0.38693 0.793494 0.103791 0.1944 0.834913
0 0.284259 0.682271 0.0868834 0.192454 0.833714
0 0.114272 0.764049 0.0747942 0.2011 0.831192
0 0.565282 0.708257 0.0777967 0.197222 0.822317
0 0.926968 0.500452 0.0429379 0.171627 0.811857
0 0.91427 0.887325 0.0429081 0.188325 0.72015
0 0.539672 0.489329 0.0481676 0.156707 0.713224
0 0.181339 0.903705 0.0470054 0.167263 0.684652
0 0.50398 0.927461 0.0513012 0.145078 0.678398
0 0.708406 0.955931 0.0489037 0.0881387 0.582634
0 0.613414 0.956029 0.0453997 0.0874513 0.561597
0 0.664666 0.957418 0.0423382 0.0851634 0.556869
0 0.26479 0.556759 0.0468062 0.108133 0.548617
0 0.841965 0.885622 0.0414644 0.205551 0.515898
0 0.339184 0.406727 0.0407062 0.128543 0.512412
0 0.835409 0.567529 0.0363991 0.125678 0.436641
0 0.0831121 0.361406 0.0261541 0.116939 0.343427
0 0.9774 0.825178 0.0398052 0.138456 0.340715
0 0.828507 0.960511 0.0493904 0.0769826 0.309599
0 0.38693 0.793494 0.103791 0.1944 0.834913
0 0.284259 0.682271 0.0868834 0.192454 0.833714
0 0.114272 0.764049 0.0747942 0.2011 0.831192
0 0.565282 0.708257 0.0777967 0.197222 0.822317
0 0.926968 0.500452 0.0429379 0.171627 0.811857
0 0.91427 0.887325 0.0429081 0.188325 0.72015
0 0.539672 0.489329 0.0481676 0.156707 0.713224
0 0.181339 0.903705 0.0470054 0.167263 0.684652
0 0.50398 0.927461 0.0513012 0.145078 0.678398
0 0.708406 0.955931 0.0489037 0.0881387 0.582634
0 0.613414 0.956029 0.0453997 0.0874513 0.561597
0 0.664666 0.957418 0.0423382 0.0851634 0.556869
0 0.26479 0.556759 0.0468062 0.108133 0.548617
0 0.841965 0.885622 0.0414644 0.205551 0.515898
0 0.339184 0.406727 0.0407062 0.128543 0.512412
0 0.835409 0.567529 0.0363991 0.125678 0.436641
0 0.0831121 0.361406 0.0261541 0.116939 0.343427
0 0.9774 0.825178 0.0398052 0.138456 0.340715
0 0.828507 0.960511 0.0493904 0.0769826 0.309599
