0 0.278414 0.662749 0.0388167 0.183527 0.815755
0 0.898143 0.940036 0.0648645 0.119927 0.724643
0 0.57424 0.613864 0.0366077 0.137355 0.700118
0 0.656495 0.517796 0.0466663 0.145342 0.69458
0 0.372254 0.532712 0.0622453 0.160593 0.583409
0 0.406936 0.929873 0.0498773 0.136884 0.568443
0 0.642135 0.335101 0.0315375 0.0995651 0.529291
0 0.987771 0.63087 0.0239487 0.154735 0.482226
0 0.445273 0.472674 0.0611944 0.126934 0.454964
0 0.463487 0.46943 0.0228258 0.122961 0.44875
0 0.346315 0.307449 0.0222594 0.106147 0.439738
0 0.580028 0.37041 0.0295401 0.126882 0.421526
0 0.345272 0.922468 0.0560975 0.148007 0.369895
0 0.489368 0.95116 0.0589707 0.0972032 0.337407
0 0.465587 0.860885 0.0510247 0.128877 0.328698
0 0.0853147 0.768226 0.0437787 0.114869 0.307341
0 0.451374 0.920557 0.0558907 0.151375 0.305704
0 0.110622 0.858419 0.0392627 0.0957611 0.291008
0 0.301605 0.921208 0.0498439 0.152361 0.270226
0 0.278414 0.662749 0.0388167 0.183527 0.815755
0 0.898143 0.940036 0.0648645 0.119927 0.724643
0 0.57424 0.613864 0.0366077 0.137355 0.700118
0 0.656495 0.517796 0.0466663 0.145342 0.69458
0 0.372254 0.532712 0.0622453 0.160593 0.583409
0 0.406936 0.929873 0.0498773 0.136884 0.568443
0 0.642135 0.335101 0.0315375 0.0995651 0.529291
0 0.987771 0.63087 0.0239487 0.154735 0.482226
0 0.445273 0.472674 0.0611944 0.126934 0.454964
0 0.463487 0.46943 0.0228258 0.122961 0.44875
0 0.346315 0.307449 0.0222594 0.106147 0.439738
0 0.580028 0.37041 0.0295401 0.126882 0.421526
0 0.345272 0.922468 0.0560975 0.148007 0.369895
0 0.489368 0.95116 0.0589707 0.0972032 0.337407
0 0.465587 0.860885 0.0510247 0.128877 0.328698
0 0.0853147 0.768226 0.0437787 0.114869 0.307341
0 0.451374 0.920557 0.0558907 0.151375 0.305704
0 0.110622 0.858419 0.0392627 0.0957611 0.291008
0 0.301605 0.921208 0.0498439 0.152361 0.270226
