0 0.912189 0.594788 0.0324604 0.163747 0.813853
0 0.598467 0.903675 0.0596941 0.185664 0.700862
0 0.328158 0.511778 0.0490896 0.159091 0.68345
0 0.719824 0.687847 0.049987 0.199659 0.649188
0 0.389087 0.444466 0.0304897 0.155046 0.563645
0 0.717926 0.500812 0.0417957 0.145527 0.535671
0 0.13552 0.424478 0.0332661 0.135621 0.532559
0 0.561484 0.64399 0.0610098 0.18652 0.513668
0 0.643703 0.962225 0.0413462 0.0755508 0.438244
0 0.504094 0.61669 0.0672068 0.182442 0.415854
0 0.411459 0.556608 0.0406903 0.152352 0.405626
0 0.513685 0.335632 0.030056 0.129244 0.369387
0 0.294717 0.618403 0.0362875 0.162002 0.296931
0 0.912189 0.594788 0.0324604 0.163747 0.813853
0 0.598467 0.903675 0.0596941 0.185664 0.700862
0 0.328158 0.511778 0.0490896 0.159091 0.68345
0 0.719824 0.687847 0.049987 0.199659 0.649188
0 0.389087 0.444466 0.0304897 0.155046 0.563645
0 0.717926 0.500812 0.0417957 0.145527 0.535671
0 0.13552 0.424478 0.0332661 0.135621 0.532559
0 0.561484 0.64399 0.0610098 0.18652 0.513668
0 0.643703 0.962225 0.0413462 0.0755508 0.438244
0 0.504094 0.61669 0.0672068 0.182442 0.415854
0 0.411459 0.556608 0.0406903 0.152352 0.405626
0 0.513685 0.335632 0.030056 0.129244 0.369387
0 0.294717 0.618403 0.0362875 0.162002 0.296931
