0 0.302257 0.508015 0.0461467 0.136158 0.805756
0 0.515891 0.762728 0.077427 0.204295 0.76605
0 0.563213 0.676883 0.0573647 0.168641 0.757066
0 0.7477 0.6942 0.051858 0.186077 0.74398
0 0.401605 0.580148 0.0497818 0.163788 0.655578
0 0.179592 0.584676 0.0432859 0.121351 0.6161
0 0.953308 0.605359 0.0369404 0.163324 0.595724
0 0.723327 0.493052 0.0488923 0.140876 0.569548
0 0.692381 0.961626 0.0525917 0.0763095 0.530241
0 0.149086 0.419681 0.0345766 0.126103 0.517311
0 0.625481 0.886545 0.0627855 0.183664 0.501071
0 0.403484 0.426476 0.0282825 0.131286 0.475904
0 0.535428 0.974116 0.0331724 0.0517671 0.469095
0 0.365564 0.496639 0.0357378 0.140401 0.432296
0 0.598767 0.963821 0.0347715 0.0723584 0.379232
0 0.643107 0.955908 0.0462492 0.0881832 0.375398
0 0.731762 0.954998 0.0367109 0.085927 0.292697
0 0.302257 0.508015 0.0461467 0.136158 0.805756
0 0.515891 0.762728 0.077427 0.204295 0.76605
0 0.563213 0.676883 0.0573647 0.168641 0.757066
0 0.7477 0.6942 0.051858 0.186077 0.74398
0 0.401605 0.580148 0.0497818 0.163788 0.655578
0 0.179592 0.584676 0.0432859 0.121351 0.6161
0 0.953308 0.605359 0.0369404 0.163324 0.595724
0 0.723327 0.493052 0.0488923 0.140876 0.569548
0 0.692381 0.961626 0.0525917 0.0763095 0.530241
0 0.149086 0.419681 0.0345766 0.126103 0.517311
0 0.625481 0.886545 0.0627855 0.183664 0.501071
0 0.403484 0.426476 0.0282825 0.131286 0.475904
0 0.535428 0.974116 0.0331724 0.0517671 0.469095
0 0.365564 0.496639 0.0357378 0.140401 0.432296
0 0.598767 0.963821 0.0347715 0.0723584 0.379232
0 0.643107 0.955908 0.0462492 0.0881832 0.375398
0 0.731762 0.954998 0.0367109 0.085927 0.292697
