0 0.100828 0.775981 0.0702908 0.205341 0.819299
0 0.901022 0.501106 0.0444233 0.162825 0.818846
0 0.390576 0.809908 0.0773437 0.202055 0.787533
0 0.281462 0.685899 0.0780255 0.184488 0.730831
0 0.881847 0.889026 0.0438547 0.191012 0.694015
0 0.474016 0.932422 0.0541773 0.135155 0.666172
0 0.510584 0.488774 0.0413505 0.161661 0.655464
0 0.809057 0.885124 0.0460633 0.204673 0.548058
0 0.582282 0.960201 0.0455467 0.0795987 0.519671
0 0.314173 0.403967 0.0277231 0.137314 0.506034
0 0.953218 0.828633 0.0389612 0.150758 0.4965
0 0.676745 0.959407 0.0500742 0.080928 0.492585
0 0.549 0.717084 0.0631721 0.199087 0.464067
0 0.249545 0.569006 0.0415335 0.113861 0.44828
0 0.183584 0.909856 0.0527132 0.16551 0.445944
0 0.634475 0.962871 0.0403982 0.0742572 0.428318
0 0.361847 0.359481 0.0280629 0.108166 0.370345
0 0.82207 0.555946 0.0374557 0.107608 0.360501
0 0.825142 0.683923 0.0474926 0.168063 0.341963
0 0.797617 0.964526 0.0491577 0.070949 0.308161
0 0.410643 0.339149 0.0394388 0.100983 0.287499
0 0.100828 0.775981 0.0702908 0.205341 0.819299
0 0.901022 0.501106 0.0444233 0.162825 0.818846
0 0.390576 0.809908 0.0773437 0.202055 0.787533
0 0.281462 0.685899 0.0780255 0.184488 0.730831
0 0.881847 0.889026 0.0438547 0.191012 0.694015
0 0.474016 0.932422 0.0541773 0.135155 0.666172
0 0.510584 0.488774 0.0413505 0.161661 0.655464
0 0.809057 0.885124 0.0460633 0.204673 0.548058
0 0.582282 0.960201 0.0455467 0.0795987 0.519671
0 0.314173 0.403967 0.0277231 0.137314 0.506034
0 0.953218 0.828633 0.0389612 0.150758 0.4965
0 0.676745 0.959407 0.0500742 0.080928 0.492585
0 0.549 0.717084 0.0631721 0.199087 0.464067
0 0.249545 0.569006 0.0415335 0.113861 0.44828
0 0.183584 0.909856 0.0527132 0.16551 0.445944
0 0.634475 0.962871 0.0403982 0.0742572 0.428318
0 0.361847 0.359481 0.0280629 0.108166 0.370345
0 0.82207 0.555946 0.0374557 0.107608 0.360501
0 0.825142 0.683923 0.0474926 0.168063 0.341963
0 0.797617 0.964526 0.0491577 0.070949 0.308161
0 0.410643 0.339149 0.0394388 0.100983 0.287499
