0 0.837201 0.926635 0.0616638 0.14673 0.713946
0 0.653578 0.505641 0.0458492 0.120905 0.693556
0 0.643406 0.95822 0.0488878 0.0835605 0.689471
0 0.967068 0.624794 0.0315479 0.168497 0.673632
0 0.300168 0.547422 0.0772835 0.160194 0.647259
0 0.0900663 0.788946 0.0487529 0.164629 0.616658
0 0.271691 0.68668 0.0602921 0.177651 0.549462
0 0.297351 0.926855 0.0499343 0.144584 0.533869
0 0.520078 0.400264 0.0550195 0.122454 0.447091
0 0.236941 0.920453 0.0550349 0.149797 0.41434
0 0.548767 0.351487 0.0249487 0.104758 0.341446
0 0.360552 0.852506 0.0560664 0.132843 0.340312
0 0.0300835 0.911189 0.0599838 0.170406 0.335387
0 0.574998 0.636266 0.0427837 0.159823 0.312128
0 0.339441 0.932602 0.0604061 0.130877 0.2669
0 0.837201 0.926635 0.0616638 0.14673 0.713946
0 0.653578 0.505641 0.0458492 0.120905 0.693556
0 0.643406 0.95822 0.0488878 0.0835605 0.689471
0 0.967068 0.624794 0.0315479 0.168497 0.673632
0 0.300168 0.547422 0.0772835 0.160194 0.647259
0 0.0900663 0.788946 0.0487529 0.164629 0.616658
0 0.271691 0.68668 0.0602921 0.177651 0.549462
0 0.297351 0.926855 0.0499343 0.144584 0.533869
0 0.520078 0.400264 0.0550195 0.122454 0.447091
0 0.236941 0.920453 0.0550349 0.149797 0.41434
0 0.548767 0.351487 0.0249487 0.104758 0.341446
0 0.360552 0.852506 0.0560664 0.132843 0.340312
0 0.0300835 0.911189 0.0599838 0.170406 0.335387
0 0.574998 0.636266 0.0427837 0.159823 0.312128
0 0.339441 0.932602 0.0604061 0.130877 0.2669
