0 0.599785 0.912242 0.065137 0.175516 0.702337
0 0.535124 0.628373 0.0328688 0.193636 0.689736
0 0.700763 0.694955 0.0291519 0.205162 0.668808
0 0.385086 0.439934 0.0350556 0.135139 0.632692
0 0.346343 0.528186 0.0518701 0.160648 0.585497
0 0.485577 0.653408 0.0653065 0.184632 0.534303
0 0.907666 0.608091 0.0317888 0.167587 0.52038
0 0.509894 0.341559 0.0268564 0.128837 0.459834
0 0.398113 0.607654 0.0623928 0.166001 0.397606
0 0.426955 0.59678 0.0454746 0.169496 0.377622
0 0.646024 0.972714 0.0403818 0.0545722 0.372126
0 0.717205 0.507978 0.0407906 0.137251 0.371011
0 0.726185 0.969421 0.0337769 0.0532993 0.356055
0 0.599785 0.912242 0.065137 0.175516 0.702337
0 0.535124 0.628373 0.0328688 0.193636 0.689736
0 0.700763 0.694955 0.0291519 0.205162 0.668808
0 0.385086 0.439934 0.0350556 0.135139 0.632692
0 0.346343 0.528186 0.0518701 0.160648 0.585497
0 0.485577 0.653408 0.0653065 0.184632 0.534303
0 0.907666 0.608091 0.0317888 0.167587 0.52038
0 0.509894 0.341559 0.0268564 0.128837 0.459834
0 0.398113 0.607654 0.0623928 0.166001 0.397606
0 0.426955 0.59678 0.0454746 0.169496 0.377622
0 0.646024 0.972714 0.0403818 0.0545722 0.372126
0 0.717205 0.507978 0.0407906 0.137251 0.371011
0 0.726185 0.969421 0.0337769 0.0532993 0.356055
