0 0.245104 0.470701 0.0502726 0.129332 0.771529
0 0.141252 0.415691 0.0370391 0.137253 0.754372
0 0.340764 0.562052 0.0322851 0.157077 0.711206
0 0.826151 0.738122 0.0561874 0.209403 0.691863
0 0.68816 0.664936 0.0262777 0.174417 0.665752
0 0.411958 0.412778 0.0206542 0.116757 0.59208
0 0.57426 0.81058 0.0425995 0.182181 0.575918
0 0.608818 0.84559 0.0545214 0.164614 0.547084
0 0.544572 0.628551 0.0745352 0.176094 0.524121
0 0.478763 0.574388 0.0388921 0.157567 0.499786
0 0.670055 0.465501 0.0323322 0.140128 0.48547
0 0.487903 0.322503 0.0273425 0.121694 0.477821
0 0.215729 0.603768 0.0607098 0.138281 0.408428
0 0.478449 0.966034 0.0363804 0.0664805 0.406539
0 0.449615 0.96876 0.0314295 0.0624792 0.366835
0 0.520859 0.962388 0.0400461 0.0712955 0.282195
0 0.403855 0.977376 0.0395674 0.0452477 0.26896
0 0.812028 0.553642 0.0191135 0.092392 0.250803
0 0.245104 0.470701 0.0502726 0.129332 0.771529
0 0.141252 0.415691 0.0370391 0.137253 0.754372
0 0.340764 0.562052 0.0322851 0.157077 0.711206
0 0.826151 0.738122 0.0561874 0.209403 0.691863
0 0.68816 0.664936 0.0262777 0.174417 0.665752
0 0.411958 0.412778 0.0206542 0.116757 0.59208
0 0.57426 0.81058 0.0425995 0.182181 0.575918
0 0.608818 0.84559 0.0545214 0.164614 0.547084
0 0.544572 0.628551 0.0745352 0.176094 0.524121
0 0.478763 0.574388 0.0388921 0.157567 0.499786
0 0.670055 0.465501 0.0323322 0.140128 0.48547
0 0.487903 0.322503 0.0273425 0.121694 0.477821
0 0.215729 0.603768 0.0607098 0.138281 0.408428
0 0.478449 0.966034 0.0363804 0.0664805 0.406539
0 0.449615 0.96876 0.0314295 0.0624792 0.366835
0 0.520859 0.962388 0.0400461 0.0712955 0.282195
0 0.403855 0.977376 0.0395674 0.0452477 0.26896
0 0.812028 0.553642 0.0191135 0.092392 0.250803
