0 0.71391 0.567161 0.309617 0.848681 0.891225
0 0.928188 0.695064 0.142313 0.596456 0.63667
0 0.361207 0.625169 0.145404 0.314541 0.427013
0 0.517716 0.671149 0.138905 0.226294 0.347959
0 0.884803 0.444066 0.0830109 0.223285 0.314039
0 0.240116 0.46461 0.12456 0.265391 0.309535
0 0.458015 0.469925 0.154461 0.304079 0.252128
0 0.71391 0.567161 0.309617 0.848681 0.891225
0 0.928188 0.695064 0.142313 0.596456 0.63667
0 0.361207 0.625169 0.145404 0.314541 0.427013
0 0.517716 0.671149 0.138905 0.226294 0.347959
0 0.884803 0.444066 0.0830109 0.223285 0.314039
0 0.240116 0.46461 0.12456 0.265391 0.309535
0 0.458015 0.469925 0.154461 0.304079 0.252128
