0 0.64299 0.944068 0.0596417 0.111863 0.792445
0 0.189838 0.682096 0.0712741 0.162788 0.766097
0 0.931135 0.493804 0.0282055 0.140441 0.730161
0 0.487737 0.718522 0.048744 0.19786 0.720811
0 0.0826561 0.561771 0.0330398 0.166229 0.720428
0 0.279402 0.471721 0.0607336 0.158785 0.65767
0 0.800374 0.645645 0.0539162 0.180559 0.633941
0 0.425152 0.655908 0.0517738 0.11647 0.511722
0 0.389879 0.948729 0.048477 0.102543 0.491543
0 0.442595 0.956344 0.0516846 0.086538 0.483944
0 0.357266 0.933087 0.0518137 0.133826 0.47125
0 0.594907 0.502508 0.0459528 0.151934 0.45747
0 0.526551 0.971437 0.0381778 0.0571257 0.449019
0 0.53526 0.58702 0.0639976 0.134446 0.397911
0 0.818743 0.404353 0.0218891 0.108932 0.342246
0 0.666976 0.516581 0.0238272 0.120646 0.33671
0 0.325862 0.925677 0.0447589 0.129598 0.291608
0 0.64299 0.944068 0.0596417 0.111863 0.792445
0 0.189838 0.682096 0.0712741 0.162788 0.766097
0 0.931135 0.493804 0.0282055 0.140441 0.730161
0 0.487737 0.718522 0.048744 0.19786 0.720811
0 0.0826561 0.561771 0.0330398 0.166229 0.720428
0 0.279402 0.471721 0.0607336 0.158785 0.65767
0 0.800374 0.645645 0.0539162 0.180559 0.633941
0 0.425152 0.655908 0.0517738 0.11647 0.511722
0 0.389879 0.948729 0.048477 0.102543 0.491543
0 0.442595 0.956344 0.0516846 0.086538 0.483944
0 0.357266 0.933087 0.0518137 0.133826 0.47125
0 0.594907 0.502508 0.0459528 0.151934 0.45747
0 0.526551 0.971437 0.0381778 0.0571257 0.449019
0 0.53526 0.58702 0.0639976 0.134446 0.397911
0 0.818743 0.404353 0.0218891 0.108932 0.342246
0 0.666976 0.516581 0.0238272 0.120646 0.33671
0 0.325862 0.925677 0.0447589 0.129598 0.291608
