0 0.286274 0.588622 0.211898 0.807049 0.741703
0 0.543533 0.455303 0.17565 0.585253 0.656451
0 0.837699 0.584447 0.160944 0.82759 0.63184
0 0.688022 0.424678 0.0763526 0.201714 0.437007
0 0.66299 0.550171 0.0909741 0.252989 0.416441
0 0.0348595 0.518026 0.0695901 0.200068 0.396784
0 0.727784 0.557135 0.0943785 0.23451 0.355257
0 0.152292 0.526108 0.0747663 0.175277 0.302043
0 0.430913 0.26522 0.0715723 0.171285 0.276811
0 0.286274 0.588622 0.211898 0.807049 0.741703
0 0.543533 0.455303 0.17565 0.585253 0.656451
0 0.837699 0.584447 0.160944 0.82759 0.63184
0 0.688022 0.424678 0.0763526 0.201714 0.437007
0 0.66299 0.550171 0.0909741 0.252989 0.416441
0 0.0348595 0.518026 0.0695901 0.200068 0.396784
0 0.727784 0.557135 0.0943785 0.23451 0.355257
0 0.152292 0.526108 0.0747663 0.175277 0.302043
0 0.430913 0.26522 0.0715723 0.171285 0.276811
