0 0.0516613 0.524665 0.0383154 0.139055 0.813746
0 0.40181 0.495102 0.0294645 0.127973 0.582159
0 0.23885 0.65576 0.0278337 0.187276 0.57957
0 0.74438 0.447348 0.0492868 0.137778 0.570832
0 0.391627 0.9309 0.0453172 0.138201 0.555541
0 0.352406 0.415059 0.0362255 0.174671 0.553745
0 0.460319 0.560325 0.0567294 0.155008 0.486688
0 0.339219 0.970586 0.0388851 0.0588283 0.474814
0 0.115615 0.408513 0.0219515 0.12306 0.464406
0 0.682197 0.653699 0.0315074 0.155066 0.458044
0 0.474393 0.887003 0.0432318 0.176388 0.442398
0 0.518366 0.761868 0.0366016 0.166449 0.389536
0 0.583184 0.642769 0.0711976 0.161035 0.364664
0 0.433651 0.905705 0.0408461 0.142886 0.267071
0 0.416529 0.565902 0.0465709 0.160978 0.264748
0 0.563063 0.929614 0.0682941 0.140148 0.254686
0 0.0516613 0.524665 0.0383154 0.139055 0.813746
0 0.40181 0.495102 0.0294645 0.127973 0.582159
0 0.23885 0.65576 0.0278337 0.187276 0.57957
0 0.74438 0.447348 0.0492868 0.137778 0.570832
0 0.391627 0.9309 0.0453172 0.138201 0.555541
0 0.352406 0.415059 0.0362255 0.174671 0.553745
0 0.460319 0.560325 0.0567294 0.155008 0.486688
0 0.339219 0.970586 0.0388851 0.0588283 0.474814
0 0.115615 0.408513 0.0219515 0.12306 0.464406
0 0.682197 0.653699 0.0315074 0.155066 0.458044
0 0.474393 0.887003 0.0432318 0.176388 0.442398
0 0.518366 0.761868 0.0366016 0.166449 0.389536
0 0.583184 0.642769 0.0711976 0.161035 0.364664
0 0.433651 0.905705 0.0408461 0.142886 0.267071
0 0.416529 0.565902 0.0465709 0.160978 0.264748
0 0.563063 0.929614 0.0682941 0.140148 0.254686
