0 0.845771 0.49559 0.0670292 0.170773 0.826108
0 0.405702 0.818228 0.0934701 0.177629 0.801239
0 0.26864 0.725377 0.0860685 0.19147 0.744156
0 0.783265 0.901027 0.0432803 0.188784 0.730926
0 0.0589777 0.805757 0.0495024 0.228681 0.712731
0 0.195915 0.922055 0.0489668 0.155889 0.711502
0 0.715729 0.898554 0.0449173 0.202893 0.687963
0 0.446972 0.452769 0.0344399 0.158112 0.669632
0 0.968675 0.930975 0.0595726 0.130978 0.473496
0 0.383392 0.952381 0.0440626 0.0952371 0.472073
0 0.762992 0.653129 0.040159 0.135403 0.458651
0 0.579166 0.973368 0.0366694 0.0532644 0.447602
0 0.206495 0.644435 0.0435673 0.196084 0.426084
0 0.507187 0.692686 0.0660919 0.140673 0.421616
0 0.311567 0.375514 0.0304456 0.117047 0.421142
0 0.770227 0.574161 0.0425142 0.136128 0.389848
0 0.87554 0.828686 0.0337126 0.15214 0.357252
0 0.831685 0.941538 0.0554997 0.114318 0.341488
0 0.252018 0.397794 0.0321174 0.11446 0.319251
0 0.357747 0.353785 0.0375233 0.162439 0.302894
0 0.845771 0.49559 0.0670292 0.170773 0.826108
0 0.405702 0.818228 0.0934701 0.177629 0.801239
0 0.26864 0.725377 0.0860685 0.19147 0.744156
0 0.783265 0.901027 0.0432803 0.188784 0.730926
0 0.0589777 0.805757 0.0495024 0.228681 0.712731
0 0.195915 0.922055 0.0489668 0.155889 0.711502
0 0.715729 0.898554 0.0449173 0.202893 0.687963
0 0.446972 0.452769 0.0344399 0.158112 0.669632
0 0.968675 0.930975 0.0595726 0.130978 0.473496
0 0.383392 0.952381 0.0440626 0.0952371 0.472073
0 0.762992 0.653129 0.040159 0.135403 0.458651
0 0.579166 0.973368 0.0366694 0.0532644 0.447602
0 0.206495 0.644435 0.0435673 0.196084 0.426084
0 0.507187 0.692686 0.0660919 0.140673 0.421616
0 0.311567 0.375514 0.0304456 0.117047 0.421142
0 0.770227 0.574161 0.0425142 0.136128 0.389848
0 0.87554 0.828686 0.0337126 0.15214 0.357252
0 0.831685 0.941538 0.0554997 0.114318 0.341488
0 0.252018 0.397794 0.0321174 0.11446 0.319251
0 0.357747 0.353785 0.0375233 0.162439 0.302894
