0 0.425525 0.585451 0.205224 0.808359 0.886809
0 0.678816 0.57871 0.176461 0.826171 0.880355
0 0.0703271 0.612259 0.140654 0.766054 0.820686
0 0.946753 0.472151 0.10601 0.614833 0.458404
0 0.863351 0.550877 0.0917446 0.233561 0.42461
0 0.823247 0.418334 0.0756245 0.206216 0.392862
0 0.210518 0.293592 0.0965125 0.212095 0.332785
0 0.794983 0.543078 0.0922766 0.258321 0.322542
0 0.63541 0.292349 0.0815089 0.201461 0.257531
0 0.213248 0.405519 0.0725051 0.224547 0.25652
0 0.291703 0.518665 0.0762619 0.173657 0.252949
0 0.425525 0.585451 0.205224 0.808359 0.886809
0 0.678816 0.57871 0.176461 0.826171 0.880355
0 0.0703271 0.612259 0.140654 0.766054 0.820686
0 0.946753 0.472151 0.10601 0.614833 0.458404
0 0.863351 0.550877 0.0917446 0.233561 0.42461
0 0.823247 0.418334 0.0756245 0.206216 0.392862
0 0.210518 0.293592 0.0965125 0.212095 0.332785
0 0.794983 0.543078 0.0922766 0.258321 0.322542
0 0.63541 0.292349 0.0815089 0.201461 0.257531
0 0.213248 0.405519 0.0725051 0.224547 0.25652
0 0.291703 0.518665 0.0762619 0.173657 0.252949
