0 0.771972 0.522795 0.0553792 0.167332 0.81025
0 0.701591 0.678067 0.0435041 0.201134 0.802517
0 0.314501 0.699206 0.0584817 0.187517 0.783551
0 0.601539 0.747366 0.058367 0.193555 0.774552
0 0.555017 0.626108 0.0381754 0.196102 0.757064
0 0.729424 0.48683 0.0496208 0.15767 0.612351
0 0.856763 0.459193 0.0291187 0.154883 0.463998
0 0.587529 0.642039 0.0449057 0.123927 0.385025
0 0.0292632 0.969384 0.0544668 0.0612311 0.360001
0 0.771972 0.522795 0.0553792 0.167332 0.81025
0 0.701591 0.678067 0.0435041 0.201134 0.802517
0 0.314501 0.699206 0.0584817 0.187517 0.783551
0 0.601539 0.747366 0.058367 0.193555 0.774552
0 0.555017 0.626108 0.0381754 0.196102 0.757064
0 0.729424 0.48683 0.0496208 0.15767 0.612351
0 0.856763 0.459193 0.0291187 0.154883 0.463998
0 0.587529 0.642039 0.0449057 0.123927 0.385025
0 0.0292632 0.969384 0.0544668 0.0612311 0.360001
