0 0.201784 0.577076 0.179575 0.83372 0.845527
0 0.501002 0.581977 0.159638 0.81957 0.733784
0 0.779627 0.517346 0.167127 0.452144 0.594587
0 0.404162 0.540336 0.0784517 0.290638 0.368675
0 0.972528 0.517358 0.0544382 0.45663 0.354864
0 0.656807 0.565274 0.103549 0.223513 0.294831
0 0.358014 0.42765 0.0792231 0.207589 0.268074
0 0.201784 0.577076 0.179575 0.83372 0.845527
0 0.501002 0.581977 0.159638 0.81957 0.733784
0 0.779627 0.517346 0.167127 0.452144 0.594587
0 0.404162 0.540336 0.0784517 0.290638 0.368675
0 0.972528 0.517358 0.0544382 0.45663 0.354864
0 0.656807 0.565274 0.103549 0.223513 0.294831
0 0.358014 0.42765 0.0792231 0.207589 0.268074
