0 0.972314 0.625843 0.0545734 0.179117 0.7557
0 0.868518 0.927688 0.0604996 0.144624 0.725616
0 0.433569 0.475805 0.03566 0.1354 0.703169
0 0.68986 0.963697 0.048704 0.0724182 0.65824
0 0.669423 0.509037 0.051891 0.137723 0.653138
0 0.0861204 0.773286 0.0534676 0.151896 0.637485
0 0.571379 0.622446 0.0392658 0.135659 0.620961
0 0.342187 0.927979 0.0497141 0.144042 0.604219
0 0.321171 0.540082 0.0658491 0.163194 0.537214
0 0.26812 0.682861 0.0526433 0.174314 0.465453
0 0.0159431 0.854198 0.0315093 0.106325 0.42786
0 0.279471 0.920736 0.0585958 0.152341 0.379382
0 0.39923 0.852191 0.0462396 0.129062 0.376505
0 0.399826 0.93428 0.0851707 0.13078 0.322634
0 0.0399064 0.863368 0.0357383 0.0890944 0.319048
0 0.167946 0.8988 0.0382367 0.132774 0.317127
0 0.534586 0.408754 0.0377682 0.116476 0.282859
0 0.0152349 0.951428 0.0304682 0.0886944 0.268786
0 0.425351 0.945182 0.0587128 0.109336 0.26483
0 0.972314 0.625843 0.0545734 0.179117 0.7557
0 0.868518 0.927688 0.0604996 0.144624 0.725616
0 0.433569 0.475805 0.03566 0.1354 0.703169
0 0.68986 0.963697 0.048704 0.0724182 0.65824
0 0.669423 0.509037 0.051891 0.137723 0.653138
0 0.0861204 0.773286 0.0534676 0.151896 0.637485
0 0.571379 0.622446 0.0392658 0.135659 0.620961
0 0.342187 0.927979 0.0497141 0.144042 0.604219
0 0.321171 0.540082 0.0658491 0.163194 0.537214
0 0.26812 0.682861 0.0526433 0.174314 0.465453
0 0.0159431 0.854198 0.0315093 0.106325 0.42786
0 0.279471 0.920736 0.0585958 0.152341 0.379382
0 0.39923 0.852191 0.0462396 0.129062 0.376505
0 0.399826 0.93428 0.0851707 0.13078 0.322634
0 0.0399064 0.863368 0.0357383 0.0890944 0.319048
0 0.167946 0.8988 0.0382367 0.132774 0.317127
0 0.534586 0.408754 0.0377682 0.116476 0.282859
0 0.0152349 0.951428 0.0304682 0.0886944 0.268786
0 0.425351 0.945182 0.0587128 0.109336 0.26483
