0 0.383839 0.677557 0.0633556 0.174981 0.816968
0 0.559309 0.610678 0.0546415 0.17084 0.816475
0 0.920267 0.968046 0.0438894 0.0639074 0.63478
0 0.599247 0.49835 0.0365967 0.140886 0.61215
0 0.531428 0.561074 0.0432595 0.169016 0.578928
0 0.438532 0.954813 0.0479503 0.0903739 0.523102
0 0.399079 0.94875 0.0422606 0.102499 0.508325
0 0.289703 0.469954 0.0531259 0.150007 0.477562
0 0.979352 0.759122 0.0404369 0.098066 0.459864
0 0.165718 0.783728 0.0448686 0.187897 0.459128
0 0.527689 0.972731 0.0358403 0.0545386 0.369557
0 0.329531 0.930725 0.0489033 0.132298 0.364285
0 0.36678 0.934884 0.0522593 0.129079 0.349922
0 0.725189 0.569214 0.0557094 0.116286 0.340103
0 0.680735 0.525571 0.0614817 0.190794 0.330285
0 0.432618 0.352364 0.0303346 0.12277 0.314648
0 0.383839 0.677557 0.0633556 0.174981 0.816968
0 0.559309 0.610678 0.0546415 0.17084 0.816475
0 0.920267 0.968046 0.0438894 0.0639074 0.63478
0 0.599247 0.49835 0.0365967 0.140886 0.61215
0 0.531428 0.561074 0.0432595 0.169016 0.578928
0 0.438532 0.954813 0.0479503 0.0903739 0.523102
0 0.399079 0.94875 0.0422606 0.102499 0.508325
0 0.289703 0.469954 0.0531259 0.150007 0.477562
0 0.979352 0.759122 0.0404369 0.098066 0.459864
0 0.165718 0.783728 0.0448686 0.187897 0.459128
0 0.527689 0.972731 0.0358403 0.0545386 0.369557
0 0.329531 0.930725 0.0489033 0.132298 0.364285
0 0.36678 0.934884 0.0522593 0.129079 0.349922
0 0.725189 0.569214 0.0557094 0.116286 0.340103
0 0.680735 0.525571 0.0614817 0.190794 0.330285
0 0.432618 0.352364 0.0303346 0.12277 0.314648
