0 0.375782 0.716094 0.0655426 0.179169 0.7044
0 0.572481 0.878965 0.0515856 0.183954 0.6819
0 0.34807 0.84578 0.0853324 0.164452 0.677958
0 0.301764 0.473328 0.0424079 0.194655 0.651366
0 0.609245 0.49627 0.0323477 0.143272 0.637643
0 0.624299 0.680608 0.0480288 0.187519 0.622729
0 0.26262 0.58229 0.0474597 0.178491 0.56808
0 0.218607 0.465084 0.0408271 0.128385 0.510778
0 0.851197 0.752991 0.0498013 0.168292 0.507322
0 0.416068 0.625136 0.033844 0.172623 0.447982
0 0.476077 0.970346 0.0345579 0.059308 0.412247
0 0.233922 0.583616 0.044254 0.175609 0.38054
0 0.401482 0.643523 0.0548416 0.166574 0.376225
0 0.513335 0.960745 0.0396139 0.078511 0.337341
0 0.551535 0.959362 0.0415708 0.0812756 0.305025
0 0.812069 0.575137 0.02141 0.136144 0.299595
0 0.418945 0.336725 0.0267966 0.130639 0.259173
0 0.606891 0.943021 0.0650496 0.113958 0.25536
0 0.375782 0.716094 0.0655426 0.179169 0.7044
0 0.572481 0.878965 0.0515856 0.183954 0.6819
0 0.34807 0.84578 0.0853324 0.164452 0.677958
0 0.301764 0.473328 0.0424079 0.194655 0.651366
0 0.609245 0.49627 0.0323477 0.143272 0.637643
0 0.624299 0.680608 0.0480288 0.187519 0.622729
0 0.26262 0.58229 0.0474597 0.178491 0.56808
0 0.218607 0.465084 0.0408271 0.128385 0.510778
0 0.851197 0.752991 0.0498013 0.168292 0.507322
0 0.416068 0.625136 0.033844 0.172623 0.447982
0 0.476077 0.970346 0.0345579 0.059308 0.412247
0 0.233922 0.583616 0.044254 0.175609 0.38054
0 0.401482 0.643523 0.0548416 0.166574 0.376225
0 0.513335 0.960745 0.0396139 0.078511 0.337341
0 0.551535 0.959362 0.0415708 0.0812756 0.305025
0 0.812069 0.575137 0.02141 0.136144 0.299595
0 0.418945 0.336725 0.0267966 0.130639 0.259173
0 0.606891 0.943021 0.0650496 0.113958 0.25536
