0 0.736686 0.586201 0.050569 0.180231 0.828618
0 0.395907 0.541591 0.0442156 0.184216 0.761307
0 0.360883 0.740516 0.0431813 0.194756 0.720834
0 0.685833 0.502692 0.0520872 0.174776 0.684937
0 0.193837 0.645529 0.0293239 0.172021 0.626743
0 0.538118 0.972382 0.0362246 0.0552358 0.616513
0 0.641175 0.632709 0.0382117 0.177122 0.575089
32 0.904036 0.468538 0.0232906 0.0405228 0.530278
0 0.538438 0.63398 0.0433364 0.18194 0.526496
0 0.9065 0.629729 0.0544327 0.184613 0.471829
0 0.632057 0.445901 0.0299976 0.121563 0.422167
0 0.58649 0.577266 0.0619541 0.14873 0.390112
0 0.152543 0.975073 0.0333093 0.0498537 0.326954
0 0.0465163 0.955694 0.039667 0.0840561 0.307474
30 0.643067 0.709452 0.0344952 0.0428433 0.264773
0 0.736686 0.586201 0.050569 0.180231 0.828618
0 0.395907 0.541591 0.0442156 0.184216 0.761307
0 0.360883 0.740516 0.0431813 0.194756 0.720834
0 0.685833 0.502692 0.0520872 0.174776 0.684937
0 0.193837 0.645529 0.0293239 0.172021 0.626743
0 0.538118 0.972382 0.0362246 0.0552358 0.616513
0 0.641175 0.632709 0.0382117 0.177122 0.575089
32 0.904036 0.468538 0.0232906 0.0405228 0.530278
0 0.538438 0.63398 0.0433364 0.18194 0.526496
0 0.9065 0.629729 0.0544327 0.184613 0.471829
0 0.632057 0.445901 0.0299976 0.121563 0.422167
0 0.58649 0.577266 0.0619541 0.14873 0.390112
0 0.152543 0.975073 0.0333093 0.0498537 0.326954
0 0.0465163 0.955694 0.039667 0.0840561 0.307474
30 0.643067 0.709452 0.0344952 0.0428433 0.264773
