0 0.336859 0.734408 0.0543876 0.199226 0.819226
0 0.351578 0.530765 0.0396546 0.168489 0.818781
0 0.856416 0.595278 0.0312206 0.139577 0.756577
0 0.646062 0.662523 0.0664866 0.192729 0.71433
0 0.53023 0.966594 0.0381584 0.0668129 0.67549
0 0.678855 0.49271 0.0564919 0.180269 0.638052
0 0.567375 0.666639 0.0665186 0.198162 0.626725
0 0.174586 0.623134 0.0406 0.155827 0.584096
0 0.280018 0.973215 0.0278822 0.0535709 0.534502
0 0.639083 0.455911 0.0284939 0.14512 0.477231
0 0.727403 0.614667 0.0620047 0.20015 0.461633
0 0.154094 0.968219 0.0415432 0.0635623 0.459165
0 0.883261 0.471176 0.0328663 0.114903 0.369183
0 0.336859 0.734408 0.0543876 0.199226 0.819226
0 0.351578 0.530765 0.0396546 0.168489 0.818781
0 0.856416 0.595278 0.0312206 0.139577 0.756577
0 0.646062 0.662523 0.0664866 0.192729 0.71433
0 0.53023 0.966594 0.0381584 0.0668129 0.67549
0 0.678855 0.49271 0.0564919 0.180269 0.638052
0 0.567375 0.666639 0.0665186 0.198162 0.626725
0 0.174586 0.623134 0.0406 0.155827 0.584096
0 0.280018 0.973215 0.0278822 0.0535709 0.534502
0 0.639083 0.455911 0.0284939 0.14512 0.477231
0 0.727403 0.614667 0.0620047 0.20015 0.461633
0 0.154094 0.968219 0.0415432 0.0635623 0.459165
0 0.883261 0.471176 0.0328663 0.114903 0.369183
