0 0.658134 0.630083 0.0437751 0.197119 0.77635
0 0.549998 0.625842 0.0364683 0.196461 0.753453
0 0.821694 0.637856 0.0616056 0.175159 0.734253
0 0.414888 0.544241 0.0573871 0.17611 0.732431
0 0.354668 0.897854 0.0455796 0.181052 0.677687
0 0.238689 0.643889 0.0582757 0.235873 0.658173
0 0.430543 0.749117 0.0715161 0.201892 0.648148
32 0.227408 0.561337 0.0191169 0.0464537 0.435742
0 0.0391233 0.958955 0.04464 0.0723857 0.379142
32 0.926744 0.470921 0.0250469 0.0405475 0.346663
0 0.0146433 0.963918 0.0290913 0.0710317 0.269803
0 0.705846 0.50371 0.0364 0.175512 0.266981
0 0.0383575 0.504283 0.0381125 0.0716596 0.251746
0 0.658134 0.630083 0.0437751 0.197119 0.77635
0 0.549998 0.625842 0.0364683 0.196461 0.753453
0 0.821694 0.637856 0.0616056 0.175159 0.734253
0 0.414888 0.544241 0.0573871 0.17611 0.732431
0 0.354668 0.897854 0.0455796 0.181052 0.677687
0 0.238689 0.643889 0.0582757 0.235873 0.658173
0 0.430543 0.749117 0.0715161 0.201892 0.648148
32 0.227408 0.561337 0.0191169 0.0464537 0.435742
0 0.0391233 0.958955 0.04464 0.0723857 0.379142
32 0.926744 0.470921 0.0250469 0.0405475 0.346663
0 0.0146433 0.963918 0.0290913 0.0710317 0.269803
0 0.705846 0.50371 0.0364 0.175512 0.266981
0 0.0383575 0.504283 0.0381125 0.0716596 0.251746
