0 0.94921 0.487141 0.0370253 0.139961 0.816478
0 0.636068 0.936529 0.0618784 0.126941 0.74822
0 0.454285 0.684637 0.0685169 0.177792 0.747418
0 0.509231 0.823627 0.0579866 0.206845 0.697765
0 0.0781832 0.547962 0.03666 0.172965 0.679968
0 0.770322 0.636156 0.0483568 0.164421 0.633088
0 0.273827 0.449644 0.0551517 0.170378 0.612666
0 0.64129 0.402776 0.0313534 0.142446 0.510867
0 0.435419 0.950011 0.0532557 0.0999783 0.475839
0 0.812865 0.390621 0.0238171 0.132703 0.455004
0 0.518953 0.960243 0.0420525 0.0795131 0.408488
0 0.205556 0.665397 0.0419085 0.161006 0.369856
0 0.602898 0.483613 0.0550759 0.186101 0.345203
0 0.519304 0.582182 0.0732328 0.141602 0.296959
0 0.385593 0.941206 0.0497759 0.115899 0.290268
0 0.558373 0.541655 0.0513355 0.204917 0.261337
0 0.94921 0.487141 0.0370253 0.139961 0.816478
0 0.636068 0.936529 0.0618784 0.126941 0.74822
0 0.454285 0.684637 0.0685169 0.177792 0.747418
0 0.509231 0.823627 0.0579866 0.206845 0.697765
0 0.0781832 0.547962 0.03666 0.172965 0.679968
0 0.770322 0.636156 0.0483568 0.164421 0.633088
0 0.273827 0.449644 0.0551517 0.170378 0.612666
0 0.64129 0.402776 0.0313534 0.142446 0.510867
0 0.435419 0.950011 0.0532557 0.0999783 0.475839
0 0.812865 0.390621 0.0238171 0.132703 0.455004
0 0.518953 0.960243 0.0420525 0.0795131 0.408488
0 0.205556 0.665397 0.0419085 0.161006 0.369856
0 0.602898 0.483613 0.0550759 0.186101 0.345203
0 0.519304 0.582182 0.0732328 0.141602 0.296959
0 0.385593 0.941206 0.0497759 0.115899 0.290268
0 0.558373 0.541655 0.0513355 0.204917 0.261337
