0 0.9293 0.5231 0.0441483 0.147984 0.710703
0 0.332255 0.691429 0.0529149 0.207852 0.696305
0 0.659249 0.96537 0.0471577 0.0692609 0.671797
0 0.610931 0.546178 0.06074 0.17247 0.606549
0 0.510896 0.592615 0.0362911 0.169736 0.60622
0 0.744784 0.536652 0.0403934 0.119341 0.546496
0 0.0920404 0.587326 0.0273015 0.167331 0.479936
0 0.30667 0.481202 0.0392172 0.171938 0.467873
0 0.652104 0.493013 0.0329812 0.138122 0.415388
0 0.330866 0.949176 0.0476258 0.101648 0.391318
0 0.368191 0.950203 0.0472049 0.0995948 0.360107
0 0.400924 0.969258 0.0369624 0.0614831 0.336861
0 0.543674 0.597459 0.0553223 0.142287 0.333514
0 0.631437 0.457616 0.0435949 0.189612 0.33275
0 0.564983 0.587111 0.0300801 0.159338 0.306133
0 0.256808 0.922409 0.0417466 0.114022 0.260289
0 0.9293 0.5231 0.0441483 0.147984 0.710703
0 0.332255 0.691429 0.0529149 0.207852 0.696305
0 0.659249 0.96537 0.0471577 0.0692609 0.671797
0 0.610931 0.546178 0.06074 0.17247 0.606549
0 0.510896 0.592615 0.0362911 0.169736 0.60622
0 0.744784 0.536652 0.0403934 0.119341 0.546496
0 0.0920404 0.587326 0.0273015 0.167331 0.479936
0 0.30667 0.481202 0.0392172 0.171938 0.467873
0 0.652104 0.493013 0.0329812 0.138122 0.415388
0 0.330866 0.949176 0.0476258 0.101648 0.391318
0 0.368191 0.950203 0.0472049 0.0995948 0.360107
0 0.400924 0.969258 0.0369624 0.0614831 0.336861
0 0.543674 0.597459 0.0553223 0.142287 0.333514
0 0.631437 0.457616 0.0435949 0.189612 0.33275
0 0.564983 0.587111 0.0300801 0.159338 0.306133
0 0.256808 0.922409 0.0417466 0.114022 0.260289
