0 0.212121 0.594732 0.186212 0.794077 0.886712
0 0.603132 0.575018 0.193175 0.82919 0.875717
0 0.84091 0.56827 0.170675 0.849697 0.867564
0 0.0439876 0.554617 0.0879751 0.862235 0.82438
0 0.463562 0.534576 0.0869399 0.247333 0.570942
0 0.958574 0.515435 0.0811699 0.254828 0.454598
0 0.332387 0.526344 0.096224 0.267138 0.432694
0 0.1744 0.295081 0.0822247 0.241913 0.41793
0 0.459801 0.401496 0.0879047 0.186443 0.398919
0 0.379671 0.265062 0.0935408 0.189344 0.333052
0 0.381617 0.382908 0.0704594 0.216127 0.324002
0 0.975801 0.389177 0.0475033 0.211671 0.304688
0 0.313865 0.364479 0.0852848 0.180397 0.267891
0 0.212121 0.594732 0.186212 0.794077 0.886712
0 0.603132 0.575018 0.193175 0.82919 0.875717
0 0.84091 0.56827 0.170675 0.849697 0.867564
0 0.0439876 0.554617 0.0879751 0.862235 0.82438
0 0.463562 0.534576 0.0869399 0.247333 0.570942
0 0.958574 0.515435 0.0811699 0.254828 0.454598
0 0.332387 0.526344 0.096224 0.267138 0.432694
0 0.1744 0.295081 0.0822247 0.241913 0.41793
0 0.459801 0.401496 0.0879047 0.186443 0.398919
0 0.379671 0.265062 0.0935408 0.189344 0.333052
0 0.381617 0.382908 0.0704594 0.216127 0.324002
0 0.975801 0.389177 0.0475033 0.211671 0.304688
0 0.313865 0.364479 0.0852848 0.180397 0.267891
