0 0.867951 0.648439 0.0593132 0.174787 0.778778
0 0.29825 0.463514 0.0302625 0.150412 0.73749
0 0.340371 0.537678 0.0416581 0.167924 0.722253
0 0.543879 0.660267 0.0320128 0.210365 0.716885
0 0.595971 0.932043 0.0535623 0.133695 0.705034
0 0.620287 0.729642 0.0536244 0.193215 0.690888
0 0.709078 0.510076 0.0660255 0.125089 0.637929
0 0.469063 0.618805 0.0258671 0.196414 0.595395
0 0.539804 0.919881 0.0900927 0.154975 0.560492
0 0.0410068 0.574269 0.056232 0.131613 0.463326
0 0.268721 0.615995 0.0494319 0.126428 0.425936
0 0.505524 0.669212 0.0408439 0.193759 0.342235
0 0.246188 0.855774 0.0533393 0.222241 0.2932
0 0.867951 0.648439 0.0593132 0.174787 0.778778
0 0.29825 0.463514 0.0302625 0.150412 0.73749
0 0.340371 0.537678 0.0416581 0.167924 0.722253
0 0.543879 0.660267 0.0320128 0.210365 0.716885
0 0.595971 0.932043 0.0535623 0.133695 0.705034
0 0.620287 0.729642 0.0536244 0.193215 0.690888
0 0.709078 0.510076 0.0660255 0.125089 0.637929
0 0.469063 0.618805 0.0258671 0.196414 0.595395
0 0.539804 0.919881 0.0900927 0.154975 0.560492
0 0.0410068 0.574269 0.056232 0.131613 0.463326
0 0.268721 0.615995 0.0494319 0.126428 0.425936
0 0.505524 0.669212 0.0408439 0.193759 0.342235
0 0.246188 0.855774 0.0533393 0.222241 0.2932
