0 0.16457 0.578989 0.184802 0.835809 0.862924
0 0.466087 0.581265 0.160831 0.825253 0.769289
0 0.745825 0.643211 0.15855 0.705906 0.755375
0 0.953544 0.571855 0.0923496 0.814377 0.484495
0 0.365547 0.523604 0.0748439 0.328962 0.409353
0 0.323488 0.435163 0.0766202 0.221699 0.356251
0 0.0361435 0.584508 0.0721794 0.232319 0.29151
0 0.16457 0.578989 0.184802 0.835809 0.862924
0 0.466087 0.581265 0.160831 0.825253 0.769289
0 0.745825 0.643211 0.15855 0.705906 0.755375
0 0.953544 0.571855 0.0923496 0.814377 0.484495
0 0.365547 0.523604 0.0748439 0.328962 0.409353
0 0.323488 0.435163 0.0766202 0.221699 0.356251
0 0.0361435 0.584508 0.0721794 0.232319 0.29151
