0 0.434037 0.724176 0.0655549 0.2 0.852752
0 0.52883 0.601246 0.0446663 0.202927 0.753847
0 0.261722 0.949719 0.0479317 0.099765 0.74422
0 0.972087 0.553756 0.0522493 0.166846 0.710717
0 0.648291 0.521996 0.0412338 0.220901 0.644958
0 0.726303 0.445718 0.0495634 0.135261 0.60483
0 0.684888 0.549273 0.0327766 0.172492 0.564855
0 0.297079 0.959151 0.0422186 0.0816985 0.560482
0 0.614251 0.489171 0.0407091 0.184411 0.509644
0 0.343206 0.966223 0.0377172 0.0675537 0.464602
0 0.385476 0.968654 0.038158 0.062148 0.437294
0 0.128324 0.623569 0.0469926 0.154862 0.425873
0 0.568098 0.646345 0.0565188 0.132331 0.393757
0 0.325101 0.498487 0.0387572 0.166986 0.355369
0 0.434037 0.724176 0.0655549 0.2 0.852752
0 0.52883 0.601246 0.0446663 0.202927 0.753847
0 0.261722 0.949719 0.0479317 0.099765 0.74422
0 0.972087 0.553756 0.0522493 0.166846 0.710717
0 0.648291 0.521996 0.0412338 0.220901 0.644958
0 0.726303 0.445718 0.0495634 0.135261 0.60483
0 0.684888 0.549273 0.0327766 0.172492 0.564855
0 0.297079 0.959151 0.0422186 0.0816985 0.560482
0 0.614251 0.489171 0.0407091 0.184411 0.509644
0 0.343206 0.966223 0.0377172 0.0675537 0.464602
0 0.385476 0.968654 0.038158 0.062148 0.437294
0 0.128324 0.623569 0.0469926 0.154862 0.425873
0 0.568098 0.646345 0.0565188 0.132331 0.393757
0 0.325101 0.498487 0.0387572 0.166986 0.355369
