0 0.789892 0.916954 0.0517216 0.165749 0.787688
0 0.535654 0.351107 0.0377861 0.130436 0.730032
0 0.649564 0.513006 0.0507103 0.124034 0.722702
0 0.385895 0.517709 0.0405464 0.168869 0.685888
0 0.566995 0.957444 0.0530737 0.0851124 0.676421
0 0.496918 0.398987 0.0500313 0.126169 0.632528
0 0.95396 0.619034 0.046772 0.179174 0.611602
0 0.237565 0.615642 0.0431104 0.15698 0.607027
0 0.303949 0.557104 0.0521488 0.130687 0.591308
0 0.15207 0.93099 0.0581999 0.137902 0.589981
0 0.577805 0.6526 0.0358427 0.136484 0.584205
0 0.214642 0.931949 0.0510223 0.130882 0.577166
0 0.97924 0.897733 0.0410049 0.195854 0.51396
0 0.0274201 0.926337 0.0438992 0.135603 0.506049
0 0.0997416 0.815903 0.0429527 0.161418 0.427836
0 0.292215 0.712676 0.0683963 0.150499 0.377705
0 0.0665281 0.924467 0.0404181 0.118323 0.291823
0 0.302958 0.944916 0.0606274 0.109173 0.281648
0 0.276733 0.915192 0.0767243 0.165776 0.271105
0 0.789892 0.916954 0.0517216 0.165749 0.787688
0 0.535654 0.351107 0.0377861 0.130436 0.730032
0 0.649564 0.513006 0.0507103 0.124034 0.722702
0 0.385895 0.517709 0.0405464 0.168869 0.685888
0 0.566995 0.957444 0.0530737 0.0851124 0.676421
0 0.496918 0.398987 0.0500313 0.126169 0.632528
0 0.95396 0.619034 0.046772 0.179174 0.611602
0 0.237565 0.615642 0.0431104 0.15698 0.607027
0 0.303949 0.557104 0.0521488 0.130687 0.591308
0 0.15207 0.93099 0.0581999 0.137902 0.589981
0 0.577805 0.6526 0.0358427 0.136484 0.584205
0 0.214642 0.931949 0.0510223 0.130882 0.577166
0 0.97924 0.897733 0.0410049 0.195854 0.51396
0 0.0274201 0.926337 0.0438992 0.135603 0.506049
0 0.0997416 0.815903 0.0429527 0.161418 0.427836
0 0.292215 0.712676 0.0683963 0.150499 0.377705
0 0.0665281 0.924467 0.0404181 0.118323 0.291823
0 0.302958 0.944916 0.0606274 0.109173 0.281648
0 0.276733 0.915192 0.0767243 0.165776 0.271105
