0 0.455264 0.640729 0.0352455 0.189727 0.807609
0 0.96613 0.521234 0.0226936 0.141154 0.772788
0 0.878067 0.741447 0.0487892 0.204869 0.758281
0 0.637844 0.933869 0.0563604 0.131793 0.716524
0 0.619025 0.730046 0.0456282 0.182522 0.714925
0 0.240029 0.646145 0.0455801 0.200058 0.695139
0 0.78996 0.397096 0.0321192 0.130889 0.679127
0 0.695612 0.435483 0.0283627 0.141626 0.640299
0 0.293801 0.428931 0.0252688 0.163881 0.594472
0 0.0666248 0.533005 0.0252877 0.165049 0.570676
0 0.422948 0.946243 0.0515207 0.107191 0.51705
0 0.502066 0.957567 0.0385612 0.0848657 0.452662
0 0.563967 0.975785 0.0301533 0.0476078 0.421429
0 0.596027 0.53404 0.0385237 0.125305 0.376667
0 0.52922 0.966879 0.0352636 0.0660897 0.346956
0 0.555358 0.445854 0.0243492 0.140631 0.326102
0 0.235937 0.863331 0.0395973 0.108181 0.30263
0 0.372895 0.937866 0.0494561 0.124243 0.28463
30 0.886916 0.841642 0.0269554 0.0230086 0.284167
0 0.265834 0.875729 0.0401687 0.0994785 0.256131
0 0.455264 0.640729 0.0352455 0.189727 0.807609
0 0.96613 0.521234 0.0226936 0.141154 0.772788
0 0.878067 0.741447 0.0487892 0.204869 0.758281
0 0.637844 0.933869 0.0563604 0.131793 0.716524
0 0.619025 0.730046 0.0456282 0.182522 0.714925
0 0.240029 0.646145 0.0455801 0.200058 0.695139
0 0.78996 0.397096 0.0321192 0.130889 0.679127
0 0.695612 0.435483 0.0283627 0.141626 0.640299
0 0.293801 0.428931 0.0252688 0.163881 0.594472
0 0.0666248 0.533005 0.0252877 0.165049 0.570676
0 0.422948 0.946243 0.0515207 0.107191 0.51705
0 0.502066 0.957567 0.0385612 0.0848657 0.452662
0 0.563967 0.975785 0.0301533 0.0476078 0.421429
0 0.596027 0.53404 0.0385237 0.125305 0.376667
0 0.52922 0.966879 0.0352636 0.0660897 0.346956
0 0.555358 0.445854 0.0243492 0.140631 0.326102
0 0.235937 0.863331 0.0395973 0.108181 0.30263
0 0.372895 0.937866 0.0494561 0.124243 0.28463
30 0.886916 0.841642 0.0269554 0.0230086 0.284167
0 0.265834 0.875729 0.0401687 0.0994785 0.256131
