0 0.932041 0.488841 0.0334673 0.141287 0.838487
0 0.232082 0.660576 0.0569911 0.203021 0.806181
0 0.0610863 0.541688 0.0367518 0.16996 0.78575
0 0.627109 0.933783 0.0684095 0.132434 0.769445
0 0.484266 0.685801 0.0446848 0.19133 0.741434
0 0.779789 0.628882 0.0437538 0.157246 0.734411
0 0.777341 0.399887 0.0298405 0.130206 0.649127
0 0.555263 0.908742 0.0566371 0.181704 0.646558
0 0.42051 0.949882 0.0543178 0.100237 0.441935
0 0.264468 0.444745 0.0412048 0.156549 0.436014
0 0.502495 0.961507 0.0381484 0.0769855 0.383459
0 0.605449 0.558524 0.0616462 0.179062 0.381355
0 0.573723 0.446082 0.0327923 0.121932 0.354754
0 0.370701 0.939735 0.0467315 0.116328 0.264158
0 0.932041 0.488841 0.0334673 0.141287 0.838487
0 0.232082 0.660576 0.0569911 0.203021 0.806181
0 0.0610863 0.541688 0.0367518 0.16996 0.78575
0 0.627109 0.933783 0.0684095 0.132434 0.769445
0 0.484266 0.685801 0.0446848 0.19133 0.741434
0 0.779789 0.628882 0.0437538 0.157246 0.734411
0 0.777341 0.399887 0.0298405 0.130206 0.649127
0 0.555263 0.908742 0.0566371 0.181704 0.646558
0 0.42051 0.949882 0.0543178 0.100237 0.441935
0 0.264468 0.444745 0.0412048 0.156549 0.436014
0 0.502495 0.961507 0.0381484 0.0769855 0.383459
0 0.605449 0.558524 0.0616462 0.179062 0.381355
0 0.573723 0.446082 0.0327923 0.121932 0.354754
0 0.370701 0.939735 0.0467315 0.116328 0.264158
