0 0.406883 0.547139 0.0627761 0.176701 0.770504
0 0.464135 0.750296 0.0419493 0.193844 0.713746
0 0.553318 0.625798 0.0388837 0.198469 0.702764
0 0.670884 0.630831 0.0470656 0.206446 0.697461
0 0.715394 0.502017 0.0452795 0.196749 0.684937
0 0.866069 0.662016 0.0527039 0.175063 0.656524
0 0.419918 0.921442 0.0807901 0.14492 0.535779
0 0.263848 0.675431 0.0403138 0.191481 0.518375
0 0.0440587 0.961633 0.0420397 0.0688395 0.390442
32 0.932075 0.472443 0.025811 0.0416344 0.323079
0 0.0380909 0.504341 0.038211 0.0740329 0.27394
0 0.406883 0.547139 0.0627761 0.176701 0.770504
0 0.464135 0.750296 0.0419493 0.193844 0.713746
0 0.553318 0.625798 0.0388837 0.198469 0.702764
0 0.670884 0.630831 0.0470656 0.206446 0.697461
0 0.715394 0.502017 0.0452795 0.196749 0.684937
0 0.866069 0.662016 0.0527039 0.175063 0.656524
0 0.419918 0.921442 0.0807901 0.14492 0.535779
0 0.263848 0.675431 0.0403138 0.191481 0.518375
0 0.0440587 0.961633 0.0420397 0.0688395 0.390442
32 0.932075 0.472443 0.025811 0.0416344 0.323079
0 0.0380909 0.504341 0.038211 0.0740329 0.27394
