0 0.335757 0.724816 0.0612061 0.186264 0.868084
0 0.162121 0.612199 0.0376735 0.158703 0.720368
0 0.827592 0.61234 0.041198 0.158706 0.705225
0 0.339268 0.51417 0.0383543 0.165674 0.673365
0 0.70326 0.582667 0.04095 0.175913 0.658434
0 0.520672 0.955976 0.0386691 0.0880485 0.631411
0 0.281235 0.963165 0.0382776 0.0736701 0.583307
32 0.21767 0.546586 0.0192348 0.0448624 0.549787
0 0.552518 0.684006 0.0471983 0.215952 0.434896
0 0.863241 0.473774 0.0377159 0.128539 0.404437
0 0.335085 0.966572 0.0356877 0.0668566 0.400282
0 0.62513 0.978424 0.0189058 0.0431513 0.37901
0 0.664447 0.628659 0.0580139 0.223854 0.339801
0 0.15774 0.958648 0.0526169 0.082704 0.311674
0 0.378287 0.972648 0.0343136 0.0547043 0.309615
0 0.335757 0.724816 0.0612061 0.186264 0.868084
0 0.162121 0.612199 0.0376735 0.158703 0.720368
0 0.827592 0.61234 0.041198 0.158706 0.705225
0 0.339268 0.51417 0.0383543 0.165674 0.673365
0 0.70326 0.582667 0.04095 0.175913 0.658434
0 0.520672 0.955976 0.0386691 0.0880485 0.631411
0 0.281235 0.963165 0.0382776 0.0736701 0.583307
32 0.21767 0.546586 0.0192348 0.0448624 0.549787
0 0.552518 0.684006 0.0471983 0.215952 0.434896
0 0.863241 0.473774 0.0377159 0.128539 0.404437
0 0.335085 0.966572 0.0356877 0.0668566 0.400282
0 0.62513 0.978424 0.0189058 0.0431513 0.37901
0 0.664447 0.628659 0.0580139 0.223854 0.339801
0 0.15774 0.958648 0.0526169 0.082704 0.311674
0 0.378287 0.972648 0.0343136 0.0547043 0.309615
