0 0.201752 0.501086 0.0568205 0.144857 0.800373
0 0.576739 0.946536 0.0425492 0.105836 0.774046
0 0.28092 0.542544 0.062308 0.160586 0.752309
0 0.0638914 0.922958 0.0606524 0.148798 0.711476
0 0.468653 0.666334 0.0497602 0.185225 0.708169
0 0.819707 0.687324 0.0426159 0.163874 0.679072
0 0.113085 0.688029 0.0832278 0.183435 0.660346
0 0.429875 0.727147 0.0749084 0.181965 0.648648
0 0.562752 0.787234 0.0553675 0.168066 0.574924
32 0.0455004 0.667277 0.0128015 0.0214339 0.509521
0 0.727677 0.490334 0.0421533 0.151811 0.475344
0 0.519669 0.703794 0.0464031 0.189039 0.471078
0 0.544853 0.740775 0.0935066 0.258062 0.457482
0 0.670377 0.707536 0.0628908 0.0680414 0.444194
0 0.201752 0.501086 0.0568205 0.144857 0.800373
0 0.576739 0.946536 0.0425492 0.105836 0.774046
0 0.28092 0.542544 0.062308 0.160586 0.752309
0 0.0638914 0.922958 0.0606524 0.148798 0.711476
0 0.468653 0.666334 0.0497602 0.185225 0.708169
0 0.819707 0.687324 0.0426159 0.163874 0.679072
0 0.113085 0.688029 0.0832278 0.183435 0.660346
0 0.429875 0.727147 0.0749084 0.181965 0.648648
0 0.562752 0.787234 0.0553675 0.168066 0.574924
32 0.0455004 0.667277 0.0128015 0.0214339 0.509521
0 0.727677 0.490334 0.0421533 0.151811 0.475344
0 0.519669 0.703794 0.0464031 0.189039 0.471078
0 0.544853 0.740775 0.0935066 0.258062 0.457482
0 0.670377 0.707536 0.0628908 0.0680414 0.444194
