0 0.43626 0.725028 0.0686703 0.199601 0.861681
0 0.529433 0.598997 0.0424945 0.196698 0.784799
0 0.26257 0.950314 0.0490543 0.0984821 0.731104
0 0.975188 0.557276 0.0484913 0.159658 0.712101
0 0.723405 0.447464 0.0529275 0.130845 0.658113
0 0.568378 0.662726 0.065429 0.157339 0.609555
0 0.29786 0.958964 0.0411051 0.0820721 0.563298
0 0.325099 0.498648 0.0357525 0.163759 0.552104
0 0.653993 0.549238 0.0456379 0.165523 0.538915
0 0.134279 0.622496 0.0361106 0.160736 0.52819
0 0.614315 0.486462 0.0371216 0.185548 0.495988
0 0.344565 0.966967 0.0393207 0.066066 0.47156
0 0.385999 0.969643 0.0371149 0.060358 0.451653
0 0.687222 0.544707 0.0376612 0.166302 0.409988
0 0.12117 0.956028 0.0454045 0.0853697 0.280323
0 0.43626 0.725028 0.0686703 0.199601 0.861681
0 0.529433 0.598997 0.0424945 0.196698 0.784799
0 0.26257 0.950314 0.0490543 0.0984821 0.731104
0 0.975188 0.557276 0.0484913 0.159658 0.712101
0 0.723405 0.447464 0.0529275 0.130845 0.658113
0 0.568378 0.662726 0.065429 0.157339 0.609555
0 0.29786 0.958964 0.0411051 0.0820721 0.563298
0 0.325099 0.498648 0.0357525 0.163759 0.552104
0 0.653993 0.549238 0.0456379 0.165523 0.538915
0 0.134279 0.622496 0.0361106 0.160736 0.52819
0 0.614315 0.486462 0.0371216 0.185548 0.495988
0 0.344565 0.966967 0.0393207 0.066066 0.47156
0 0.385999 0.969643 0.0371149 0.060358 0.451653
0 0.687222 0.544707 0.0376612 0.166302 0.409988
0 0.12117 0.956028 0.0454045 0.0853697 0.280323
