0 0.419458 0.843796 0.0648357 0.194912 0.819337
0 0.622555 0.679351 0.0371519 0.174964 0.811211
0 0.187353 0.490145 0.0358151 0.140131 0.70863
0 0.603601 0.862376 0.050345 0.178137 0.663959
0 0.297932 0.5228 0.0506517 0.145116 0.58468
0 0.881947 0.723855 0.0481258 0.20153 0.583877
0 0.42251 0.622666 0.082205 0.21227 0.579876
0 0.373462 0.426032 0.0266492 0.126077 0.555832
0 0.543665 0.955448 0.0393309 0.0891042 0.552791
0 0.631936 0.4817 0.0301696 0.143742 0.510881
0 0.580548 0.950207 0.0405669 0.0983788 0.436724
0 0.448685 0.64619 0.0602615 0.169632 0.392898
0 0.328195 0.509304 0.0477043 0.15998 0.392877
0 0.777705 0.571307 0.0181717 0.0935538 0.331443
0 0.419458 0.843796 0.0648357 0.194912 0.819337
0 0.622555 0.679351 0.0371519 0.174964 0.811211
0 0.187353 0.490145 0.0358151 0.140131 0.70863
0 0.603601 0.862376 0.050345 0.178137 0.663959
0 0.297932 0.5228 0.0506517 0.145116 0.58468
0 0.881947 0.723855 0.0481258 0.20153 0.583877
0 0.42251 0.622666 0.082205 0.21227 0.579876
0 0.373462 0.426032 0.0266492 0.126077 0.555832
0 0.543665 0.955448 0.0393309 0.0891042 0.552791
0 0.631936 0.4817 0.0301696 0.143742 0.510881
0 0.580548 0.950207 0.0405669 0.0983788 0.436724
0 0.448685 0.64619 0.0602615 0.169632 0.392898
0 0.328195 0.509304 0.0477043 0.15998 0.392877
0 0.777705 0.571307 0.0181717 0.0935538 0.331443
