0 0.2227 0.592628 0.184358 0.797668 0.908794
0 0.849689 0.568379 0.169921 0.84653 0.896158
0 0.611501 0.573815 0.194307 0.831194 0.876869
0 0.0500518 0.548803 0.100104 0.894959 0.864433
0 0.472873 0.532425 0.0888298 0.249248 0.58098
0 0.959375 0.515029 0.0807659 0.258612 0.531063
0 0.341775 0.52383 0.0957838 0.266708 0.412999
0 0.183269 0.290859 0.0813627 0.230219 0.375495
0 0.465333 0.401412 0.084387 0.188658 0.37506
0 0.979973 0.396798 0.0395819 0.209719 0.348056
0 0.388862 0.382319 0.0723752 0.212896 0.339041
0 0.388633 0.264014 0.0922153 0.193872 0.277277
0 0.2227 0.592628 0.184358 0.797668 0.908794
0 0.849689 0.568379 0.169921 0.84653 0.896158
0 0.611501 0.573815 0.194307 0.831194 0.876869
0 0.0500518 0.548803 0.100104 0.894959 0.864433
0 0.472873 0.532425 0.0888298 0.249248 0.58098
0 0.959375 0.515029 0.0807659 0.258612 0.531063
0 0.341775 0.52383 0.0957838 0.266708 0.412999
0 0.183269 0.290859 0.0813627 0.230219 0.375495
0 0.465333 0.401412 0.084387 0.188658 0.37506
0 0.979973 0.396798 0.0395819 0.209719 0.348056
0 0.388862 0.382319 0.0723752 0.212896 0.339041
0 0.388633 0.264014 0.0922153 0.193872 0.277277
