0 0.614768 0.67959 0.0369484 0.181843 0.787525
0 0.379628 0.847144 0.0440122 0.212785 0.747147
0 0.192632 0.545713 0.0377237 0.154446 0.741866
0 0.878995 0.728767 0.0388706 0.216374 0.647142
0 0.59181 0.870888 0.0503805 0.172511 0.617647
0 0.623297 0.491953 0.0350091 0.149189 0.609122
0 0.285967 0.496666 0.0358954 0.138647 0.440544
0 0.43738 0.336401 0.0259777 0.134717 0.418765
0 0.413242 0.684244 0.0341346 0.167158 0.373629
0 0.358035 0.427391 0.0366303 0.130172 0.363805
0 0.309689 0.531945 0.0355351 0.108271 0.361876
0 0.530638 0.960168 0.0402478 0.0796646 0.348117
0 0.570057 0.95567 0.0404419 0.0886609 0.327558
0 0.395389 0.637211 0.0700711 0.250253 0.327423
0 0.614768 0.67959 0.0369484 0.181843 0.787525
0 0.379628 0.847144 0.0440122 0.212785 0.747147
0 0.192632 0.545713 0.0377237 0.154446 0.741866
0 0.878995 0.728767 0.0388706 0.216374 0.647142
0 0.59181 0.870888 0.0503805 0.172511 0.617647
0 0.623297 0.491953 0.0350091 0.149189 0.609122
0 0.285967 0.496666 0.0358954 0.138647 0.440544
0 0.43738 0.336401 0.0259777 0.134717 0.418765
0 0.413242 0.684244 0.0341346 0.167158 0.373629
0 0.358035 0.427391 0.0366303 0.130172 0.363805
0 0.309689 0.531945 0.0355351 0.108271 0.361876
0 0.530638 0.960168 0.0402478 0.0796646 0.348117
0 0.570057 0.95567 0.0404419 0.0886609 0.327558
0 0.395389 0.637211 0.0700711 0.250253 0.327423
