0 0.467745 0.833014 0.0448818 0.204726 0.812416
0 0.867897 0.719165 0.0484362 0.18967 0.757689
0 0.643151 0.680087 0.0497477 0.180196 0.7504
0 0.185726 0.449459 0.0348886 0.123515 0.718307
0 0.613018 0.848362 0.0526323 0.172439 0.624345
0 0.391168 0.425521 0.0236134 0.125845 0.61744
0 0.297722 0.558761 0.0485469 0.141911 0.596687
0 0.650495 0.483564 0.0403326 0.142992 0.58493
0 0.348041 0.559533 0.0467796 0.160051 0.524164
0 0.467852 0.331541 0.0235441 0.129157 0.433607
0 0.297936 0.466321 0.0365419 0.117292 0.429915
0 0.452571 0.973185 0.0326241 0.0536292 0.415431
0 0.559838 0.94764 0.036952 0.102354 0.402624
0 0.470856 0.648295 0.0681415 0.15954 0.332415
56 0.599977 0.961883 0.0384941 0.0748969 0.306229
0 0.433205 0.545111 0.0307837 0.104789 0.276605
0 0.467745 0.833014 0.0448818 0.204726 0.812416
0 0.867897 0.719165 0.0484362 0.18967 0.757689
0 0.643151 0.680087 0.0497477 0.180196 0.7504
0 0.185726 0.449459 0.0348886 0.123515 0.718307
0 0.613018 0.848362 0.0526323 0.172439 0.624345
0 0.391168 0.425521 0.0236134 0.125845 0.61744
0 0.297722 0.558761 0.0485469 0.141911 0.596687
0 0.650495 0.483564 0.0403326 0.142992 0.58493
0 0.348041 0.559533 0.0467796 0.160051 0.524164
0 0.467852 0.331541 0.0235441 0.129157 0.433607
0 0.297936 0.466321 0.0365419 0.117292 0.429915
0 0.452571 0.973185 0.0326241 0.0536292 0.415431
0 0.559838 0.94764 0.036952 0.102354 0.402624
0 0.470856 0.648295 0.0681415 0.15954 0.332415
56 0.599977 0.961883 0.0384941 0.0748969 0.306229
0 0.433205 0.545111 0.0307837 0.104789 0.276605
