0 0.384604 0.851208 0.0453511 0.211229 0.81812
0 0.877973 0.727892 0.0458679 0.212165 0.759095
0 0.617188 0.678909 0.0404341 0.184568 0.727182
0 0.399173 0.623606 0.0869418 0.249123 0.709759
0 0.595533 0.871089 0.0509729 0.17606 0.694353
0 0.182971 0.536854 0.0399821 0.155309 0.648462
0 0.362451 0.437194 0.0284794 0.108486 0.557723
0 0.570178 0.954079 0.0412068 0.0918421 0.550059
0 0.623782 0.490288 0.0319927 0.144465 0.491227
0 0.53082 0.959293 0.0395276 0.0814136 0.38659
0 0.293222 0.505049 0.0492661 0.137419 0.326836
0 0.438529 0.336 0.0254211 0.131741 0.279885
0 0.384604 0.851208 0.0453511 0.211229 0.81812
0 0.877973 0.727892 0.0458679 0.212165 0.759095
0 0.617188 0.678909 0.0404341 0.184568 0.727182
0 0.399173 0.623606 0.0869418 0.249123 0.709759
0 0.595533 0.871089 0.0509729 0.17606 0.694353
0 0.182971 0.536854 0.0399821 0.155309 0.648462
0 0.362451 0.437194 0.0284794 0.108486 0.557723
0 0.570178 0.954079 0.0412068 0.0918421 0.550059
0 0.623782 0.490288 0.0319927 0.144465 0.491227
0 0.53082 0.959293 0.0395276 0.0814136 0.38659
0 0.293222 0.505049 0.0492661 0.137419 0.326836
0 0.438529 0.336 0.0254211 0.131741 0.279885
