0 0.737488 0.596636 0.291538 0.78492 0.904364
0 0.100199 0.664367 0.199372 0.65776 0.87097
0 0.503155 0.60041 0.341398 0.781059 0.846862
0 0.274686 0.702169 0.122193 0.211714 0.690054
0 0.383973 0.304838 0.0763872 0.231545 0.391608
0 0.23601 0.589879 0.0869284 0.280368 0.297028
0 0.737488 0.596636 0.291538 0.78492 0.904364
0 0.100199 0.664367 0.199372 0.65776 0.87097
0 0.503155 0.60041 0.341398 0.781059 0.846862
0 0.274686 0.702169 0.122193 0.211714 0.690054
0 0.383973 0.304838 0.0763872 0.231545 0.391608
0 0.23601 0.589879 0.0869284 0.280368 0.297028
