0 0.353462 0.530078 0.0458467 0.173424 0.765399
0 0.29283 0.598068 0.0423149 0.164553 0.759612
0 0.724231 0.912024 0.0438382 0.175952 0.753619
0 0.953051 0.824426 0.0628763 0.186855 0.718106
0 0.922276 0.962555 0.0410328 0.0748904 0.682669
0 0.645386 0.529194 0.0352718 0.161173 0.670554
0 0.873501 0.959783 0.0454079 0.0804348 0.663084
0 0.193657 0.659176 0.0430698 0.171389 0.571728
0 0.463609 0.399042 0.0533998 0.130765 0.55653
0 0.912556 0.605012 0.0806339 0.164949 0.534642
0 0.50931 0.350985 0.0468397 0.121994 0.48172
0 0.973252 0.968313 0.0486858 0.0633743 0.480263
0 0.0436089 0.946199 0.0583543 0.103679 0.443917
0 0.311043 0.725957 0.0396158 0.15973 0.41779
0 0.578598 0.689302 0.041027 0.179947 0.414349
0 0.930658 0.59862 0.0382534 0.151994 0.394469
0 0.126121 0.832878 0.0490677 0.15071 0.382481
0 0.110782 0.957663 0.0562813 0.0846748 0.306915
0 0.353462 0.530078 0.0458467 0.173424 0.765399
0 0.29283 0.598068 0.0423149 0.164553 0.759612
0 0.724231 0.912024 0.0438382 0.175952 0.753619
0 0.953051 0.824426 0.0628763 0.186855 0.718106
0 0.922276 0.962555 0.0410328 0.0748904 0.682669
0 0.645386 0.529194 0.0352718 0.161173 0.670554
0 0.873501 0.959783 0.0454079 0.0804348 0.663084
0 0.193657 0.659176 0.0430698 0.171389 0.571728
0 0.463609 0.399042 0.0533998 0.130765 0.55653
0 0.912556 0.605012 0.0806339 0.164949 0.534642
0 0.50931 0.350985 0.0468397 0.121994 0.48172
0 0.973252 0.968313 0.0486858 0.0633743 0.480263
0 0.0436089 0.946199 0.0583543 0.103679 0.443917
0 0.311043 0.725957 0.0396158 0.15973 0.41779
0 0.578598 0.689302 0.041027 0.179947 0.414349
0 0.930658 0.59862 0.0382534 0.151994 0.394469
0 0.126121 0.832878 0.0490677 0.15071 0.382481
0 0.110782 0.957663 0.0562813 0.0846748 0.306915
