0 0.389001 0.713532 0.0573533 0.208107 0.843424
0 0.954971 0.541307 0.0423172 0.150319 0.781381
0 0.256755 0.945947 0.0494124 0.108107 0.665932
0 0.293377 0.95482 0.0424443 0.0903598 0.562165
0 0.31657 0.494503 0.0357787 0.164453 0.522575
0 0.518698 0.596894 0.0350042 0.197576 0.520974
0 0.107684 0.609618 0.0377073 0.15561 0.515526
0 0.338229 0.962818 0.0398363 0.0743637 0.495792
0 0.748734 0.44949 0.0549752 0.115646 0.44661
0 0.378384 0.964538 0.0395781 0.0709242 0.425309
0 0.603086 0.544888 0.0411111 0.166672 0.417712
0 0.634464 0.545936 0.0423035 0.164664 0.4159
0 0.542134 0.620717 0.0368091 0.128965 0.357928
0 0.66215 0.556398 0.0302605 0.183457 0.349158
0 0.119822 0.951417 0.0429369 0.0955261 0.254644
0 0.389001 0.713532 0.0573533 0.208107 0.843424
0 0.954971 0.541307 0.0423172 0.150319 0.781381
0 0.256755 0.945947 0.0494124 0.108107 0.665932
0 0.293377 0.95482 0.0424443 0.0903598 0.562165
0 0.31657 0.494503 0.0357787 0.164453 0.522575
0 0.518698 0.596894 0.0350042 0.197576 0.520974
0 0.107684 0.609618 0.0377073 0.15561 0.515526
0 0.338229 0.962818 0.0398363 0.0743637 0.495792
0 0.748734 0.44949 0.0549752 0.115646 0.44661
0 0.378384 0.964538 0.0395781 0.0709242 0.425309
0 0.603086 0.544888 0.0411111 0.166672 0.417712
0 0.634464 0.545936 0.0423035 0.164664 0.4159
0 0.542134 0.620717 0.0368091 0.128965 0.357928
0 0.66215 0.556398 0.0302605 0.183457 0.349158
0 0.119822 0.951417 0.0429369 0.0955261 0.254644
