0 0.945393 0.487595 0.036639 0.142577 0.810614
0 0.075028 0.54551 0.0390648 0.17175 0.773095
0 0.637854 0.935748 0.0759441 0.128505 0.766458
0 0.275258 0.443694 0.042057 0.164859 0.702521
0 0.548414 0.875398 0.0503986 0.217386 0.689434
0 0.224687 0.661164 0.0443956 0.187698 0.675425
0 0.630454 0.402111 0.0268225 0.138339 0.672969
0 0.796042 0.393971 0.0261571 0.141045 0.65673
0 0.757278 0.631486 0.0420523 0.150259 0.5754
0 0.427927 0.949661 0.0519871 0.100678 0.562001
0 0.599784 0.480012 0.0631275 0.159293 0.483033
0 0.511747 0.961967 0.0407161 0.0757828 0.480505
0 0.490849 0.709544 0.0561102 0.181282 0.441882
0 0.567487 0.572088 0.0420925 0.167082 0.409729
0 0.377936 0.94165 0.0470906 0.115081 0.279758
0 0.583214 0.440219 0.0350946 0.108312 0.274188
0 0.945393 0.487595 0.036639 0.142577 0.810614
0 0.075028 0.54551 0.0390648 0.17175 0.773095
0 0.637854 0.935748 0.0759441 0.128505 0.766458
0 0.275258 0.443694 0.042057 0.164859 0.702521
0 0.548414 0.875398 0.0503986 0.217386 0.689434
0 0.224687 0.661164 0.0443956 0.187698 0.675425
0 0.630454 0.402111 0.0268225 0.138339 0.672969
0 0.796042 0.393971 0.0261571 0.141045 0.65673
0 0.757278 0.631486 0.0420523 0.150259 0.5754
0 0.427927 0.949661 0.0519871 0.100678 0.562001
0 0.599784 0.480012 0.0631275 0.159293 0.483033
0 0.511747 0.961967 0.0407161 0.0757828 0.480505
0 0.490849 0.709544 0.0561102 0.181282 0.441882
0 0.567487 0.572088 0.0420925 0.167082 0.409729
0 0.377936 0.94165 0.0470906 0.115081 0.279758
0 0.583214 0.440219 0.0350946 0.108312 0.274188
