0 0.951771 0.518942 0.0430309 0.138847 0.824228
0 0.888933 0.721017 0.0600166 0.201602 0.791346
0 0.579893 0.766595 0.0466821 0.206565 0.755138
0 0.0636245 0.533306 0.0250284 0.168317 0.748658
0 0.455703 0.639485 0.0320332 0.194273 0.738552
0 0.623969 0.933247 0.0591219 0.132008 0.708747
0 0.774305 0.408625 0.0409164 0.120759 0.696133
0 0.242867 0.652533 0.0484458 0.195358 0.688958
0 0.287382 0.428901 0.025808 0.165025 0.673299
0 0.691087 0.456978 0.026321 0.141289 0.650954
0 0.617568 0.539239 0.0706257 0.130355 0.496399
0 0.500295 0.958498 0.0372574 0.0810042 0.425564
0 0.420428 0.947127 0.0530391 0.105746 0.391325
0 0.556704 0.451836 0.0254888 0.154678 0.361563
0 0.582566 0.482571 0.0367704 0.167918 0.324991
0 0.527486 0.967697 0.0338415 0.0643972 0.271939
0 0.951771 0.518942 0.0430309 0.138847 0.824228
0 0.888933 0.721017 0.0600166 0.201602 0.791346
0 0.579893 0.766595 0.0466821 0.206565 0.755138
0 0.0636245 0.533306 0.0250284 0.168317 0.748658
0 0.455703 0.639485 0.0320332 0.194273 0.738552
0 0.623969 0.933247 0.0591219 0.132008 0.708747
0 0.774305 0.408625 0.0409164 0.120759 0.696133
0 0.242867 0.652533 0.0484458 0.195358 0.688958
0 0.287382 0.428901 0.025808 0.165025 0.673299
0 0.691087 0.456978 0.026321 0.141289 0.650954
0 0.617568 0.539239 0.0706257 0.130355 0.496399
0 0.500295 0.958498 0.0372574 0.0810042 0.425564
0 0.420428 0.947127 0.0530391 0.105746 0.391325
0 0.556704 0.451836 0.0254888 0.154678 0.361563
0 0.582566 0.482571 0.0367704 0.167918 0.324991
0 0.527486 0.967697 0.0338415 0.0643972 0.271939
