0 0.572916 0.89167 0.0551923 0.198653 0.776409
0 0.775337 0.780737 0.0908348 0.165421 0.747765
0 0.276162 0.495133 0.0357661 0.143255 0.710203
0 0.221082 0.43863 0.0332544 0.139606 0.701862
0 0.169189 0.478829 0.0360777 0.113744 0.689425
0 0.37485 0.645922 0.0756769 0.176752 0.656142
0 0.266911 0.61069 0.0461308 0.131087 0.499099
0 0.275469 0.735884 0.0398685 0.151131 0.461799
0 0.615453 0.715082 0.0728602 0.160517 0.438887
0 0.201781 0.918967 0.0843205 0.162066 0.41941
0 0.504897 0.967736 0.0381624 0.0645289 0.388665
0 0.833559 0.592883 0.0334888 0.146175 0.382805
0 0.603998 0.947959 0.0705807 0.104082 0.355193
0 0.167033 0.713778 0.0744317 0.104524 0.331338
0 0.616364 0.477342 0.0355223 0.130321 0.30903
0 0.542652 0.962175 0.0457291 0.0756495 0.297877
0 0.464768 0.977808 0.0300123 0.0443849 0.288506
0 0.572916 0.89167 0.0551923 0.198653 0.776409
0 0.775337 0.780737 0.0908348 0.165421 0.747765
0 0.276162 0.495133 0.0357661 0.143255 0.710203
0 0.221082 0.43863 0.0332544 0.139606 0.701862
0 0.169189 0.478829 0.0360777 0.113744 0.689425
0 0.37485 0.645922 0.0756769 0.176752 0.656142
0 0.266911 0.61069 0.0461308 0.131087 0.499099
0 0.275469 0.735884 0.0398685 0.151131 0.461799
0 0.615453 0.715082 0.0728602 0.160517 0.438887
0 0.201781 0.918967 0.0843205 0.162066 0.41941
0 0.504897 0.967736 0.0381624 0.0645289 0.388665
0 0.833559 0.592883 0.0334888 0.146175 0.382805
0 0.603998 0.947959 0.0705807 0.104082 0.355193
0 0.167033 0.713778 0.0744317 0.104524 0.331338
0 0.616364 0.477342 0.0355223 0.130321 0.30903
0 0.542652 0.962175 0.0457291 0.0756495 0.297877
0 0.464768 0.977808 0.0300123 0.0443849 0.288506
