0 0.340051 0.760347 0.046451 0.19029 0.799161
0 0.128618 0.512935 0.0579987 0.146725 0.761908
0 0.599822 0.926957 0.0630579 0.146086 0.753373
0 0.472273 0.595052 0.0292187 0.197316 0.745357
0 0.34237 0.596164 0.0529662 0.198427 0.685533
0 0.700169 0.850806 0.101757 0.185939 0.673651
0 0.546603 0.640582 0.0362935 0.197784 0.645571
0 0.644814 0.707275 0.0497625 0.201687 0.561764
0 0.513872 0.636648 0.0310228 0.190923 0.510191
0 0.351394 0.460008 0.0370332 0.142235 0.486586
0 0.717003 0.523753 0.0333549 0.096481 0.464305
0 0.885846 0.635886 0.0312128 0.174838 0.430257
0 0.365998 0.558235 0.0303379 0.129004 0.298821
0 0.340051 0.760347 0.046451 0.19029 0.799161
0 0.128618 0.512935 0.0579987 0.146725 0.761908
0 0.599822 0.926957 0.0630579 0.146086 0.753373
0 0.472273 0.595052 0.0292187 0.197316 0.745357
0 0.34237 0.596164 0.0529662 0.198427 0.685533
0 0.700169 0.850806 0.101757 0.185939 0.673651
0 0.546603 0.640582 0.0362935 0.197784 0.645571
0 0.644814 0.707275 0.0497625 0.201687 0.561764
0 0.513872 0.636648 0.0310228 0.190923 0.510191
0 0.351394 0.460008 0.0370332 0.142235 0.486586
0 0.717003 0.523753 0.0333549 0.096481 0.464305
0 0.885846 0.635886 0.0312128 0.174838 0.430257
0 0.365998 0.558235 0.0303379 0.129004 0.298821
