0 0.250644 0.678048 0.0817318 0.168965 0.819631
0 0.915275 0.511941 0.0433651 0.141395 0.81774
0 0.652526 0.955688 0.0487068 0.0886242 0.75338
0 0.0869638 0.57154 0.0294331 0.175448 0.729447
0 0.295374 0.480924 0.0524043 0.168805 0.713791
0 0.773201 0.599992 0.0385695 0.174742 0.601378
0 0.814044 0.425976 0.0342146 0.131719 0.525104
0 0.394811 0.958646 0.0410422 0.0827074 0.520591
0 0.363919 0.939923 0.0553403 0.120155 0.474722
0 0.327857 0.937114 0.0486099 0.119954 0.474274
0 0.506928 0.634246 0.100444 0.201164 0.397312
0 0.444251 0.96675 0.0403322 0.0665009 0.38588
0 0.594957 0.54763 0.0454077 0.133223 0.347483
0 0.529299 0.617005 0.0540752 0.169084 0.340194
0 0.675093 0.478909 0.0252636 0.114369 0.338477
0 0.529126 0.981276 0.0299246 0.0374477 0.315075
0 0.28705 0.93 0.0509462 0.134259 0.304798
0 0.652677 0.513981 0.0340294 0.104116 0.302974
0 0.482682 0.634304 0.0465767 0.134814 0.264184
0 0.250644 0.678048 0.0817318 0.168965 0.819631
0 0.915275 0.511941 0.0433651 0.141395 0.81774
0 0.652526 0.955688 0.0487068 0.0886242 0.75338
0 0.0869638 0.57154 0.0294331 0.175448 0.729447
0 0.295374 0.480924 0.0524043 0.168805 0.713791
0 0.773201 0.599992 0.0385695 0.174742 0.601378
0 0.814044 0.425976 0.0342146 0.131719 0.525104
0 0.394811 0.958646 0.0410422 0.0827074 0.520591
0 0.363919 0.939923 0.0553403 0.120155 0.474722
0 0.327857 0.937114 0.0486099 0.119954 0.474274
0 0.506928 0.634246 0.100444 0.201164 0.397312
0 0.444251 0.96675 0.0403322 0.0665009 0.38588
0 0.594957 0.54763 0.0454077 0.133223 0.347483
0 0.529299 0.617005 0.0540752 0.169084 0.340194
0 0.675093 0.478909 0.0252636 0.114369 0.338477
0 0.529126 0.981276 0.0299246 0.0374477 0.315075
0 0.28705 0.93 0.0509462 0.134259 0.304798
0 0.652677 0.513981 0.0340294 0.104116 0.302974
0 0.482682 0.634304 0.0465767 0.134814 0.264184
