0 0.571733 0.882568 0.0527876 0.188526 0.708387
0 0.636021 0.681616 0.0407158 0.185187 0.691315
0 0.366672 0.720213 0.0752718 0.192174 0.676411
0 0.294239 0.47544 0.0514862 0.19388 0.618369
0 0.331203 0.853994 0.096365 0.152393 0.612256
0 0.212668 0.461835 0.0371348 0.122836 0.58043
0 0.846612 0.753211 0.0569599 0.173663 0.534216
0 0.40203 0.648598 0.0571165 0.169652 0.532937
0 0.605577 0.492456 0.0388731 0.147191 0.474715
0 0.818724 0.582517 0.0328896 0.144692 0.440883
0 0.472165 0.970366 0.0372683 0.0592685 0.432785
0 0.259177 0.613134 0.0410053 0.144405 0.375233
0 0.607608 0.942941 0.0618391 0.11258 0.292432
0 0.51131 0.961187 0.0376518 0.0767253 0.280345
0 0.222872 0.599631 0.0508302 0.116897 0.262097
0 0.571733 0.882568 0.0527876 0.188526 0.708387
0 0.636021 0.681616 0.0407158 0.185187 0.691315
0 0.366672 0.720213 0.0752718 0.192174 0.676411
0 0.294239 0.47544 0.0514862 0.19388 0.618369
0 0.331203 0.853994 0.096365 0.152393 0.612256
0 0.212668 0.461835 0.0371348 0.122836 0.58043
0 0.846612 0.753211 0.0569599 0.173663 0.534216
0 0.40203 0.648598 0.0571165 0.169652 0.532937
0 0.605577 0.492456 0.0388731 0.147191 0.474715
0 0.818724 0.582517 0.0328896 0.144692 0.440883
0 0.472165 0.970366 0.0372683 0.0592685 0.432785
0 0.259177 0.613134 0.0410053 0.144405 0.375233
0 0.607608 0.942941 0.0618391 0.11258 0.292432
0 0.51131 0.961187 0.0376518 0.0767253 0.280345
0 0.222872 0.599631 0.0508302 0.116897 0.262097
