0 0.665718 0.51731 0.0708694 0.147434 0.808666
0 0.579439 0.638849 0.0482801 0.191999 0.767157
0 0.282296 0.65001 0.0511944 0.172672 0.598935
0 0.482523 0.464388 0.034123 0.121596 0.588167
0 0.511416 0.920449 0.0941053 0.158394 0.568715
0 0.918518 0.942559 0.0522703 0.114883 0.542254
0 0.39417 0.525887 0.0601618 0.150134 0.520946
0 0.668089 0.347085 0.023567 0.11678 0.502414
0 0.570413 0.418765 0.0319396 0.0980481 0.491451
0 0.448335 0.934614 0.0528028 0.124144 0.435265
0 0.982806 0.650963 0.0339125 0.180348 0.415817
0 0.387317 0.927984 0.0512582 0.140744 0.333791
0 0.355666 0.304903 0.0356147 0.102992 0.288225
0 0.0341768 0.411284 0.0298034 0.141227 0.275358
0 0.0824495 0.74783 0.041927 0.137593 0.25288
0 0.665718 0.51731 0.0708694 0.147434 0.808666
0 0.579439 0.638849 0.0482801 0.191999 0.767157
0 0.282296 0.65001 0.0511944 0.172672 0.598935
0 0.482523 0.464388 0.034123 0.121596 0.588167
0 0.511416 0.920449 0.0941053 0.158394 0.568715
0 0.918518 0.942559 0.0522703 0.114883 0.542254
0 0.39417 0.525887 0.0601618 0.150134 0.520946
0 0.668089 0.347085 0.023567 0.11678 0.502414
0 0.570413 0.418765 0.0319396 0.0980481 0.491451
0 0.448335 0.934614 0.0528028 0.124144 0.435265
0 0.982806 0.650963 0.0339125 0.180348 0.415817
0 0.387317 0.927984 0.0512582 0.140744 0.333791
0 0.355666 0.304903 0.0356147 0.102992 0.288225
0 0.0341768 0.411284 0.0298034 0.141227 0.275358
0 0.0824495 0.74783 0.041927 0.137593 0.25288
