0 0.0449386 0.53739 0.0326665 0.12782 0.791179
0 0.2948 0.448804 0.032601 0.148309 0.773833
0 0.439899 0.906724 0.0483271 0.186553 0.736124
0 0.394028 0.537684 0.0367598 0.172638 0.696691
0 0.707876 0.455765 0.0495917 0.142471 0.640133
0 0.455678 0.590152 0.0845373 0.193185 0.59468
0 0.381823 0.386288 0.0266304 0.0956924 0.594678
0 0.406913 0.946201 0.0529955 0.107598 0.57591
0 0.106898 0.40446 0.0259193 0.107171 0.548891
0 0.249436 0.640836 0.0422872 0.187639 0.51357
0 0.361542 0.968508 0.048999 0.0629845 0.487583
0 0.597187 0.659113 0.049618 0.165506 0.480511
0 0.703559 0.759543 0.0476066 0.161735 0.441443
0 0.69705 0.638733 0.0315571 0.145004 0.440009
0 0.302198 0.983498 0.0176774 0.0330036 0.334389
0 0.512131 0.945511 0.0692809 0.10852 0.31373
0 0.0449386 0.53739 0.0326665 0.12782 0.791179
0 0.2948 0.448804 0.032601 0.148309 0.773833
0 0.439899 0.906724 0.0483271 0.186553 0.736124
0 0.394028 0.537684 0.0367598 0.172638 0.696691
0 0.707876 0.455765 0.0495917 0.142471 0.640133
0 0.455678 0.590152 0.0845373 0.193185 0.59468
0 0.381823 0.386288 0.0266304 0.0956924 0.594678
0 0.406913 0.946201 0.0529955 0.107598 0.57591
0 0.106898 0.40446 0.0259193 0.107171 0.548891
0 0.249436 0.640836 0.0422872 0.187639 0.51357
0 0.361542 0.968508 0.048999 0.0629845 0.487583
0 0.597187 0.659113 0.049618 0.165506 0.480511
0 0.703559 0.759543 0.0476066 0.161735 0.441443
0 0.69705 0.638733 0.0315571 0.145004 0.440009
0 0.302198 0.983498 0.0176774 0.0330036 0.334389
0 0.512131 0.945511 0.0692809 0.10852 0.31373
