0 0.33439 0.724422 0.0563796 0.188645 0.867429
0 0.162735 0.61433 0.037421 0.160171 0.71249
0 0.338415 0.515711 0.0340114 0.165102 0.700318
0 0.83105 0.615566 0.038224 0.161669 0.677764
0 0.521914 0.958502 0.039073 0.0829958 0.66182
0 0.281115 0.964291 0.038726 0.0714174 0.569317
0 0.707234 0.583045 0.0413544 0.171101 0.557677
0 0.666952 0.624794 0.0587242 0.243834 0.5544
0 0.549486 0.682152 0.0515873 0.222032 0.525677
0 0.627293 0.981028 0.018401 0.0379433 0.471898
0 0.335588 0.967439 0.0356493 0.0651229 0.44859
0 0.866518 0.478994 0.0402699 0.128933 0.433821
0 0.379113 0.973702 0.0346271 0.0525957 0.331166
0 0.152596 0.959279 0.0377532 0.0795746 0.272863
0 0.33439 0.724422 0.0563796 0.188645 0.867429
0 0.162735 0.61433 0.037421 0.160171 0.71249
0 0.338415 0.515711 0.0340114 0.165102 0.700318
0 0.83105 0.615566 0.038224 0.161669 0.677764
0 0.521914 0.958502 0.039073 0.0829958 0.66182
0 0.281115 0.964291 0.038726 0.0714174 0.569317
0 0.707234 0.583045 0.0413544 0.171101 0.557677
0 0.666952 0.624794 0.0587242 0.243834 0.5544
0 0.549486 0.682152 0.0515873 0.222032 0.525677
0 0.627293 0.981028 0.018401 0.0379433 0.471898
0 0.335588 0.967439 0.0356493 0.0651229 0.44859
0 0.866518 0.478994 0.0402699 0.128933 0.433821
0 0.379113 0.973702 0.0346271 0.0525957 0.331166
0 0.152596 0.959279 0.0377532 0.0795746 0.272863
