0 0.731286 0.589319 0.0555403 0.16287 0.86256
0 0.346982 0.741308 0.0478128 0.200083 0.810095
0 0.378325 0.543204 0.0636105 0.165595 0.771017
0 0.649559 0.653145 0.0844137 0.158519 0.636452
0 0.181707 0.638953 0.0350265 0.172259 0.605191
0 0.799051 0.644722 0.0751606 0.120297 0.557967
0 0.533414 0.970986 0.0367367 0.058027 0.554874
0 0.634173 0.452799 0.031205 0.145111 0.552535
0 0.866328 0.606818 0.0510712 0.129924 0.510112
0 0.681704 0.500785 0.0526516 0.173251 0.500637
0 0.559105 0.661577 0.0653576 0.196614 0.477498
0 0.589237 0.64283 0.0452579 0.169665 0.421483
0 0.898884 0.489609 0.0419664 0.143507 0.399576
0 0.154077 0.972863 0.0382135 0.0542731 0.378913
0 0.731286 0.589319 0.0555403 0.16287 0.86256
0 0.346982 0.741308 0.0478128 0.200083 0.810095
0 0.378325 0.543204 0.0636105 0.165595 0.771017
0 0.649559 0.653145 0.0844137 0.158519 0.636452
0 0.181707 0.638953 0.0350265 0.172259 0.605191
0 0.799051 0.644722 0.0751606 0.120297 0.557967
0 0.533414 0.970986 0.0367367 0.058027 0.554874
0 0.634173 0.452799 0.031205 0.145111 0.552535
0 0.866328 0.606818 0.0510712 0.129924 0.510112
0 0.681704 0.500785 0.0526516 0.173251 0.500637
0 0.559105 0.661577 0.0653576 0.196614 0.477498
0 0.589237 0.64283 0.0452579 0.169665 0.421483
0 0.898884 0.489609 0.0419664 0.143507 0.399576
0 0.154077 0.972863 0.0382135 0.0542731 0.378913
