0 0.702435 0.598502 0.379829 0.781908 0.841885
0 0.245264 0.728135 0.20117 0.529108 0.717891
0 0.948632 0.622455 0.102043 0.735877 0.600132
0 0.0700338 0.702305 0.140068 0.366735 0.518049
0 0.726524 0.297684 0.12174 0.333669 0.484939
0 0.333175 0.725397 0.117028 0.372295 0.351706
0 0.393653 0.628223 0.106052 0.248803 0.343204
0 0.396448 0.513558 0.103246 0.235272 0.305588
0 0.702435 0.598502 0.379829 0.781908 0.841885
0 0.245264 0.728135 0.20117 0.529108 0.717891
0 0.948632 0.622455 0.102043 0.735877 0.600132
0 0.0700338 0.702305 0.140068 0.366735 0.518049
0 0.726524 0.297684 0.12174 0.333669 0.484939
0 0.333175 0.725397 0.117028 0.372295 0.351706
0 0.393653 0.628223 0.106052 0.248803 0.343204
0 0.396448 0.513558 0.103246 0.235272 0.305588
