0 0.63307 0.578483 0.174011 0.827798 0.827718
0 0.0474295 0.608201 0.094859 0.777716 0.786312
0 0.373366 0.586584 0.206678 0.809619 0.767777
0 0.92261 0.452341 0.153497 0.573488 0.586592
0 0.814773 0.553555 0.08913 0.235494 0.531828
0 0.776639 0.419382 0.0753572 0.206838 0.529851
0 0.749711 0.545462 0.0897181 0.254248 0.353635
0 0.15975 0.294549 0.094026 0.206225 0.34233
0 0.164496 0.406512 0.0715617 0.228552 0.320127
0 0.591124 0.292874 0.0790555 0.192427 0.290229
0 0.63307 0.578483 0.174011 0.827798 0.827718
0 0.0474295 0.608201 0.094859 0.777716 0.786312
0 0.373366 0.586584 0.206678 0.809619 0.767777
0 0.92261 0.452341 0.153497 0.573488 0.586592
0 0.814773 0.553555 0.08913 0.235494 0.531828
0 0.776639 0.419382 0.0753572 0.206838 0.529851
0 0.749711 0.545462 0.0897181 0.254248 0.353635
0 0.15975 0.294549 0.094026 0.206225 0.34233
0 0.164496 0.406512 0.0715617 0.228552 0.320127
0 0.591124 0.292874 0.0790555 0.192427 0.290229
