0 0.304283 0.479719 0.0386334 0.181932 0.724918
0 0.378077 0.711016 0.0610922 0.182744 0.712637
0 0.608827 0.496963 0.0315337 0.140762 0.699861
0 0.57284 0.878922 0.0509134 0.185357 0.693994
0 0.354382 0.842388 0.0732034 0.167973 0.672692
0 0.626884 0.680371 0.0430768 0.185625 0.652428
0 0.264614 0.567227 0.0509305 0.174295 0.563764
0 0.235232 0.577653 0.0472599 0.173548 0.558821
0 0.853152 0.751964 0.0448397 0.164884 0.527088
0 0.404404 0.624439 0.0589426 0.181852 0.489035
0 0.221202 0.453403 0.0398871 0.106645 0.48736
0 0.809699 0.599223 0.0228699 0.0944169 0.418523
0 0.477278 0.96978 0.0345497 0.0604394 0.401646
30 0.355396 0.920711 0.066071 0.0199098 0.341074
0 0.514508 0.961315 0.0391804 0.0773698 0.334216
0 0.606859 0.942054 0.0675035 0.115892 0.333608
0 0.551947 0.958993 0.0420373 0.0820136 0.317044
0 0.419919 0.335421 0.0260138 0.127898 0.271517
0 0.304283 0.479719 0.0386334 0.181932 0.724918
0 0.378077 0.711016 0.0610922 0.182744 0.712637
0 0.608827 0.496963 0.0315337 0.140762 0.699861
0 0.57284 0.878922 0.0509134 0.185357 0.693994
0 0.354382 0.842388 0.0732034 0.167973 0.672692
0 0.626884 0.680371 0.0430768 0.185625 0.652428
0 0.264614 0.567227 0.0509305 0.174295 0.563764
0 0.235232 0.577653 0.0472599 0.173548 0.558821
0 0.853152 0.751964 0.0448397 0.164884 0.527088
0 0.404404 0.624439 0.0589426 0.181852 0.489035
0 0.221202 0.453403 0.0398871 0.106645 0.48736
0 0.809699 0.599223 0.0228699 0.0944169 0.418523
0 0.477278 0.96978 0.0345497 0.0604394 0.401646
30 0.355396 0.920711 0.066071 0.0199098 0.341074
0 0.514508 0.961315 0.0391804 0.0773698 0.334216
0 0.606859 0.942054 0.0675035 0.115892 0.333608
0 0.551947 0.958993 0.0420373 0.0820136 0.317044
0 0.419919 0.335421 0.0260138 0.127898 0.271517
