0 0.516412 0.660335 0.0908184 0.199882 0.751351
0 0.341347 0.560138 0.0494479 0.14613 0.728762
0 0.847383 0.735699 0.0555954 0.18759 0.724618
0 0.266215 0.466236 0.0310248 0.135688 0.720094
0 0.464908 0.573311 0.0323784 0.159812 0.674668
0 0.246253 0.583552 0.0403198 0.159697 0.664663
0 0.676874 0.672415 0.0418419 0.168341 0.661025
0 0.615494 0.842322 0.0532463 0.149336 0.597281
0 0.156579 0.414289 0.0293919 0.117732 0.58994
0 0.415056 0.410814 0.0219477 0.122427 0.579702
0 0.670905 0.478684 0.0382459 0.133491 0.490607
0 0.474434 0.970132 0.035527 0.0597354 0.444609
0 0.615527 0.937498 0.0416367 0.125003 0.399895
0 0.521822 0.967642 0.0365103 0.0647156 0.382155
0 0.54723 0.858614 0.0471247 0.171069 0.368273
0 0.443086 0.976673 0.026276 0.0466536 0.353459
0 0.576068 0.942255 0.0403469 0.109517 0.320836
0 0.486615 0.325344 0.0232576 0.12425 0.303176
0 0.406168 0.979385 0.021038 0.0412304 0.264825
0 0.516412 0.660335 0.0908184 0.199882 0.751351
0 0.341347 0.560138 0.0494479 0.14613 0.728762
0 0.847383 0.735699 0.0555954 0.18759 0.724618
0 0.266215 0.466236 0.0310248 0.135688 0.720094
0 0.464908 0.573311 0.0323784 0.159812 0.674668
0 0.246253 0.583552 0.0403198 0.159697 0.664663
0 0.676874 0.672415 0.0418419 0.168341 0.661025
0 0.615494 0.842322 0.0532463 0.149336 0.597281
0 0.156579 0.414289 0.0293919 0.117732 0.58994
0 0.415056 0.410814 0.0219477 0.122427 0.579702
0 0.670905 0.478684 0.0382459 0.133491 0.490607
0 0.474434 0.970132 0.035527 0.0597354 0.444609
0 0.615527 0.937498 0.0416367 0.125003 0.399895
0 0.521822 0.967642 0.0365103 0.0647156 0.382155
0 0.54723 0.858614 0.0471247 0.171069 0.368273
0 0.443086 0.976673 0.026276 0.0466536 0.353459
0 0.576068 0.942255 0.0403469 0.109517 0.320836
0 0.486615 0.325344 0.0232576 0.12425 0.303176
0 0.406168 0.979385 0.021038 0.0412304 0.264825
