0 0.571795 0.618124 0.0444312 0.207801 0.790874
0 0.328261 0.469037 0.0333843 0.165136 0.682517
0 0.352194 0.959732 0.0437809 0.0805359 0.661965
0 0.291881 0.943587 0.0668407 0.112826 0.653998
0 0.598005 0.453668 0.0421147 0.1688 0.623673
0 0.686685 0.763193 0.0426207 0.172094 0.54535
0 0.819727 0.451478 0.0745865 0.161507 0.519946
0 0.407256 0.964752 0.0422533 0.0698144 0.500267
0 0.632285 0.700021 0.0733986 0.176595 0.41203
0 0.720348 0.523844 0.0390919 0.18079 0.347651
0 0.644043 0.919004 0.0645524 0.161992 0.33949
0 0.603649 0.35804 0.03325 0.0665421 0.297006
0 0.571795 0.618124 0.0444312 0.207801 0.790874
0 0.328261 0.469037 0.0333843 0.165136 0.682517
0 0.352194 0.959732 0.0437809 0.0805359 0.661965
0 0.291881 0.943587 0.0668407 0.112826 0.653998
0 0.598005 0.453668 0.0421147 0.1688 0.623673
0 0.686685 0.763193 0.0426207 0.172094 0.54535
0 0.819727 0.451478 0.0745865 0.161507 0.519946
0 0.407256 0.964752 0.0422533 0.0698144 0.500267
0 0.632285 0.700021 0.0733986 0.176595 0.41203
0 0.720348 0.523844 0.0390919 0.18079 0.347651
0 0.644043 0.919004 0.0645524 0.161992 0.33949
0 0.603649 0.35804 0.03325 0.0665421 0.297006
