0 0.371725 0.735242 0.310029 0.511128 0.836738
0 0.529491 0.792954 0.242427 0.40047 0.835222
0 0.838767 0.311216 0.26708 0.612883 0.603199
0 0.157518 0.283262 0.238573 0.545219 0.556381
0 0.633831 0.300537 0.344868 0.588769 0.393139
0 0.276706 0.284426 0.279773 0.558886 0.358866
0 0.371725 0.735242 0.310029 0.511128 0.836738
0 0.529491 0.792954 0.242427 0.40047 0.835222
0 0.838767 0.311216 0.26708 0.612883 0.603199
0 0.157518 0.283262 0.238573 0.545219 0.556381
0 0.633831 0.300537 0.344868 0.588769 0.393139
0 0.276706 0.284426 0.279773 0.558886 0.358866
