0 0.792922 0.570983 0.171266 0.843429 0.881815
0 0.559738 0.581111 0.194539 0.817766 0.877362
0 0.162418 0.60534 0.188449 0.772158 0.876209
0 0.941549 0.404155 0.069957 0.207873 0.611957
0 0.965659 0.539908 0.0678482 0.224613 0.576987
0 0.918307 0.528005 0.0941481 0.255051 0.50004
0 0.412538 0.411114 0.0867822 0.192115 0.372603
0 0.414561 0.540907 0.0818959 0.245471 0.358274
0 0.285149 0.53153 0.0986908 0.262229 0.343617
0 0.332121 0.270997 0.0912081 0.188303 0.334917
0 0.125055 0.29902 0.0837165 0.238184 0.332864
0 0.333987 0.390349 0.0676509 0.216395 0.299355
0 0.266371 0.381632 0.0890367 0.202669 0.288038
0 0.349983 0.498154 0.0600295 0.142045 0.255917
0 0.792922 0.570983 0.171266 0.843429 0.881815
0 0.559738 0.581111 0.194539 0.817766 0.877362
0 0.162418 0.60534 0.188449 0.772158 0.876209
0 0.941549 0.404155 0.069957 0.207873 0.611957
0 0.965659 0.539908 0.0678482 0.224613 0.576987
0 0.918307 0.528005 0.0941481 0.255051 0.50004
0 0.412538 0.411114 0.0867822 0.192115 0.372603
0 0.414561 0.540907 0.0818959 0.245471 0.358274
0 0.285149 0.53153 0.0986908 0.262229 0.343617
0 0.332121 0.270997 0.0912081 0.188303 0.334917
0 0.125055 0.29902 0.0837165 0.238184 0.332864
0 0.333987 0.390349 0.0676509 0.216395 0.299355
0 0.266371 0.381632 0.0890367 0.202669 0.288038
0 0.349983 0.498154 0.0600295 0.142045 0.255917
