0 0.260649 0.46414 0.0347723 0.131843 0.811593
0 0.680431 0.67176 0.0455547 0.172258 0.770396
0 0.84148 0.730694 0.0616381 0.201344 0.763267
0 0.338611 0.56143 0.0445434 0.147176 0.731697
0 0.468785 0.572422 0.03587 0.161109 0.69816
0 0.614804 0.842202 0.0522852 0.149389 0.668522
0 0.153317 0.411471 0.0250111 0.12236 0.645858
0 0.232047 0.59129 0.0566612 0.159628 0.639045
0 0.51207 0.643036 0.0770623 0.17642 0.589435
0 0.415559 0.410205 0.0228764 0.123603 0.566083
0 0.475166 0.970205 0.03517 0.0595891 0.501714
0 0.554251 0.832425 0.0468655 0.174911 0.491068
0 0.670328 0.476035 0.0378759 0.13653 0.471417
0 0.522562 0.966674 0.0367973 0.0666515 0.432759
0 0.615908 0.937308 0.0411021 0.125383 0.403379
0 0.574893 0.939235 0.039547 0.114578 0.376659
0 0.487217 0.324944 0.0231989 0.123371 0.285148
0 0.444873 0.977511 0.0242118 0.044978 0.250105
0 0.260649 0.46414 0.0347723 0.131843 0.811593
0 0.680431 0.67176 0.0455547 0.172258 0.770396
0 0.84148 0.730694 0.0616381 0.201344 0.763267
0 0.338611 0.56143 0.0445434 0.147176 0.731697
0 0.468785 0.572422 0.03587 0.161109 0.69816
0 0.614804 0.842202 0.0522852 0.149389 0.668522
0 0.153317 0.411471 0.0250111 0.12236 0.645858
0 0.232047 0.59129 0.0566612 0.159628 0.639045
0 0.51207 0.643036 0.0770623 0.17642 0.589435
0 0.415559 0.410205 0.0228764 0.123603 0.566083
0 0.475166 0.970205 0.03517 0.0595891 0.501714
0 0.554251 0.832425 0.0468655 0.174911 0.491068
0 0.670328 0.476035 0.0378759 0.13653 0.471417
0 0.522562 0.966674 0.0367973 0.0666515 0.432759
0 0.615908 0.937308 0.0411021 0.125383 0.403379
0 0.574893 0.939235 0.039547 0.114578 0.376659
0 0.487217 0.324944 0.0231989 0.123371 0.285148
0 0.444873 0.977511 0.0242118 0.044978 0.250105
