0 0.304375 0.671321 0.0575464 0.17274 0.771086
0 0.899349 0.626128 0.0501673 0.183101 0.687768
0 0.269089 0.965506 0.0387551 0.0689876 0.681917
0 0.585451 0.937805 0.050562 0.123665 0.639325
0 0.646947 0.651719 0.0464591 0.130058 0.580455
0 0.569277 0.557676 0.0577484 0.15022 0.571458
0 0.112976 0.967864 0.0414357 0.0642725 0.495732
0 0.650383 0.795726 0.0603302 0.220726 0.481423
0 0.978024 0.94397 0.0434021 0.11206 0.409432
0 0.636577 0.495434 0.0506538 0.134664 0.405929
0 0.967328 0.508722 0.064406 0.152629 0.361063
0 0.301711 0.976505 0.0270841 0.0465693 0.339507
0 0.977038 0.668684 0.0439129 0.100269 0.323399
0 0.683487 0.449077 0.0396631 0.144667 0.282522
0 0.304375 0.671321 0.0575464 0.17274 0.771086
0 0.899349 0.626128 0.0501673 0.183101 0.687768
0 0.269089 0.965506 0.0387551 0.0689876 0.681917
0 0.585451 0.937805 0.050562 0.123665 0.639325
0 0.646947 0.651719 0.0464591 0.130058 0.580455
0 0.569277 0.557676 0.0577484 0.15022 0.571458
0 0.112976 0.967864 0.0414357 0.0642725 0.495732
0 0.650383 0.795726 0.0603302 0.220726 0.481423
0 0.978024 0.94397 0.0434021 0.11206 0.409432
0 0.636577 0.495434 0.0506538 0.134664 0.405929
0 0.967328 0.508722 0.064406 0.152629 0.361063
0 0.301711 0.976505 0.0270841 0.0465693 0.339507
0 0.977038 0.668684 0.0439129 0.100269 0.323399
0 0.683487 0.449077 0.0396631 0.144667 0.282522
