0 0.601235 0.915676 0.0695353 0.168648 0.791341
0 0.367099 0.543919 0.0687902 0.181676 0.783766
0 0.456643 0.682932 0.0473068 0.18764 0.720105
0 0.538049 0.61865 0.0251686 0.188885 0.669212
0 0.685584 0.696925 0.0478167 0.212232 0.622321
0 0.718699 0.5046 0.0470952 0.152463 0.547177
0 0.168827 0.448173 0.0458023 0.149834 0.48849
0 0.90678 0.610479 0.0250687 0.163671 0.459173
0 0.647149 0.975664 0.0389383 0.048671 0.453142
0 0.38307 0.441527 0.0328899 0.135019 0.439893
0 0.972495 0.794314 0.0529453 0.144179 0.359539
0 0.729753 0.975729 0.0319565 0.0485419 0.342671
0 0.508975 0.343016 0.0315551 0.130256 0.285615
0 0.601235 0.915676 0.0695353 0.168648 0.791341
0 0.367099 0.543919 0.0687902 0.181676 0.783766
0 0.456643 0.682932 0.0473068 0.18764 0.720105
0 0.538049 0.61865 0.0251686 0.188885 0.669212
0 0.685584 0.696925 0.0478167 0.212232 0.622321
0 0.718699 0.5046 0.0470952 0.152463 0.547177
0 0.168827 0.448173 0.0458023 0.149834 0.48849
0 0.90678 0.610479 0.0250687 0.163671 0.459173
0 0.647149 0.975664 0.0389383 0.048671 0.453142
0 0.38307 0.441527 0.0328899 0.135019 0.439893
0 0.972495 0.794314 0.0529453 0.144179 0.359539
0 0.729753 0.975729 0.0319565 0.0485419 0.342671
0 0.508975 0.343016 0.0315551 0.130256 0.285615
