0 0.814771 0.582727 0.162792 0.823099 0.71294
0 0.515672 0.45865 0.179329 0.579281 0.621842
0 0.260905 0.459403 0.205195 0.54797 0.621344
0 0.698134 0.559736 0.088673 0.23538 0.374843
0 0.66104 0.425489 0.0788994 0.200057 0.37028
0 0.041042 0.299698 0.0820839 0.215632 0.311176
0 0.638929 0.55347 0.0846798 0.250195 0.298016
0 0.212562 0.325805 0.0944228 0.23907 0.265308
0 0.814771 0.582727 0.162792 0.823099 0.71294
0 0.515672 0.45865 0.179329 0.579281 0.621842
0 0.260905 0.459403 0.205195 0.54797 0.621344
0 0.698134 0.559736 0.088673 0.23538 0.374843
0 0.66104 0.425489 0.0788994 0.200057 0.37028
0 0.041042 0.299698 0.0820839 0.215632 0.311176
0 0.638929 0.55347 0.0846798 0.250195 0.298016
0 0.212562 0.325805 0.0944228 0.23907 0.265308
