0 0.652999 0.665125 0.0646658 0.191012 0.813836
0 0.33956 0.74297 0.0533975 0.193549 0.809899
0 0.174394 0.633218 0.0397941 0.163289 0.728837
0 0.359977 0.531259 0.0454066 0.164259 0.69849
0 0.86181 0.596312 0.0361618 0.122841 0.684807
0 0.531274 0.968677 0.0381186 0.0626465 0.678914
0 0.72855 0.592089 0.061501 0.180938 0.673098
0 0.556903 0.663362 0.0464531 0.174861 0.606268
0 0.6812 0.493957 0.0582716 0.18377 0.59582
0 0.582889 0.661681 0.0398626 0.181767 0.573013
0 0.635212 0.454559 0.0244617 0.13808 0.540568
0 0.759588 0.648647 0.0748508 0.135164 0.53392
0 0.154412 0.971284 0.0355568 0.0574327 0.476691
0 0.8909 0.489005 0.0354706 0.136795 0.450836
0 0.280637 0.974768 0.0190994 0.0469754 0.346576
0 0.0399975 0.523891 0.0424674 0.117581 0.254525
0 0.652999 0.665125 0.0646658 0.191012 0.813836
0 0.33956 0.74297 0.0533975 0.193549 0.809899
0 0.174394 0.633218 0.0397941 0.163289 0.728837
0 0.359977 0.531259 0.0454066 0.164259 0.69849
0 0.86181 0.596312 0.0361618 0.122841 0.684807
0 0.531274 0.968677 0.0381186 0.0626465 0.678914
0 0.72855 0.592089 0.061501 0.180938 0.673098
0 0.556903 0.663362 0.0464531 0.174861 0.606268
0 0.6812 0.493957 0.0582716 0.18377 0.59582
0 0.582889 0.661681 0.0398626 0.181767 0.573013
0 0.635212 0.454559 0.0244617 0.13808 0.540568
0 0.759588 0.648647 0.0748508 0.135164 0.53392
0 0.154412 0.971284 0.0355568 0.0574327 0.476691
0 0.8909 0.489005 0.0354706 0.136795 0.450836
0 0.280637 0.974768 0.0190994 0.0469754 0.346576
0 0.0399975 0.523891 0.0424674 0.117581 0.254525
