0 0.484723 0.92058 0.0526252 0.157394 0.804132
0 0.55744 0.541308 0.0524919 0.139301 0.684648
0 0.274357 0.963495 0.0361605 0.0730108 0.652954
0 0.893165 0.917219 0.0493919 0.165562 0.634199
0 0.608016 0.796242 0.067865 0.228686 0.602718
0 0.2695 0.668383 0.066825 0.168124 0.509558
0 0.63963 0.481386 0.050473 0.181925 0.489106
0 0.318595 0.486969 0.047718 0.153102 0.470488
0 0.912016 0.650076 0.0450911 0.160851 0.468871
0 0.124081 0.966893 0.0460732 0.0662145 0.426754
0 0.86988 0.589977 0.0507938 0.135106 0.421977
0 0.310819 0.970658 0.0221776 0.0538845 0.38957
0 0.0195724 0.951798 0.0387277 0.0937531 0.317344
0 0.604413 0.660355 0.0605341 0.147252 0.276222
0 0.357475 0.983334 0.024058 0.0333327 0.270214
0 0.484723 0.92058 0.0526252 0.157394 0.804132
0 0.55744 0.541308 0.0524919 0.139301 0.684648
0 0.274357 0.963495 0.0361605 0.0730108 0.652954
0 0.893165 0.917219 0.0493919 0.165562 0.634199
0 0.608016 0.796242 0.067865 0.228686 0.602718
0 0.2695 0.668383 0.066825 0.168124 0.509558
0 0.63963 0.481386 0.050473 0.181925 0.489106
0 0.318595 0.486969 0.047718 0.153102 0.470488
0 0.912016 0.650076 0.0450911 0.160851 0.468871
0 0.124081 0.966893 0.0460732 0.0662145 0.426754
0 0.86988 0.589977 0.0507938 0.135106 0.421977
0 0.310819 0.970658 0.0221776 0.0538845 0.38957
0 0.0195724 0.951798 0.0387277 0.0937531 0.317344
0 0.604413 0.660355 0.0605341 0.147252 0.276222
0 0.357475 0.983334 0.024058 0.0333327 0.270214
