0 0.211064 0.580789 0.181791 0.835408 0.81603
0 0.517854 0.582434 0.170473 0.821806 0.619264
0 0.785157 0.642943 0.157304 0.706419 0.593949
0 0.367109 0.430401 0.0732814 0.21481 0.358395
0 0.41219 0.541187 0.0823735 0.292144 0.32959
0 0.976767 0.52167 0.0459959 0.450642 0.286201
0 0.211064 0.580789 0.181791 0.835408 0.81603
0 0.517854 0.582434 0.170473 0.821806 0.619264
0 0.785157 0.642943 0.157304 0.706419 0.593949
0 0.367109 0.430401 0.0732814 0.21481 0.358395
0 0.41219 0.541187 0.0823735 0.292144 0.32959
0 0.976767 0.52167 0.0459959 0.450642 0.286201
