0 0.300432 0.576734 0.168841 0.835083 0.825458
0 0.808231 0.443604 0.160466 0.587344 0.800694
0 0.603567 0.518543 0.160087 0.450579 0.727987
0 0.036906 0.567272 0.0738121 0.84574 0.613209
0 0.467367 0.571106 0.122569 0.235759 0.392596
0 0.202078 0.504538 0.0825698 0.384121 0.351212
0 0.11376 0.564944 0.113648 0.276531 0.344698
0 0.929012 0.433069 0.072975 0.175743 0.304837
0 0.13819 0.429681 0.0708023 0.23046 0.263822
56 0.729309 0.647983 0.0582731 0.0713246 0.25728
0 0.924881 0.569882 0.0868418 0.201034 0.253036
0 0.300432 0.576734 0.168841 0.835083 0.825458
0 0.808231 0.443604 0.160466 0.587344 0.800694
0 0.603567 0.518543 0.160087 0.450579 0.727987
0 0.036906 0.567272 0.0738121 0.84574 0.613209
0 0.467367 0.571106 0.122569 0.235759 0.392596
0 0.202078 0.504538 0.0825698 0.384121 0.351212
0 0.11376 0.564944 0.113648 0.276531 0.344698
0 0.929012 0.433069 0.072975 0.175743 0.304837
0 0.13819 0.429681 0.0708023 0.23046 0.263822
56 0.729309 0.647983 0.0582731 0.0713246 0.25728
0 0.924881 0.569882 0.0868418 0.201034 0.253036
