0 0.356473 0.554475 0.0497314 0.174264 0.768517
0 0.398158 0.404565 0.0287516 0.130612 0.714746
0 0.243204 0.479534 0.0572969 0.128472 0.709754
0 0.116595 0.40684 0.0355533 0.128489 0.708547
0 0.778474 0.732166 0.0462261 0.202834 0.70699
0 0.408742 0.950459 0.0440038 0.0990818 0.622422
0 0.5159 0.615655 0.050432 0.186304 0.607879
0 0.688102 0.647546 0.0255726 0.176171 0.600702
0 0.481229 0.573568 0.0349461 0.167532 0.542899
0 0.200227 0.625269 0.0967397 0.204997 0.528478
0 0.470472 0.949407 0.0549618 0.101186 0.506423
0 0.565798 0.62135 0.037023 0.162751 0.493485
0 0.475194 0.318715 0.031658 0.118804 0.387079
0 0.513815 0.948092 0.0370756 0.10256 0.33406
0 0.588336 0.831175 0.0568274 0.172062 0.333137
0 0.0099078 0.591751 0.0196641 0.0610025 0.267478
0 0.356473 0.554475 0.0497314 0.174264 0.768517
0 0.398158 0.404565 0.0287516 0.130612 0.714746
0 0.243204 0.479534 0.0572969 0.128472 0.709754
0 0.116595 0.40684 0.0355533 0.128489 0.708547
0 0.778474 0.732166 0.0462261 0.202834 0.70699
0 0.408742 0.950459 0.0440038 0.0990818 0.622422
0 0.5159 0.615655 0.050432 0.186304 0.607879
0 0.688102 0.647546 0.0255726 0.176171 0.600702
0 0.481229 0.573568 0.0349461 0.167532 0.542899
0 0.200227 0.625269 0.0967397 0.204997 0.528478
0 0.470472 0.949407 0.0549618 0.101186 0.506423
0 0.565798 0.62135 0.037023 0.162751 0.493485
0 0.475194 0.318715 0.031658 0.118804 0.387079
0 0.513815 0.948092 0.0370756 0.10256 0.33406
0 0.588336 0.831175 0.0568274 0.172062 0.333137
0 0.0099078 0.591751 0.0196641 0.0610025 0.267478
