0 0.293059 0.677222 0.0377198 0.18117 0.813695
0 0.483914 0.689318 0.029508 0.205788 0.772118
0 0.561149 0.492163 0.0408834 0.152926 0.684848
0 0.576602 0.943925 0.0374869 0.112149 0.660906
0 0.781554 0.460757 0.0387543 0.126018 0.64899
0 0.597072 0.811989 0.044338 0.170714 0.636214
0 0.896315 0.723092 0.069643 0.179841 0.627716
0 0.287326 0.471793 0.0330626 0.154265 0.595299
0 0.601303 0.524014 0.0385704 0.180253 0.590488
0 0.544674 0.971222 0.039033 0.0575568 0.510877
0 0.1062 0.572599 0.0301068 0.155917 0.50879
0 0.658314 0.612985 0.0622355 0.139576 0.487698
0 0.668252 0.504215 0.0247557 0.0916421 0.461108
0 0.419872 0.966802 0.0401707 0.0663956 0.439143
0 0.376671 0.957707 0.0399112 0.0844225 0.431979
0 0.503041 0.976942 0.0304593 0.0461158 0.393724
0 0.314608 0.938941 0.0509976 0.118169 0.378371
0 0.271859 0.929568 0.045302 0.118307 0.284656
0 0.293059 0.677222 0.0377198 0.18117 0.813695
0 0.483914 0.689318 0.029508 0.205788 0.772118
0 0.561149 0.492163 0.0408834 0.152926 0.684848
0 0.576602 0.943925 0.0374869 0.112149 0.660906
0 0.781554 0.460757 0.0387543 0.126018 0.64899
0 0.597072 0.811989 0.044338 0.170714 0.636214
0 0.896315 0.723092 0.069643 0.179841 0.627716
0 0.287326 0.471793 0.0330626 0.154265 0.595299
0 0.601303 0.524014 0.0385704 0.180253 0.590488
0 0.544674 0.971222 0.039033 0.0575568 0.510877
0 0.1062 0.572599 0.0301068 0.155917 0.50879
0 0.658314 0.612985 0.0622355 0.139576 0.487698
0 0.668252 0.504215 0.0247557 0.0916421 0.461108
0 0.419872 0.966802 0.0401707 0.0663956 0.439143
0 0.376671 0.957707 0.0399112 0.0844225 0.431979
0 0.503041 0.976942 0.0304593 0.0461158 0.393724
0 0.314608 0.938941 0.0509976 0.118169 0.378371
0 0.271859 0.929568 0.045302 0.118307 0.284656
