0 0.615232 0.680146 0.0402986 0.176824 0.772617
0 0.373969 0.848779 0.0446756 0.214694 0.766993
0 0.874531 0.731746 0.037944 0.21418 0.622843
0 0.619806 0.49372 0.0307011 0.142061 0.605387
0 0.58253 0.871424 0.0526598 0.172049 0.540113
0 0.389113 0.671197 0.0643322 0.179652 0.49056
0 0.344606 0.432747 0.0259769 0.119774 0.471767
0 0.269757 0.469984 0.0267892 0.127671 0.417411
0 0.524481 0.959747 0.0464342 0.0797947 0.366938
0 0.283371 0.560877 0.0553445 0.156667 0.325662
0 0.331388 0.487962 0.0345502 0.133822 0.320568
0 0.434303 0.338084 0.025351 0.130325 0.31888
0 0.566458 0.953355 0.038517 0.0932895 0.316449
0 0.783696 0.586553 0.0208801 0.0900542 0.252837
0 0.615232 0.680146 0.0402986 0.176824 0.772617
0 0.373969 0.848779 0.0446756 0.214694 0.766993
0 0.874531 0.731746 0.037944 0.21418 0.622843
0 0.619806 0.49372 0.0307011 0.142061 0.605387
0 0.58253 0.871424 0.0526598 0.172049 0.540113
0 0.389113 0.671197 0.0643322 0.179652 0.49056
0 0.344606 0.432747 0.0259769 0.119774 0.471767
0 0.269757 0.469984 0.0267892 0.127671 0.417411
0 0.524481 0.959747 0.0464342 0.0797947 0.366938
0 0.283371 0.560877 0.0553445 0.156667 0.325662
0 0.331388 0.487962 0.0345502 0.133822 0.320568
0 0.434303 0.338084 0.025351 0.130325 0.31888
0 0.566458 0.953355 0.038517 0.0932895 0.316449
0 0.783696 0.586553 0.0208801 0.0900542 0.252837
