0 0.26945 0.696443 0.06087 0.172285 0.799481
0 0.579264 0.945694 0.0458341 0.108613 0.727659
0 0.656696 0.441328 0.0280598 0.127612 0.651696
0 0.149164 0.568865 0.0384917 0.154644 0.59828
0 0.520245 0.715411 0.0430995 0.131349 0.572343
0 0.413722 0.958211 0.0401568 0.0834108 0.537956
0 0.73812 0.656628 0.0622676 0.18149 0.536124
0 0.528366 0.878282 0.0513806 0.231926 0.526102
0 0.641348 0.590797 0.0317549 0.166585 0.475451
0 0.824324 0.429529 0.0282558 0.137005 0.451445
0 0.560782 0.536345 0.0508741 0.135662 0.41248
0 0.498608 0.920993 0.0373907 0.158014 0.379252
0 0.458019 0.967395 0.0401457 0.0652091 0.359911
0 0.350965 0.938419 0.0536029 0.119005 0.356102
0 0.307167 0.932112 0.0492808 0.128651 0.27009
0 0.26945 0.696443 0.06087 0.172285 0.799481
0 0.579264 0.945694 0.0458341 0.108613 0.727659
0 0.656696 0.441328 0.0280598 0.127612 0.651696
0 0.149164 0.568865 0.0384917 0.154644 0.59828
0 0.520245 0.715411 0.0430995 0.131349 0.572343
0 0.413722 0.958211 0.0401568 0.0834108 0.537956
0 0.73812 0.656628 0.0622676 0.18149 0.536124
0 0.528366 0.878282 0.0513806 0.231926 0.526102
0 0.641348 0.590797 0.0317549 0.166585 0.475451
0 0.824324 0.429529 0.0282558 0.137005 0.451445
0 0.560782 0.536345 0.0508741 0.135662 0.41248
0 0.498608 0.920993 0.0373907 0.158014 0.379252
0 0.458019 0.967395 0.0401457 0.0652091 0.359911
0 0.350965 0.938419 0.0536029 0.119005 0.356102
0 0.307167 0.932112 0.0492808 0.128651 0.27009
