0 0.0474223 0.527004 0.0291422 0.134138 0.735133
0 0.396611 0.529528 0.0334618 0.16991 0.631133
0 0.458546 0.900503 0.0447861 0.185523 0.619547
0 0.72627 0.45253 0.0490705 0.141256 0.611075
0 0.324762 0.432826 0.0256734 0.128165 0.597093
0 0.111338 0.405685 0.026264 0.11252 0.565841
0 0.370595 0.380931 0.0223494 0.0970896 0.554423
0 0.37612 0.951096 0.0540539 0.0978085 0.488562
0 0.589399 0.652037 0.043424 0.160774 0.428139
0 0.615147 0.84011 0.0558073 0.21341 0.407004
0 0.234876 0.65484 0.0485012 0.178775 0.392107
0 0.467869 0.57193 0.0558725 0.144508 0.33786
0 0.429064 0.58073 0.0419882 0.175001 0.327933
0 0.418801 0.927316 0.0436128 0.141988 0.320385
0 0.695313 0.656479 0.0479777 0.148474 0.304105
0 0.0474223 0.527004 0.0291422 0.134138 0.735133
0 0.396611 0.529528 0.0334618 0.16991 0.631133
0 0.458546 0.900503 0.0447861 0.185523 0.619547
0 0.72627 0.45253 0.0490705 0.141256 0.611075
0 0.324762 0.432826 0.0256734 0.128165 0.597093
0 0.111338 0.405685 0.026264 0.11252 0.565841
0 0.370595 0.380931 0.0223494 0.0970896 0.554423
0 0.37612 0.951096 0.0540539 0.0978085 0.488562
0 0.589399 0.652037 0.043424 0.160774 0.428139
0 0.615147 0.84011 0.0558073 0.21341 0.407004
0 0.234876 0.65484 0.0485012 0.178775 0.392107
0 0.467869 0.57193 0.0558725 0.144508 0.33786
0 0.429064 0.58073 0.0419882 0.175001 0.327933
0 0.418801 0.927316 0.0436128 0.141988 0.320385
0 0.695313 0.656479 0.0479777 0.148474 0.304105
