0 0.0521013 0.524442 0.0420232 0.13848 0.74715
0 0.237665 0.655547 0.02774 0.19496 0.632586
0 0.387635 0.933356 0.0473672 0.133287 0.603943
0 0.401209 0.507001 0.0300056 0.137491 0.596341
0 0.740711 0.449238 0.0485873 0.142015 0.510117
0 0.115019 0.408715 0.0208719 0.12828 0.505153
0 0.34535 0.432867 0.0277105 0.132712 0.501451
0 0.336901 0.972206 0.0403786 0.0555889 0.450872
0 0.682969 0.655643 0.0335289 0.151765 0.440536
0 0.4717 0.888686 0.042652 0.176356 0.433645
0 0.450473 0.563125 0.0838692 0.152248 0.344767
0 0.52089 0.764634 0.0388044 0.174936 0.312913
0 0.396144 0.334437 0.0217756 0.113356 0.250922
0 0.0521013 0.524442 0.0420232 0.13848 0.74715
0 0.237665 0.655547 0.02774 0.19496 0.632586
0 0.387635 0.933356 0.0473672 0.133287 0.603943
0 0.401209 0.507001 0.0300056 0.137491 0.596341
0 0.740711 0.449238 0.0485873 0.142015 0.510117
0 0.115019 0.408715 0.0208719 0.12828 0.505153
0 0.34535 0.432867 0.0277105 0.132712 0.501451
0 0.336901 0.972206 0.0403786 0.0555889 0.450872
0 0.682969 0.655643 0.0335289 0.151765 0.440536
0 0.4717 0.888686 0.042652 0.176356 0.433645
0 0.450473 0.563125 0.0838692 0.152248 0.344767
0 0.52089 0.764634 0.0388044 0.174936 0.312913
0 0.396144 0.334437 0.0217756 0.113356 0.250922
