0 0.107669 0.584418 0.213947 0.805748 0.871854
0 0.358162 0.579895 0.171955 0.823751 0.809986
0 0.669353 0.577502 0.164599 0.830904 0.795761
0 0.923964 0.519144 0.151228 0.452927 0.719502
0 0.512561 0.427764 0.0741443 0.205481 0.421783
0 0.0507195 0.325775 0.0936529 0.248351 0.402166
0 0.550407 0.557037 0.0899384 0.24936 0.38666
0 0.494223 0.557431 0.0839474 0.254541 0.275066
0 0.107669 0.584418 0.213947 0.805748 0.871854
0 0.358162 0.579895 0.171955 0.823751 0.809986
0 0.669353 0.577502 0.164599 0.830904 0.795761
0 0.923964 0.519144 0.151228 0.452927 0.719502
0 0.512561 0.427764 0.0741443 0.205481 0.421783
0 0.0507195 0.325775 0.0936529 0.248351 0.402166
0 0.550407 0.557037 0.0899384 0.24936 0.38666
0 0.494223 0.557431 0.0839474 0.254541 0.275066
