0 0.345643 0.686455 0.0291335 0.182044 0.688345
0 0.159313 0.573466 0.0351899 0.157088 0.680158
0 0.60823 0.951697 0.0432089 0.0965897 0.614248
0 0.621802 0.703353 0.0416066 0.189213 0.607552
0 0.329303 0.491182 0.049755 0.168393 0.570248
0 0.807647 0.65812 0.0482407 0.181691 0.553866
0 0.503447 0.933392 0.0385149 0.133217 0.516259
0 0.474459 0.972626 0.0331982 0.0547483 0.48698
0 0.365547 0.946264 0.0574018 0.107471 0.450924
0 0.480249 0.647775 0.0611315 0.15753 0.411231
0 0.519097 0.678977 0.036705 0.193278 0.344545
0 0.431356 0.965729 0.037616 0.0685411 0.334849
0 0.322025 0.940141 0.0475865 0.11531 0.32397
0 0.697765 0.506688 0.0355179 0.120894 0.283094
0 0.345643 0.686455 0.0291335 0.182044 0.688345
0 0.159313 0.573466 0.0351899 0.157088 0.680158
0 0.60823 0.951697 0.0432089 0.0965897 0.614248
0 0.621802 0.703353 0.0416066 0.189213 0.607552
0 0.329303 0.491182 0.049755 0.168393 0.570248
0 0.807647 0.65812 0.0482407 0.181691 0.553866
0 0.503447 0.933392 0.0385149 0.133217 0.516259
0 0.474459 0.972626 0.0331982 0.0547483 0.48698
0 0.365547 0.946264 0.0574018 0.107471 0.450924
0 0.480249 0.647775 0.0611315 0.15753 0.411231
0 0.519097 0.678977 0.036705 0.193278 0.344545
0 0.431356 0.965729 0.037616 0.0685411 0.334849
0 0.322025 0.940141 0.0475865 0.11531 0.32397
0 0.697765 0.506688 0.0355179 0.120894 0.283094
