0 0.19471 0.478727 0.0354973 0.154106 0.793579
0 0.328015 0.727153 0.0795008 0.198347 0.725931
0 0.570746 0.886337 0.0533045 0.189365 0.719609
0 0.646597 0.70176 0.0573533 0.173612 0.696971
0 0.397012 0.646673 0.0578352 0.191607 0.671663
0 0.817983 0.764506 0.0844568 0.16414 0.659939
0 0.271301 0.87683 0.101799 0.151931 0.644094
0 0.253363 0.443433 0.0351593 0.131181 0.638369
0 0.285734 0.50807 0.0290112 0.138742 0.552716
0 0.609454 0.481914 0.03571 0.142786 0.402802
0 0.465808 0.973707 0.0340841 0.0525865 0.36975
0 0.50554 0.965294 0.0377164 0.0694112 0.353259
0 0.407073 0.343722 0.0265335 0.110496 0.341644
0 0.826136 0.585428 0.0369484 0.145691 0.339253
0 0.543056 0.960373 0.0451449 0.0792533 0.325655
0 0.221233 0.653877 0.0693653 0.107495 0.319829
0 0.413278 0.625213 0.0486559 0.154174 0.317449
0 0.265314 0.610847 0.0504392 0.128253 0.269024
0 0.19471 0.478727 0.0354973 0.154106 0.793579
0 0.328015 0.727153 0.0795008 0.198347 0.725931
0 0.570746 0.886337 0.0533045 0.189365 0.719609
0 0.646597 0.70176 0.0573533 0.173612 0.696971
0 0.397012 0.646673 0.0578352 0.191607 0.671663
0 0.817983 0.764506 0.0844568 0.16414 0.659939
0 0.271301 0.87683 0.101799 0.151931 0.644094
0 0.253363 0.443433 0.0351593 0.131181 0.638369
0 0.285734 0.50807 0.0290112 0.138742 0.552716
0 0.609454 0.481914 0.03571 0.142786 0.402802
0 0.465808 0.973707 0.0340841 0.0525865 0.36975
0 0.50554 0.965294 0.0377164 0.0694112 0.353259
0 0.407073 0.343722 0.0265335 0.110496 0.341644
0 0.826136 0.585428 0.0369484 0.145691 0.339253
0 0.543056 0.960373 0.0451449 0.0792533 0.325655
0 0.221233 0.653877 0.0693653 0.107495 0.319829
0 0.413278 0.625213 0.0486559 0.154174 0.317449
0 0.265314 0.610847 0.0504392 0.128253 0.269024
