0 0.53761 0.744611 0.0621884 0.206007 0.674352
0 0.598985 0.961718 0.0420013 0.076564 0.671247
0 0.745631 0.513933 0.0537358 0.179873 0.658539
0 0.694403 0.662002 0.0363029 0.200204 0.655359
0 0.29285 0.689172 0.0345971 0.190002 0.643423
0 0.942927 0.682015 0.0553623 0.159319 0.595318
0 0.586721 0.658932 0.0424449 0.0987874 0.536777
0 0.725578 0.485657 0.0310654 0.153121 0.477523
0 0.55528 0.605738 0.0368933 0.145614 0.453334
32 0.35775 0.525893 0.0316061 0.0716788 0.424341
0 0.80323 0.436788 0.0286926 0.096775 0.370666
0 0.0398286 0.967476 0.04518 0.0650477 0.368512
38 0.778358 0.504043 0.0235432 0.0447238 0.347032
0 0.0155439 0.452011 0.0310877 0.0863736 0.252707
0 0.53761 0.744611 0.0621884 0.206007 0.674352
0 0.598985 0.961718 0.0420013 0.076564 0.671247
0 0.745631 0.513933 0.0537358 0.179873 0.658539
0 0.694403 0.662002 0.0363029 0.200204 0.655359
0 0.29285 0.689172 0.0345971 0.190002 0.643423
0 0.942927 0.682015 0.0553623 0.159319 0.595318
0 0.586721 0.658932 0.0424449 0.0987874 0.536777
0 0.725578 0.485657 0.0310654 0.153121 0.477523
0 0.55528 0.605738 0.0368933 0.145614 0.453334
32 0.35775 0.525893 0.0316061 0.0716788 0.424341
0 0.80323 0.436788 0.0286926 0.096775 0.370666
0 0.0398286 0.967476 0.04518 0.0650477 0.368512
38 0.778358 0.504043 0.0235432 0.0447238 0.347032
0 0.0155439 0.452011 0.0310877 0.0863736 0.252707
