0 0.441357 0.687074 0.042127 0.17741 0.760378
0 0.666004 0.514971 0.0379265 0.149728 0.649082
0 0.60351 0.499011 0.0503757 0.159038 0.632776
0 0.69725 0.511527 0.0300547 0.160041 0.585089
0 0.757352 0.578651 0.049839 0.124183 0.526407
0 0.42834 0.954803 0.0403646 0.0903938 0.522364
0 0.567438 0.604456 0.0438328 0.172779 0.515329
0 0.296193 0.471896 0.0328793 0.142833 0.508253
0 0.466603 0.959253 0.0433405 0.0814936 0.496965
0 0.246263 0.800686 0.0727655 0.176975 0.478068
0 0.543974 0.568583 0.0454611 0.183751 0.393247
0 0.395543 0.93966 0.0514746 0.120112 0.369625
0 0.355809 0.933341 0.0528163 0.124789 0.3207
0 0.984814 0.771682 0.0295349 0.0857554 0.305206
0 0.441357 0.687074 0.042127 0.17741 0.760378
0 0.666004 0.514971 0.0379265 0.149728 0.649082
0 0.60351 0.499011 0.0503757 0.159038 0.632776
0 0.69725 0.511527 0.0300547 0.160041 0.585089
0 0.757352 0.578651 0.049839 0.124183 0.526407
0 0.42834 0.954803 0.0403646 0.0903938 0.522364
0 0.567438 0.604456 0.0438328 0.172779 0.515329
0 0.296193 0.471896 0.0328793 0.142833 0.508253
0 0.466603 0.959253 0.0433405 0.0814936 0.496965
0 0.246263 0.800686 0.0727655 0.176975 0.478068
0 0.543974 0.568583 0.0454611 0.183751 0.393247
0 0.395543 0.93966 0.0514746 0.120112 0.369625
0 0.355809 0.933341 0.0528163 0.124789 0.3207
0 0.984814 0.771682 0.0295349 0.0857554 0.305206
