0 0.514477 0.76728 0.0777354 0.212414 0.804723
0 0.183934 0.640881 0.0378053 0.175965 0.75382
0 0.192872 0.853855 0.0872598 0.17207 0.654244
0 0.275387 0.957851 0.0395257 0.0842975 0.640859
0 0.686511 0.763969 0.0645906 0.145434 0.609131
0 0.323714 0.48454 0.044042 0.152174 0.592356
0 0.309039 0.966694 0.0377519 0.0666112 0.494678
0 0.745739 0.594937 0.0573515 0.141604 0.435114
0 0.354682 0.977158 0.0332176 0.0456833 0.419683
0 0.774217 0.479831 0.0486063 0.133207 0.297986
0 0.514477 0.76728 0.0777354 0.212414 0.804723
0 0.183934 0.640881 0.0378053 0.175965 0.75382
0 0.192872 0.853855 0.0872598 0.17207 0.654244
0 0.275387 0.957851 0.0395257 0.0842975 0.640859
0 0.686511 0.763969 0.0645906 0.145434 0.609131
0 0.323714 0.48454 0.044042 0.152174 0.592356
0 0.309039 0.966694 0.0377519 0.0666112 0.494678
0 0.745739 0.594937 0.0573515 0.141604 0.435114
0 0.354682 0.977158 0.0332176 0.0456833 0.419683
0 0.774217 0.479831 0.0486063 0.133207 0.297986
