0 0.819799 0.620355 0.0582239 0.170148 0.738941
0 0.162363 0.599508 0.035962 0.158574 0.726531
0 0.353258 0.705678 0.0445255 0.172002 0.677124
0 0.529544 0.67385 0.0539862 0.199174 0.649503
0 0.510713 0.944724 0.0379248 0.110552 0.63098
0 0.605602 0.965483 0.0408648 0.0690331 0.630774
0 0.32976 0.953067 0.044039 0.0938655 0.571288
0 0.330567 0.514285 0.0490942 0.158646 0.551456
0 0.629616 0.604019 0.0645373 0.198195 0.543638
0 0.372736 0.960212 0.0453904 0.0795764 0.541131
0 0.281433 0.949626 0.0389064 0.100604 0.492452
0 0.848742 0.461078 0.0321814 0.128769 0.381027
0 0.669316 0.586415 0.0478832 0.153926 0.380843
0 0.819799 0.620355 0.0582239 0.170148 0.738941
0 0.162363 0.599508 0.035962 0.158574 0.726531
0 0.353258 0.705678 0.0445255 0.172002 0.677124
0 0.529544 0.67385 0.0539862 0.199174 0.649503
0 0.510713 0.944724 0.0379248 0.110552 0.63098
0 0.605602 0.965483 0.0408648 0.0690331 0.630774
0 0.32976 0.953067 0.044039 0.0938655 0.571288
0 0.330567 0.514285 0.0490942 0.158646 0.551456
0 0.629616 0.604019 0.0645373 0.198195 0.543638
0 0.372736 0.960212 0.0453904 0.0795764 0.541131
0 0.281433 0.949626 0.0389064 0.100604 0.492452
0 0.848742 0.461078 0.0321814 0.128769 0.381027
0 0.669316 0.586415 0.0478832 0.153926 0.380843
