0 0.294622 0.701903 0.0618799 0.159321 0.842799
0 0.585624 0.946241 0.0475704 0.107094 0.705253
0 0.149174 0.568377 0.0330304 0.154523 0.685971
0 0.529899 0.574513 0.0641341 0.156239 0.656612
0 0.680245 0.563267 0.0325487 0.162423 0.651192
0 0.3216 0.488865 0.0491017 0.158512 0.629082
0 0.579399 0.589499 0.0621239 0.162796 0.618223
0 0.748439 0.665926 0.0581662 0.178628 0.603943
0 0.635375 0.535695 0.0439499 0.137824 0.499379
0 0.421208 0.961773 0.0381678 0.0764548 0.464812
0 0.835637 0.429293 0.0308798 0.132462 0.430081
0 0.357384 0.942849 0.0545027 0.113868 0.393202
0 0.503612 0.819857 0.0563526 0.15392 0.379123
0 0.313641 0.935307 0.0477298 0.118113 0.322531
0 0.499753 0.924851 0.0523294 0.150298 0.306133
0 0.466162 0.971501 0.0355841 0.0569973 0.291774
0 0.265875 0.957904 0.0489913 0.0836641 0.255822
0 0.294622 0.701903 0.0618799 0.159321 0.842799
0 0.585624 0.946241 0.0475704 0.107094 0.705253
0 0.149174 0.568377 0.0330304 0.154523 0.685971
0 0.529899 0.574513 0.0641341 0.156239 0.656612
0 0.680245 0.563267 0.0325487 0.162423 0.651192
0 0.3216 0.488865 0.0491017 0.158512 0.629082
0 0.579399 0.589499 0.0621239 0.162796 0.618223
0 0.748439 0.665926 0.0581662 0.178628 0.603943
0 0.635375 0.535695 0.0439499 0.137824 0.499379
0 0.421208 0.961773 0.0381678 0.0764548 0.464812
0 0.835637 0.429293 0.0308798 0.132462 0.430081
0 0.357384 0.942849 0.0545027 0.113868 0.393202
0 0.503612 0.819857 0.0563526 0.15392 0.379123
0 0.313641 0.935307 0.0477298 0.118113 0.322531
0 0.499753 0.924851 0.0523294 0.150298 0.306133
0 0.466162 0.971501 0.0355841 0.0569973 0.291774
0 0.265875 0.957904 0.0489913 0.0836641 0.255822
