0 0.293725 0.64068 0.0611789 0.174692 0.818687
0 0.9239 0.944546 0.05179 0.109688 0.692401
0 0.574583 0.611506 0.0342409 0.143879 0.590395
0 0.37387 0.307456 0.0330594 0.116658 0.586872
0 0.451139 0.938228 0.0564356 0.123544 0.585145
0 0.0875506 0.754995 0.0624741 0.174407 0.583836
0 0.510807 0.946416 0.0502449 0.107168 0.575566
0 0.59414 0.428978 0.0300734 0.117363 0.565724
0 0.708911 0.350122 0.0308771 0.0887962 0.389557
0 0.574511 0.929551 0.0870574 0.140899 0.384052
0 0.41119 0.934152 0.0456941 0.131695 0.366601
0 0.657632 0.502921 0.0448125 0.116931 0.363381
0 0.51343 0.461469 0.0501529 0.107011 0.357218
0 0.373105 0.919934 0.0374214 0.121044 0.349821
0 0.187653 0.853378 0.0472228 0.113896 0.339088
0 0.424504 0.536758 0.0502473 0.127609 0.321164
0 0.339815 0.920035 0.0381246 0.146502 0.287684
0 0.153355 0.84917 0.0448311 0.112316 0.266494
0 0.441302 0.513776 0.079422 0.16907 0.260982
0 0.293725 0.64068 0.0611789 0.174692 0.818687
0 0.9239 0.944546 0.05179 0.109688 0.692401
0 0.574583 0.611506 0.0342409 0.143879 0.590395
0 0.37387 0.307456 0.0330594 0.116658 0.586872
0 0.451139 0.938228 0.0564356 0.123544 0.585145
0 0.0875506 0.754995 0.0624741 0.174407 0.583836
0 0.510807 0.946416 0.0502449 0.107168 0.575566
0 0.59414 0.428978 0.0300734 0.117363 0.565724
0 0.708911 0.350122 0.0308771 0.0887962 0.389557
0 0.574511 0.929551 0.0870574 0.140899 0.384052
0 0.41119 0.934152 0.0456941 0.131695 0.366601
0 0.657632 0.502921 0.0448125 0.116931 0.363381
0 0.51343 0.461469 0.0501529 0.107011 0.357218
0 0.373105 0.919934 0.0374214 0.121044 0.349821
0 0.187653 0.853378 0.0472228 0.113896 0.339088
0 0.424504 0.536758 0.0502473 0.127609 0.321164
0 0.339815 0.920035 0.0381246 0.146502 0.287684
0 0.153355 0.84917 0.0448311 0.112316 0.266494
0 0.441302 0.513776 0.079422 0.16907 0.260982
