0 0.971056 0.627765 0.045093 0.178126 0.775338
0 0.655197 0.95879 0.048541 0.0824192 0.741717
0 0.845404 0.926785 0.0607391 0.14643 0.733839
0 0.656981 0.503184 0.0390564 0.117581 0.657428
0 0.089621 0.795407 0.0545069 0.19581 0.611072
0 0.248778 0.921744 0.0596882 0.152485 0.567475
0 0.309136 0.927722 0.0494442 0.144301 0.5536
0 0.273262 0.683576 0.0477695 0.174526 0.524242
0 0.371319 0.852787 0.0523379 0.133284 0.515538
0 0.307462 0.554493 0.068358 0.141628 0.476889
0 0.573948 0.629546 0.0391203 0.14456 0.466222
0 0.309794 0.304167 0.0202981 0.0996462 0.438946
0 0.524453 0.402024 0.0562668 0.119654 0.407595
0 0.349466 0.926319 0.0615461 0.14657 0.381811
0 0.585268 0.328354 0.0258383 0.0907157 0.315178
0 0.131863 0.898325 0.0383359 0.13011 0.30762
0 0.552532 0.358581 0.0236675 0.115148 0.300084
0 0.391777 0.946522 0.0584889 0.105798 0.267796
0 0.971056 0.627765 0.045093 0.178126 0.775338
0 0.655197 0.95879 0.048541 0.0824192 0.741717
0 0.845404 0.926785 0.0607391 0.14643 0.733839
0 0.656981 0.503184 0.0390564 0.117581 0.657428
0 0.089621 0.795407 0.0545069 0.19581 0.611072
0 0.248778 0.921744 0.0596882 0.152485 0.567475
0 0.309136 0.927722 0.0494442 0.144301 0.5536
0 0.273262 0.683576 0.0477695 0.174526 0.524242
0 0.371319 0.852787 0.0523379 0.133284 0.515538
0 0.307462 0.554493 0.068358 0.141628 0.476889
0 0.573948 0.629546 0.0391203 0.14456 0.466222
0 0.309794 0.304167 0.0202981 0.0996462 0.438946
0 0.524453 0.402024 0.0562668 0.119654 0.407595
0 0.349466 0.926319 0.0615461 0.14657 0.381811
0 0.585268 0.328354 0.0258383 0.0907157 0.315178
0 0.131863 0.898325 0.0383359 0.13011 0.30762
0 0.552532 0.358581 0.0236675 0.115148 0.300084
0 0.391777 0.946522 0.0584889 0.105798 0.267796
