0 0.713022 0.69157 0.0504162 0.198675 0.787422
0 0.598413 0.90837 0.0612716 0.183078 0.734678
0 0.385915 0.437695 0.034175 0.131291 0.702566
0 0.412183 0.569539 0.0479599 0.159217 0.668874
0 0.908993 0.598621 0.0331703 0.160286 0.632541
0 0.330565 0.514117 0.0537412 0.143954 0.611879
0 0.492785 0.626261 0.0590422 0.191349 0.601241
0 0.546035 0.633769 0.0364595 0.184325 0.587511
0 0.34157 0.618896 0.0574901 0.167805 0.467598
0 0.644311 0.967076 0.0411406 0.0658485 0.4196
0 0.510712 0.336702 0.0272907 0.131148 0.40752
0 0.715406 0.503063 0.0414028 0.143527 0.359298
0 0.723751 0.966779 0.0339626 0.0650723 0.265569
0 0.713022 0.69157 0.0504162 0.198675 0.787422
0 0.598413 0.90837 0.0612716 0.183078 0.734678
0 0.385915 0.437695 0.034175 0.131291 0.702566
0 0.412183 0.569539 0.0479599 0.159217 0.668874
0 0.908993 0.598621 0.0331703 0.160286 0.632541
0 0.330565 0.514117 0.0537412 0.143954 0.611879
0 0.492785 0.626261 0.0590422 0.191349 0.601241
0 0.546035 0.633769 0.0364595 0.184325 0.587511
0 0.34157 0.618896 0.0574901 0.167805 0.467598
0 0.644311 0.967076 0.0411406 0.0658485 0.4196
0 0.510712 0.336702 0.0272907 0.131148 0.40752
0 0.715406 0.503063 0.0414028 0.143527 0.359298
0 0.723751 0.966779 0.0339626 0.0650723 0.265569
