0 0.752407 0.541548 0.0445885 0.130975 0.825377
0 0.926675 0.520885 0.0413748 0.151187 0.801539
0 0.322956 0.693529 0.0647791 0.197416 0.753431
0 0.508655 0.596769 0.0479094 0.163338 0.685897
0 0.65705 0.961615 0.0491219 0.0767697 0.683944
0 0.606804 0.540831 0.0512514 0.172765 0.579436
0 0.803045 0.437956 0.0394127 0.125381 0.540741
0 0.0919188 0.578918 0.029415 0.171314 0.495828
0 0.305907 0.475618 0.0414317 0.175601 0.470423
0 0.555079 0.575788 0.0490102 0.174297 0.436747
0 0.368098 0.948496 0.046276 0.103008 0.426152
0 0.652969 0.488752 0.0338143 0.151568 0.42614
0 0.326728 0.945131 0.0543142 0.108042 0.377717
0 0.399481 0.96592 0.0358769 0.0681597 0.343195
0 0.448102 0.973923 0.0344986 0.0521543 0.338969
0 0.286366 0.934586 0.0489142 0.125826 0.335697
0 0.25842 0.917712 0.0432136 0.114855 0.251887
0 0.752407 0.541548 0.0445885 0.130975 0.825377
0 0.926675 0.520885 0.0413748 0.151187 0.801539
0 0.322956 0.693529 0.0647791 0.197416 0.753431
0 0.508655 0.596769 0.0479094 0.163338 0.685897
0 0.65705 0.961615 0.0491219 0.0767697 0.683944
0 0.606804 0.540831 0.0512514 0.172765 0.579436
0 0.803045 0.437956 0.0394127 0.125381 0.540741
0 0.0919188 0.578918 0.029415 0.171314 0.495828
0 0.305907 0.475618 0.0414317 0.175601 0.470423
0 0.555079 0.575788 0.0490102 0.174297 0.436747
0 0.368098 0.948496 0.046276 0.103008 0.426152
0 0.652969 0.488752 0.0338143 0.151568 0.42614
0 0.326728 0.945131 0.0543142 0.108042 0.377717
0 0.399481 0.96592 0.0358769 0.0681597 0.343195
0 0.448102 0.973923 0.0344986 0.0521543 0.338969
0 0.286366 0.934586 0.0489142 0.125826 0.335697
0 0.25842 0.917712 0.0432136 0.114855 0.251887
