0 0.599807 0.928531 0.0649178 0.142938 0.796096
0 0.33042 0.609726 0.074322 0.18643 0.710819
0 0.545476 0.645195 0.0336378 0.20179 0.698317
0 0.633211 0.708013 0.0570616 0.190313 0.678888
0 0.511764 0.639167 0.0321856 0.193712 0.674738
0 0.358899 0.535902 0.0362574 0.17105 0.661228
0 0.324984 0.77812 0.0599385 0.183025 0.660348
0 0.470779 0.600092 0.0281988 0.192787 0.659345
0 0.115616 0.533476 0.0604819 0.151675 0.596255
0 0.880016 0.637874 0.0290085 0.176991 0.587501
0 0.663907 0.866385 0.0719923 0.170285 0.583352
0 0.336323 0.460036 0.035611 0.157714 0.575758
0 0.597934 0.650237 0.0448216 0.128706 0.284133
0 0.599807 0.928531 0.0649178 0.142938 0.796096
0 0.33042 0.609726 0.074322 0.18643 0.710819
0 0.545476 0.645195 0.0336378 0.20179 0.698317
0 0.633211 0.708013 0.0570616 0.190313 0.678888
0 0.511764 0.639167 0.0321856 0.193712 0.674738
0 0.358899 0.535902 0.0362574 0.17105 0.661228
0 0.324984 0.77812 0.0599385 0.183025 0.660348
0 0.470779 0.600092 0.0281988 0.192787 0.659345
0 0.115616 0.533476 0.0604819 0.151675 0.596255
0 0.880016 0.637874 0.0290085 0.176991 0.587501
0 0.663907 0.866385 0.0719923 0.170285 0.583352
0 0.336323 0.460036 0.035611 0.157714 0.575758
0 0.597934 0.650237 0.0448216 0.128706 0.284133
