0 0.265779 0.638481 0.247991 0.707208 0.877087
0 0.704383 0.604441 0.323859 0.772933 0.863067
0 0.49887 0.723331 0.11359 0.206152 0.511503
0 0.305435 0.258213 0.115437 0.418162 0.493636
0 0.458928 0.607257 0.0995121 0.234528 0.446689
0 0.125968 0.512118 0.0932636 0.223387 0.310902
0 0.584361 0.519427 0.105116 0.570957 0.310215
0 0.801373 0.342988 0.1072 0.245156 0.270714
0 0.755684 0.200605 0.0974253 0.248339 0.251907
0 0.265779 0.638481 0.247991 0.707208 0.877087
0 0.704383 0.604441 0.323859 0.772933 0.863067
0 0.49887 0.723331 0.11359 0.206152 0.511503
0 0.305435 0.258213 0.115437 0.418162 0.493636
0 0.458928 0.607257 0.0995121 0.234528 0.446689
0 0.125968 0.512118 0.0932636 0.223387 0.310902
0 0.584361 0.519427 0.105116 0.570957 0.310215
0 0.801373 0.342988 0.1072 0.245156 0.270714
0 0.755684 0.200605 0.0974253 0.248339 0.251907
