0 0.7413 0.682063 0.0615111 0.179365 0.80758
0 0.29199 0.503322 0.0465135 0.125519 0.736155
0 0.547339 0.698532 0.0826532 0.180023 0.696816
0 0.172327 0.638761 0.056969 0.16546 0.690853
0 0.393465 0.523968 0.0372131 0.158372 0.673194
0 0.335466 0.503441 0.0480563 0.153571 0.666346
0 0.597877 0.690101 0.0557287 0.146932 0.621371
0 0.140357 0.413646 0.0299967 0.141307 0.616181
0 0.448673 0.597656 0.0541157 0.171946 0.609906
0 0.717929 0.496067 0.0451893 0.142833 0.587888
0 0.924303 0.595976 0.0253872 0.156813 0.539181
0 0.60622 0.892995 0.0720411 0.190448 0.523894
0 0.640054 0.957413 0.0383301 0.0849213 0.462377
0 0.524062 0.974269 0.033202 0.0514612 0.420077
0 0.58816 0.959582 0.0350365 0.0763974 0.357736
0 0.393653 0.41961 0.02699 0.102347 0.317486
0 0.517533 0.329714 0.0262599 0.133797 0.30831
0 0.684229 0.961967 0.046983 0.0755669 0.291084
0 0.7413 0.682063 0.0615111 0.179365 0.80758
0 0.29199 0.503322 0.0465135 0.125519 0.736155
0 0.547339 0.698532 0.0826532 0.180023 0.696816
0 0.172327 0.638761 0.056969 0.16546 0.690853
0 0.393465 0.523968 0.0372131 0.158372 0.673194
0 0.335466 0.503441 0.0480563 0.153571 0.666346
0 0.597877 0.690101 0.0557287 0.146932 0.621371
0 0.140357 0.413646 0.0299967 0.141307 0.616181
0 0.448673 0.597656 0.0541157 0.171946 0.609906
0 0.717929 0.496067 0.0451893 0.142833 0.587888
0 0.924303 0.595976 0.0253872 0.156813 0.539181
0 0.60622 0.892995 0.0720411 0.190448 0.523894
0 0.640054 0.957413 0.0383301 0.0849213 0.462377
0 0.524062 0.974269 0.033202 0.0514612 0.420077
0 0.58816 0.959582 0.0350365 0.0763974 0.357736
0 0.393653 0.41961 0.02699 0.102347 0.317486
0 0.517533 0.329714 0.0262599 0.133797 0.30831
0 0.684229 0.961967 0.046983 0.0755669 0.291084
