0 0.27701 0.686221 0.0447394 0.173303 0.71904
0 0.144834 0.566327 0.0349811 0.158143 0.696024
0 0.576078 0.949051 0.0483608 0.101898 0.672305
0 0.716339 0.660295 0.0806931 0.183138 0.643356
0 0.991464 0.515767 0.0162903 0.141713 0.61376
0 0.533145 0.726489 0.0684956 0.173381 0.604018
0 0.647386 0.440842 0.0278318 0.128117 0.591726
0 0.304369 0.48051 0.0395298 0.163311 0.563596
0 0.813577 0.446246 0.0234966 0.122389 0.551668
0 0.569996 0.518114 0.0390035 0.129568 0.539358
0 0.56109 0.908795 0.0446116 0.175236 0.537084
0 0.50771 0.923331 0.0391067 0.153338 0.516287
0 0.405747 0.957464 0.0406855 0.0845964 0.489921
0 0.343825 0.938524 0.0556411 0.122951 0.401092
0 0.593454 0.59258 0.0467091 0.187528 0.364561
0 0.447873 0.966587 0.03955 0.0668267 0.331001
0 0.621836 0.579177 0.0375305 0.167425 0.327891
0 0.27701 0.686221 0.0447394 0.173303 0.71904
0 0.144834 0.566327 0.0349811 0.158143 0.696024
0 0.576078 0.949051 0.0483608 0.101898 0.672305
0 0.716339 0.660295 0.0806931 0.183138 0.643356
0 0.991464 0.515767 0.0162903 0.141713 0.61376
0 0.533145 0.726489 0.0684956 0.173381 0.604018
0 0.647386 0.440842 0.0278318 0.128117 0.591726
0 0.304369 0.48051 0.0395298 0.163311 0.563596
0 0.813577 0.446246 0.0234966 0.122389 0.551668
0 0.569996 0.518114 0.0390035 0.129568 0.539358
0 0.56109 0.908795 0.0446116 0.175236 0.537084
0 0.50771 0.923331 0.0391067 0.153338 0.516287
0 0.405747 0.957464 0.0406855 0.0845964 0.489921
0 0.343825 0.938524 0.0556411 0.122951 0.401092
0 0.593454 0.59258 0.0467091 0.187528 0.364561
0 0.447873 0.966587 0.03955 0.0668267 0.331001
0 0.621836 0.579177 0.0375305 0.167425 0.327891
