0 0.624427 0.482844 0.0492567 0.118512 0.706483
0 0.305828 0.646358 0.097882 0.237629 0.699969
0 0.673926 0.819373 0.0882601 0.162185 0.686181
0 0.258941 0.498994 0.03648 0.1445 0.679074
0 0.587334 0.889669 0.0496614 0.199856 0.678995
0 0.16636 0.441977 0.0340718 0.151216 0.625155
0 0.0543121 0.726009 0.108592 0.16835 0.609405
0 0.204704 0.788605 0.0619391 0.167375 0.558563
0 0.124637 0.508448 0.0559706 0.140465 0.516494
0 0.0304145 0.963406 0.0559846 0.0722651 0.43796
0 0.51979 0.970738 0.0379086 0.0585242 0.406598
0 0.558737 0.965568 0.0377565 0.0679754 0.343527
0 0.56344 0.76051 0.0444221 0.1405 0.308715
0 0.973296 0.938356 0.0528446 0.122453 0.275903
0 0.624427 0.482844 0.0492567 0.118512 0.706483
0 0.305828 0.646358 0.097882 0.237629 0.699969
0 0.673926 0.819373 0.0882601 0.162185 0.686181
0 0.258941 0.498994 0.03648 0.1445 0.679074
0 0.587334 0.889669 0.0496614 0.199856 0.678995
0 0.16636 0.441977 0.0340718 0.151216 0.625155
0 0.0543121 0.726009 0.108592 0.16835 0.609405
0 0.204704 0.788605 0.0619391 0.167375 0.558563
0 0.124637 0.508448 0.0559706 0.140465 0.516494
0 0.0304145 0.963406 0.0559846 0.0722651 0.43796
0 0.51979 0.970738 0.0379086 0.0585242 0.406598
0 0.558737 0.965568 0.0377565 0.0679754 0.343527
0 0.56344 0.76051 0.0444221 0.1405 0.308715
0 0.973296 0.938356 0.0528446 0.122453 0.275903
