0 0.241168 0.663303 0.053468 0.197189 0.81439
0 0.936071 0.508018 0.0245991 0.142904 0.763359
0 0.460042 0.648384 0.029274 0.1988 0.729518
0 0.764667 0.413361 0.0374512 0.123383 0.723024
0 0.0547969 0.537013 0.0287319 0.163998 0.720996
0 0.617565 0.933335 0.05625 0.13333 0.706827
0 0.869973 0.67859 0.0414148 0.191499 0.697634
0 0.547575 0.82145 0.0542773 0.220568 0.653117
0 0.413278 0.948372 0.053422 0.103257 0.596143
0 0.670268 0.463609 0.0316212 0.104695 0.574214
0 0.497067 0.960721 0.04037 0.0785577 0.499105
0 0.275475 0.430963 0.0301939 0.162759 0.490019
0 0.649914 0.550596 0.0463704 0.136439 0.380613
0 0.524456 0.968231 0.0297501 0.0635378 0.354493
0 0.565269 0.47732 0.0519186 0.175254 0.308703
0 0.362522 0.939592 0.0469541 0.1174 0.292232
0 0.241168 0.663303 0.053468 0.197189 0.81439
0 0.936071 0.508018 0.0245991 0.142904 0.763359
0 0.460042 0.648384 0.029274 0.1988 0.729518
0 0.764667 0.413361 0.0374512 0.123383 0.723024
0 0.0547969 0.537013 0.0287319 0.163998 0.720996
0 0.617565 0.933335 0.05625 0.13333 0.706827
0 0.869973 0.67859 0.0414148 0.191499 0.697634
0 0.547575 0.82145 0.0542773 0.220568 0.653117
0 0.413278 0.948372 0.053422 0.103257 0.596143
0 0.670268 0.463609 0.0316212 0.104695 0.574214
0 0.497067 0.960721 0.04037 0.0785577 0.499105
0 0.275475 0.430963 0.0301939 0.162759 0.490019
0 0.649914 0.550596 0.0463704 0.136439 0.380613
0 0.524456 0.968231 0.0297501 0.0635378 0.354493
0 0.565269 0.47732 0.0519186 0.175254 0.308703
0 0.362522 0.939592 0.0469541 0.1174 0.292232
