0 0.371119 0.547792 0.0466753 0.171887 0.817248
0 0.0234513 0.546695 0.035205 0.145088 0.791382
0 0.263154 0.461326 0.0361993 0.146299 0.751959
0 0.233871 0.640498 0.0414783 0.175378 0.701614
0 0.418621 0.919525 0.0406225 0.16095 0.691829
0 0.488067 0.606639 0.0647902 0.185843 0.64873
0 0.109354 0.406125 0.0302795 0.11643 0.634619
0 0.390066 0.394412 0.0257091 0.129769 0.609225
0 0.490544 0.943674 0.0744011 0.112651 0.589216
0 0.692259 0.648962 0.0278994 0.170713 0.557115
0 0.688933 0.458507 0.0446143 0.134236 0.522357
0 0.745502 0.744379 0.0550428 0.206823 0.508595
0 0.384957 0.969672 0.0345929 0.0606567 0.393447
0 0.576221 0.620343 0.0481483 0.134074 0.34015
0 0.343957 0.97907 0.0309161 0.0418593 0.325484
0 0.59719 0.833573 0.0488682 0.189578 0.313338
0 0.371119 0.547792 0.0466753 0.171887 0.817248
0 0.0234513 0.546695 0.035205 0.145088 0.791382
0 0.263154 0.461326 0.0361993 0.146299 0.751959
0 0.233871 0.640498 0.0414783 0.175378 0.701614
0 0.418621 0.919525 0.0406225 0.16095 0.691829
0 0.488067 0.606639 0.0647902 0.185843 0.64873
0 0.109354 0.406125 0.0302795 0.11643 0.634619
0 0.390066 0.394412 0.0257091 0.129769 0.609225
0 0.490544 0.943674 0.0744011 0.112651 0.589216
0 0.692259 0.648962 0.0278994 0.170713 0.557115
0 0.688933 0.458507 0.0446143 0.134236 0.522357
0 0.745502 0.744379 0.0550428 0.206823 0.508595
0 0.384957 0.969672 0.0345929 0.0606567 0.393447
0 0.576221 0.620343 0.0481483 0.134074 0.34015
0 0.343957 0.97907 0.0309161 0.0418593 0.325484
0 0.59719 0.833573 0.0488682 0.189578 0.313338
