0 0.118085 0.577801 0.193807 0.828041 0.864929
0 0.416171 0.58259 0.166581 0.833419 0.789753
0 0.708043 0.642537 0.155671 0.706307 0.789069
0 0.928684 0.448882 0.142197 0.584555 0.435388
0 0.585873 0.568045 0.111066 0.232028 0.360163
0 0.325246 0.513352 0.0619687 0.351148 0.350144
0 0.274783 0.430811 0.0722433 0.214169 0.341206
0 0.118085 0.577801 0.193807 0.828041 0.864929
0 0.416171 0.58259 0.166581 0.833419 0.789753
0 0.708043 0.642537 0.155671 0.706307 0.789069
0 0.928684 0.448882 0.142197 0.584555 0.435388
0 0.585873 0.568045 0.111066 0.232028 0.360163
0 0.325246 0.513352 0.0619687 0.351148 0.350144
0 0.274783 0.430811 0.0722433 0.214169 0.341206
