0 0.340713 0.85103 0.0912586 0.15683 0.750524
0 0.370762 0.717338 0.0742497 0.186023 0.736678
0 0.572096 0.879751 0.0522788 0.1845 0.680195
0 0.63251 0.681002 0.0341414 0.187962 0.643213
0 0.298862 0.478059 0.044464 0.189802 0.643196
0 0.607857 0.493613 0.0353851 0.145623 0.609873
0 0.84881 0.749085 0.0528549 0.181192 0.609024
0 0.214958 0.478104 0.0415631 0.155421 0.552758
0 0.40199 0.648571 0.0566772 0.161506 0.483155
0 0.260679 0.588066 0.044445 0.169774 0.427375
0 0.814727 0.572542 0.025729 0.138535 0.411503
0 0.4746 0.971103 0.0345606 0.0577933 0.401341
0 0.416484 0.623703 0.036945 0.174278 0.354294
0 0.511151 0.960513 0.0355946 0.076809 0.297287
0 0.607194 0.942551 0.0642523 0.113806 0.284586
0 0.417255 0.337472 0.026942 0.130355 0.279592
0 0.549548 0.957565 0.0428457 0.084869 0.265966
0 0.340713 0.85103 0.0912586 0.15683 0.750524
0 0.370762 0.717338 0.0742497 0.186023 0.736678
0 0.572096 0.879751 0.0522788 0.1845 0.680195
0 0.63251 0.681002 0.0341414 0.187962 0.643213
0 0.298862 0.478059 0.044464 0.189802 0.643196
0 0.607857 0.493613 0.0353851 0.145623 0.609873
0 0.84881 0.749085 0.0528549 0.181192 0.609024
0 0.214958 0.478104 0.0415631 0.155421 0.552758
0 0.40199 0.648571 0.0566772 0.161506 0.483155
0 0.260679 0.588066 0.044445 0.169774 0.427375
0 0.814727 0.572542 0.025729 0.138535 0.411503
0 0.4746 0.971103 0.0345606 0.0577933 0.401341
0 0.416484 0.623703 0.036945 0.174278 0.354294
0 0.511151 0.960513 0.0355946 0.076809 0.297287
0 0.607194 0.942551 0.0642523 0.113806 0.284586
0 0.417255 0.337472 0.026942 0.130355 0.279592
0 0.549548 0.957565 0.0428457 0.084869 0.265966
