0 0.414288 0.842967 0.0611321 0.194921 0.774942
0 0.621735 0.681213 0.0366795 0.18079 0.770552
0 0.185837 0.497556 0.0321509 0.147045 0.764094
0 0.601129 0.86442 0.0498661 0.17829 0.669233
0 0.879721 0.72508 0.049765 0.209291 0.632597
0 0.630189 0.487195 0.032267 0.143803 0.631195
0 0.419988 0.614235 0.0933811 0.229807 0.585715
0 0.37046 0.433104 0.0235167 0.125233 0.530044
0 0.289447 0.510781 0.03078 0.146761 0.466021
0 0.578646 0.949613 0.0417597 0.100775 0.426487
0 0.540087 0.95619 0.0375481 0.0876205 0.350213
0 0.329335 0.535792 0.0389901 0.115784 0.32553
0 0.77613 0.572212 0.0180328 0.0941501 0.321975
38 0.390671 0.541839 0.0528814 0.108456 0.279702
0 0.439089 0.645358 0.0568905 0.177811 0.250758
0 0.414288 0.842967 0.0611321 0.194921 0.774942
0 0.621735 0.681213 0.0366795 0.18079 0.770552
0 0.185837 0.497556 0.0321509 0.147045 0.764094
0 0.601129 0.86442 0.0498661 0.17829 0.669233
0 0.879721 0.72508 0.049765 0.209291 0.632597
0 0.630189 0.487195 0.032267 0.143803 0.631195
0 0.419988 0.614235 0.0933811 0.229807 0.585715
0 0.37046 0.433104 0.0235167 0.125233 0.530044
0 0.289447 0.510781 0.03078 0.146761 0.466021
0 0.578646 0.949613 0.0417597 0.100775 0.426487
0 0.540087 0.95619 0.0375481 0.0876205 0.350213
0 0.329335 0.535792 0.0389901 0.115784 0.32553
0 0.77613 0.572212 0.0180328 0.0941501 0.321975
38 0.390671 0.541839 0.0528814 0.108456 0.279702
0 0.439089 0.645358 0.0568905 0.177811 0.250758
