0 0.277508 0.6854 0.0578707 0.173695 0.789348
0 0.141934 0.564724 0.0382016 0.157601 0.751371
0 0.514414 0.69769 0.0391409 0.189319 0.730956
0 0.575734 0.507583 0.0373739 0.147517 0.644657
0 0.604891 0.574889 0.0645525 0.216368 0.634819
0 0.758179 0.656821 0.0466203 0.17163 0.63332
0 0.517944 0.925271 0.0369165 0.146951 0.622557
0 0.573263 0.92196 0.049991 0.15608 0.579367
0 0.642315 0.439238 0.0287182 0.129242 0.569932
0 0.807354 0.45092 0.0258562 0.116013 0.543796
0 0.40116 0.95694 0.0400527 0.0849959 0.534963
0 0.443307 0.966282 0.0412079 0.0674363 0.509716
0 0.989763 0.525498 0.0196545 0.134187 0.481719
0 0.338342 0.938442 0.0528083 0.122775 0.406791
0 0.298088 0.482605 0.0400498 0.148679 0.313592
0 0.295908 0.930709 0.0443251 0.124236 0.295976
0 0.277508 0.6854 0.0578707 0.173695 0.789348
0 0.141934 0.564724 0.0382016 0.157601 0.751371
0 0.514414 0.69769 0.0391409 0.189319 0.730956
0 0.575734 0.507583 0.0373739 0.147517 0.644657
0 0.604891 0.574889 0.0645525 0.216368 0.634819
0 0.758179 0.656821 0.0466203 0.17163 0.63332
0 0.517944 0.925271 0.0369165 0.146951 0.622557
0 0.573263 0.92196 0.049991 0.15608 0.579367
0 0.642315 0.439238 0.0287182 0.129242 0.569932
0 0.807354 0.45092 0.0258562 0.116013 0.543796
0 0.40116 0.95694 0.0400527 0.0849959 0.534963
0 0.443307 0.966282 0.0412079 0.0674363 0.509716
0 0.989763 0.525498 0.0196545 0.134187 0.481719
0 0.338342 0.938442 0.0528083 0.122775 0.406791
0 0.298088 0.482605 0.0400498 0.148679 0.313592
0 0.295908 0.930709 0.0443251 0.124236 0.295976
