0 0.489426 0.691785 0.033872 0.199719 0.78296
0 0.297628 0.675031 0.0389144 0.182079 0.756906
0 0.587918 0.86999 0.0559116 0.22329 0.755795
0 0.560209 0.493497 0.0354004 0.153087 0.734007
0 0.86157 0.693919 0.0611334 0.176058 0.696924
0 0.603026 0.520307 0.0389866 0.194963 0.586549
0 0.114503 0.568969 0.0276159 0.157142 0.53757
0 0.54757 0.959805 0.0434092 0.0803909 0.520531
0 0.653498 0.602034 0.0473104 0.130543 0.507587
0 0.991619 0.542556 0.0160791 0.129416 0.49243
0 0.774245 0.46055 0.0352457 0.120916 0.472082
0 0.286059 0.469499 0.0342982 0.159811 0.471335
0 0.380811 0.957372 0.0401862 0.0852554 0.452116
0 0.317045 0.939063 0.0581378 0.121077 0.409448
0 0.42326 0.966566 0.0389551 0.0668681 0.338031
0 0.502651 0.977234 0.0292376 0.045531 0.331218
0 0.489426 0.691785 0.033872 0.199719 0.78296
0 0.297628 0.675031 0.0389144 0.182079 0.756906
0 0.587918 0.86999 0.0559116 0.22329 0.755795
0 0.560209 0.493497 0.0354004 0.153087 0.734007
0 0.86157 0.693919 0.0611334 0.176058 0.696924
0 0.603026 0.520307 0.0389866 0.194963 0.586549
0 0.114503 0.568969 0.0276159 0.157142 0.53757
0 0.54757 0.959805 0.0434092 0.0803909 0.520531
0 0.653498 0.602034 0.0473104 0.130543 0.507587
0 0.991619 0.542556 0.0160791 0.129416 0.49243
0 0.774245 0.46055 0.0352457 0.120916 0.472082
0 0.286059 0.469499 0.0342982 0.159811 0.471335
0 0.380811 0.957372 0.0401862 0.0852554 0.452116
0 0.317045 0.939063 0.0581378 0.121077 0.409448
0 0.42326 0.966566 0.0389551 0.0668681 0.338031
0 0.502651 0.977234 0.0292376 0.045531 0.331218
