0 0.382189 0.850615 0.0444026 0.211237 0.82054
0 0.61468 0.679922 0.0391962 0.183185 0.802794
0 0.188486 0.542675 0.0351651 0.149647 0.713493
0 0.879466 0.72864 0.0400711 0.21475 0.694652
0 0.593305 0.872049 0.0501116 0.172656 0.630501
0 0.623835 0.490402 0.0342018 0.152225 0.568623
0 0.406507 0.6753 0.0508758 0.180484 0.491378
0 0.298105 0.507653 0.0579944 0.152878 0.459351
0 0.360154 0.432754 0.0331098 0.110129 0.449951
0 0.437571 0.3366 0.0261058 0.133626 0.405256
0 0.530799 0.960009 0.0405467 0.0799821 0.396735
0 0.569569 0.954631 0.0407 0.0907388 0.359228
0 0.382189 0.850615 0.0444026 0.211237 0.82054
0 0.61468 0.679922 0.0391962 0.183185 0.802794
0 0.188486 0.542675 0.0351651 0.149647 0.713493
0 0.879466 0.72864 0.0400711 0.21475 0.694652
0 0.593305 0.872049 0.0501116 0.172656 0.630501
0 0.623835 0.490402 0.0342018 0.152225 0.568623
0 0.406507 0.6753 0.0508758 0.180484 0.491378
0 0.298105 0.507653 0.0579944 0.152878 0.459351
0 0.360154 0.432754 0.0331098 0.110129 0.449951
0 0.437571 0.3366 0.0261058 0.133626 0.405256
0 0.530799 0.960009 0.0405467 0.0799821 0.396735
0 0.569569 0.954631 0.0407 0.0907388 0.359228
