0 0.587053 0.939398 0.0466465 0.121204 0.863961
0 0.316162 0.538176 0.0521265 0.17228 0.821921
0 0.842762 0.661382 0.0386593 0.18243 0.684076
0 0.2586 0.471759 0.0436564 0.1631 0.680459
0 0.586069 0.750338 0.0696505 0.18651 0.620095
0 0.479288 0.690101 0.0401228 0.196194 0.581167
0 0.209017 0.656528 0.0870076 0.184706 0.57982
0 0.542059 0.677135 0.0336241 0.210027 0.566932
0 0.371766 0.94965 0.0378604 0.1007 0.561177
0 0.463189 0.611864 0.027983 0.153227 0.512323
0 0.718171 0.505898 0.0399178 0.140177 0.490962
0 0.183735 0.892805 0.111834 0.210441 0.463608
0 0.587053 0.939398 0.0466465 0.121204 0.863961
0 0.316162 0.538176 0.0521265 0.17228 0.821921
0 0.842762 0.661382 0.0386593 0.18243 0.684076
0 0.2586 0.471759 0.0436564 0.1631 0.680459
0 0.586069 0.750338 0.0696505 0.18651 0.620095
0 0.479288 0.690101 0.0401228 0.196194 0.581167
0 0.209017 0.656528 0.0870076 0.184706 0.57982
0 0.542059 0.677135 0.0336241 0.210027 0.566932
0 0.371766 0.94965 0.0378604 0.1007 0.561177
0 0.463189 0.611864 0.027983 0.153227 0.512323
0 0.718171 0.505898 0.0399178 0.140177 0.490962
0 0.183735 0.892805 0.111834 0.210441 0.463608
