0 0.916393 0.512187 0.0423347 0.140078 0.832115
0 0.25074 0.678078 0.0788768 0.170026 0.824367
0 0.653207 0.955866 0.0469748 0.0882679 0.76577
0 0.0869176 0.572209 0.0293428 0.174044 0.722611
0 0.297351 0.481159 0.0471894 0.161659 0.70738
0 0.771013 0.59769 0.0389809 0.172505 0.619867
0 0.395008 0.958762 0.0415136 0.0824757 0.553752
0 0.810626 0.427027 0.0370996 0.12979 0.552863
0 0.514953 0.616659 0.0889292 0.187894 0.547066
0 0.32791 0.937539 0.0478007 0.118778 0.523312
0 0.363601 0.940435 0.0558899 0.119131 0.490575
0 0.444054 0.967887 0.039852 0.0642265 0.450803
0 0.530886 0.981978 0.0249191 0.0360433 0.367064
0 0.28704 0.930007 0.0507238 0.134334 0.347492
0 0.654746 0.512538 0.0353172 0.113318 0.337926
0 0.605167 0.525081 0.0295047 0.135349 0.329577
0 0.638493 0.410718 0.0249795 0.105109 0.292031
0 0.132762 0.965496 0.0461672 0.0690082 0.263638
0 0.916393 0.512187 0.0423347 0.140078 0.832115
0 0.25074 0.678078 0.0788768 0.170026 0.824367
0 0.653207 0.955866 0.0469748 0.0882679 0.76577
0 0.0869176 0.572209 0.0293428 0.174044 0.722611
0 0.297351 0.481159 0.0471894 0.161659 0.70738
0 0.771013 0.59769 0.0389809 0.172505 0.619867
0 0.395008 0.958762 0.0415136 0.0824757 0.553752
0 0.810626 0.427027 0.0370996 0.12979 0.552863
0 0.514953 0.616659 0.0889292 0.187894 0.547066
0 0.32791 0.937539 0.0478007 0.118778 0.523312
0 0.363601 0.940435 0.0558899 0.119131 0.490575
0 0.444054 0.967887 0.039852 0.0642265 0.450803
0 0.530886 0.981978 0.0249191 0.0360433 0.367064
0 0.28704 0.930007 0.0507238 0.134334 0.347492
0 0.654746 0.512538 0.0353172 0.113318 0.337926
0 0.605167 0.525081 0.0295047 0.135349 0.329577
0 0.638493 0.410718 0.0249795 0.105109 0.292031
0 0.132762 0.965496 0.0461672 0.0690082 0.263638
