0 0.242835 0.473214 0.0469598 0.130118 0.744493
0 0.342058 0.560301 0.0332261 0.161789 0.720439
0 0.819718 0.736375 0.046587 0.205838 0.719899
0 0.690318 0.662126 0.0266235 0.178286 0.67687
0 0.138052 0.417399 0.0370944 0.131675 0.669071
0 0.409437 0.411416 0.0215916 0.121593 0.65073
0 0.479097 0.573686 0.0367401 0.157864 0.59449
0 0.670344 0.467349 0.0322595 0.136409 0.506525
0 0.605274 0.844317 0.0553144 0.164962 0.466436
0 0.520918 0.960542 0.0401014 0.0772322 0.444613
0 0.545202 0.623816 0.0685427 0.17609 0.395405
0 0.402266 0.976642 0.0446386 0.0467165 0.383021
0 0.479093 0.964766 0.0343386 0.0682926 0.381217
0 0.453127 0.965902 0.0422138 0.0681964 0.369827
0 0.487888 0.32068 0.0287935 0.12038 0.367187
0 0.578222 0.807296 0.0424803 0.171102 0.36156
0 0.193049 0.630091 0.0465797 0.113862 0.315378
0 0.813137 0.551691 0.0198744 0.0900162 0.301808
0 0.242835 0.473214 0.0469598 0.130118 0.744493
0 0.342058 0.560301 0.0332261 0.161789 0.720439
0 0.819718 0.736375 0.046587 0.205838 0.719899
0 0.690318 0.662126 0.0266235 0.178286 0.67687
0 0.138052 0.417399 0.0370944 0.131675 0.669071
0 0.409437 0.411416 0.0215916 0.121593 0.65073
0 0.479097 0.573686 0.0367401 0.157864 0.59449
0 0.670344 0.467349 0.0322595 0.136409 0.506525
0 0.605274 0.844317 0.0553144 0.164962 0.466436
0 0.520918 0.960542 0.0401014 0.0772322 0.444613
0 0.545202 0.623816 0.0685427 0.17609 0.395405
0 0.402266 0.976642 0.0446386 0.0467165 0.383021
0 0.479093 0.964766 0.0343386 0.0682926 0.381217
0 0.453127 0.965902 0.0422138 0.0681964 0.369827
0 0.487888 0.32068 0.0287935 0.12038 0.367187
0 0.578222 0.807296 0.0424803 0.171102 0.36156
0 0.193049 0.630091 0.0465797 0.113862 0.315378
0 0.813137 0.551691 0.0198744 0.0900162 0.301808
