0 0.100284 0.58507 0.200315 0.807355 0.892589
0 0.655628 0.581132 0.157554 0.822767 0.820767
0 0.349976 0.575302 0.170983 0.831249 0.814284
0 0.916069 0.517975 0.155849 0.447512 0.796317
0 0.543535 0.555464 0.0933695 0.257313 0.419047
0 0.501096 0.428865 0.0765615 0.205498 0.397485
0 0.0424605 0.333732 0.0849164 0.262503 0.326333
0 0.243131 0.272138 0.0780683 0.188433 0.269873
0 0.483668 0.558381 0.0840136 0.253516 0.255785
0 0.100284 0.58507 0.200315 0.807355 0.892589
0 0.655628 0.581132 0.157554 0.822767 0.820767
0 0.349976 0.575302 0.170983 0.831249 0.814284
0 0.916069 0.517975 0.155849 0.447512 0.796317
0 0.543535 0.555464 0.0933695 0.257313 0.419047
0 0.501096 0.428865 0.0765615 0.205498 0.397485
0 0.0424605 0.333732 0.0849164 0.262503 0.326333
0 0.243131 0.272138 0.0780683 0.188433 0.269873
0 0.483668 0.558381 0.0840136 0.253516 0.255785
