0 0.174068 0.576945 0.183797 0.831445 0.846386
0 0.474266 0.583334 0.159076 0.823822 0.790652
0 0.753809 0.642529 0.160091 0.705543 0.772542
0 0.37669 0.525128 0.0743189 0.325425 0.491
0 0.0406384 0.58468 0.0812296 0.2329 0.39577
0 0.95808 0.478063 0.0833729 0.519221 0.38887
0 0.040054 0.422791 0.0801081 0.230567 0.366496
0 0.632738 0.566737 0.107469 0.225504 0.352788
0 0.330599 0.426751 0.0754498 0.206079 0.306229
0 0.174068 0.576945 0.183797 0.831445 0.846386
0 0.474266 0.583334 0.159076 0.823822 0.790652
0 0.753809 0.642529 0.160091 0.705543 0.772542
0 0.37669 0.525128 0.0743189 0.325425 0.491
0 0.0406384 0.58468 0.0812296 0.2329 0.39577
0 0.95808 0.478063 0.0833729 0.519221 0.38887
0 0.040054 0.422791 0.0801081 0.230567 0.366496
0 0.632738 0.566737 0.107469 0.225504 0.352788
0 0.330599 0.426751 0.0754498 0.206079 0.306229
