0 0.323641 0.616332 0.0793355 0.173818 0.753142
0 0.311423 0.803991 0.0630204 0.199788 0.730299
0 0.470027 0.602818 0.0286989 0.192131 0.72026
0 0.354502 0.537722 0.0384736 0.171531 0.700559
0 0.545776 0.648924 0.0326341 0.202366 0.678655
0 0.878024 0.641116 0.0301636 0.177676 0.677732
0 0.509935 0.64232 0.0318262 0.197269 0.654879
0 0.328722 0.462845 0.0344034 0.149402 0.626675
0 0.599603 0.928858 0.0671297 0.142283 0.551425
0 0.100921 0.544274 0.0520651 0.128166 0.443696
0 0.69833 0.531252 0.0684668 0.106202 0.414452
0 0.630493 0.71718 0.0538856 0.19156 0.360658
0 0.64386 0.859211 0.0818951 0.132609 0.327675
0 0.323641 0.616332 0.0793355 0.173818 0.753142
0 0.311423 0.803991 0.0630204 0.199788 0.730299
0 0.470027 0.602818 0.0286989 0.192131 0.72026
0 0.354502 0.537722 0.0384736 0.171531 0.700559
0 0.545776 0.648924 0.0326341 0.202366 0.678655
0 0.878024 0.641116 0.0301636 0.177676 0.677732
0 0.509935 0.64232 0.0318262 0.197269 0.654879
0 0.328722 0.462845 0.0344034 0.149402 0.626675
0 0.599603 0.928858 0.0671297 0.142283 0.551425
0 0.100921 0.544274 0.0520651 0.128166 0.443696
0 0.69833 0.531252 0.0684668 0.106202 0.414452
0 0.630493 0.71718 0.0538856 0.19156 0.360658
0 0.64386 0.859211 0.0818951 0.132609 0.327675
