0 0.62471 0.679758 0.0382933 0.175411 0.809553
0 0.424848 0.833991 0.0566326 0.20086 0.783534
0 0.186381 0.48123 0.0341206 0.129213 0.781049
0 0.376697 0.42848 0.0240355 0.127231 0.710799
0 0.875356 0.724893 0.0542187 0.200182 0.692743
0 0.606545 0.860438 0.0508207 0.177003 0.610212
0 0.29501 0.529224 0.0412173 0.152177 0.523924
0 0.635212 0.477795 0.0327576 0.14393 0.455517
0 0.546484 0.954126 0.0379164 0.0917474 0.423561
0 0.454655 0.645391 0.0631563 0.167447 0.413871
0 0.583705 0.947029 0.040802 0.104616 0.386266
0 0.780289 0.570149 0.0181868 0.0931797 0.350865
0 0.424324 0.65162 0.0752501 0.136941 0.288695
0 0.332976 0.521863 0.0491999 0.149523 0.278343
0 0.454011 0.33718 0.024103 0.126134 0.274355
0 0.417153 0.568035 0.0332426 0.143479 0.26671
0 0.62471 0.679758 0.0382933 0.175411 0.809553
0 0.424848 0.833991 0.0566326 0.20086 0.783534
0 0.186381 0.48123 0.0341206 0.129213 0.781049
0 0.376697 0.42848 0.0240355 0.127231 0.710799
0 0.875356 0.724893 0.0542187 0.200182 0.692743
0 0.606545 0.860438 0.0508207 0.177003 0.610212
0 0.29501 0.529224 0.0412173 0.152177 0.523924
0 0.635212 0.477795 0.0327576 0.14393 0.455517
0 0.546484 0.954126 0.0379164 0.0917474 0.423561
0 0.454655 0.645391 0.0631563 0.167447 0.413871
0 0.583705 0.947029 0.040802 0.104616 0.386266
0 0.780289 0.570149 0.0181868 0.0931797 0.350865
0 0.424324 0.65162 0.0752501 0.136941 0.288695
0 0.332976 0.521863 0.0491999 0.149523 0.278343
0 0.454011 0.33718 0.024103 0.126134 0.274355
0 0.417153 0.568035 0.0332426 0.143479 0.26671
