0 0.864307 0.720799 0.044606 0.195271 0.774546
0 0.476157 0.832071 0.0465697 0.202707 0.687111
0 0.348865 0.561309 0.0490736 0.157331 0.686666
0 0.645261 0.677938 0.0515383 0.173334 0.670368
0 0.183534 0.44589 0.0331377 0.112071 0.657407
0 0.46713 0.649258 0.0682886 0.165001 0.608325
0 0.653322 0.482607 0.0392866 0.142989 0.568728
0 0.394154 0.423488 0.0228819 0.132935 0.566756
0 0.613325 0.849839 0.0517282 0.172747 0.560836
0 0.300771 0.57215 0.04228 0.143039 0.387793
0 0.455361 0.973132 0.031872 0.0537361 0.37091
0 0.296872 0.460738 0.0360766 0.119117 0.368115
0 0.561028 0.948223 0.0367117 0.101028 0.294213
0 0.435372 0.557692 0.0306934 0.132177 0.256304
0 0.864307 0.720799 0.044606 0.195271 0.774546
0 0.476157 0.832071 0.0465697 0.202707 0.687111
0 0.348865 0.561309 0.0490736 0.157331 0.686666
0 0.645261 0.677938 0.0515383 0.173334 0.670368
0 0.183534 0.44589 0.0331377 0.112071 0.657407
0 0.46713 0.649258 0.0682886 0.165001 0.608325
0 0.653322 0.482607 0.0392866 0.142989 0.568728
0 0.394154 0.423488 0.0228819 0.132935 0.566756
0 0.613325 0.849839 0.0517282 0.172747 0.560836
0 0.300771 0.57215 0.04228 0.143039 0.387793
0 0.455361 0.973132 0.031872 0.0537361 0.37091
0 0.296872 0.460738 0.0360766 0.119117 0.368115
0 0.561028 0.948223 0.0367117 0.101028 0.294213
0 0.435372 0.557692 0.0306934 0.132177 0.256304
