0 0.109199 0.840059 0.08242 0.173256 0.860211
0 0.365135 0.742821 0.0479967 0.202144 0.808305
0 0.395925 0.538126 0.0418007 0.190321 0.754241
0 0.642097 0.62322 0.0377579 0.178271 0.753598
0 0.199996 0.652968 0.0326966 0.191457 0.742542
0 0.743813 0.602857 0.0499876 0.189699 0.724472
0 0.929248 0.613811 0.0460405 0.182383 0.59184
32 0.909799 0.470112 0.0266136 0.0430738 0.550123
0 0.545405 0.627787 0.0556498 0.188129 0.47624
0 0.537887 0.974576 0.0308599 0.0508489 0.451381
0 0.946172 0.665144 0.0655596 0.107332 0.35463
0 0.691467 0.499158 0.0458113 0.167372 0.338166
0 0.0440651 0.955613 0.0464654 0.0824137 0.303559
0 0.109199 0.840059 0.08242 0.173256 0.860211
0 0.365135 0.742821 0.0479967 0.202144 0.808305
0 0.395925 0.538126 0.0418007 0.190321 0.754241
0 0.642097 0.62322 0.0377579 0.178271 0.753598
0 0.199996 0.652968 0.0326966 0.191457 0.742542
0 0.743813 0.602857 0.0499876 0.189699 0.724472
0 0.929248 0.613811 0.0460405 0.182383 0.59184
32 0.909799 0.470112 0.0266136 0.0430738 0.550123
0 0.545405 0.627787 0.0556498 0.188129 0.47624
0 0.537887 0.974576 0.0308599 0.0508489 0.451381
0 0.946172 0.665144 0.0655596 0.107332 0.35463
0 0.691467 0.499158 0.0458113 0.167372 0.338166
0 0.0440651 0.955613 0.0464654 0.0824137 0.303559
