0 0.293563 0.677592 0.0372547 0.181381 0.802002
0 0.485029 0.690138 0.0314455 0.202367 0.740763
0 0.560357 0.491635 0.0393973 0.153998 0.682898
0 0.778937 0.460866 0.034986 0.121395 0.646605
0 0.596048 0.813647 0.0452312 0.171723 0.602429
0 0.65669 0.614026 0.0637709 0.137396 0.600763
0 0.286892 0.473804 0.0350111 0.152005 0.599794
0 0.887959 0.721619 0.0595585 0.179512 0.59701
0 0.601188 0.520678 0.0418273 0.185725 0.577
0 0.107926 0.571652 0.0283285 0.157154 0.566633
0 0.545669 0.968144 0.039439 0.0637121 0.512146
0 0.666874 0.506879 0.0284767 0.0990896 0.499247
0 0.576142 0.943458 0.0354336 0.11277 0.453746
0 0.377232 0.957802 0.0393577 0.084131 0.417059
0 0.420503 0.966912 0.040097 0.0661762 0.376981
0 0.314324 0.938704 0.0512809 0.118574 0.355069
0 0.503114 0.976841 0.0307705 0.0463187 0.344145
0 0.293563 0.677592 0.0372547 0.181381 0.802002
0 0.485029 0.690138 0.0314455 0.202367 0.740763
0 0.560357 0.491635 0.0393973 0.153998 0.682898
0 0.778937 0.460866 0.034986 0.121395 0.646605
0 0.596048 0.813647 0.0452312 0.171723 0.602429
0 0.65669 0.614026 0.0637709 0.137396 0.600763
0 0.286892 0.473804 0.0350111 0.152005 0.599794
0 0.887959 0.721619 0.0595585 0.179512 0.59701
0 0.601188 0.520678 0.0418273 0.185725 0.577
0 0.107926 0.571652 0.0283285 0.157154 0.566633
0 0.545669 0.968144 0.039439 0.0637121 0.512146
0 0.666874 0.506879 0.0284767 0.0990896 0.499247
0 0.576142 0.943458 0.0354336 0.11277 0.453746
0 0.377232 0.957802 0.0393577 0.084131 0.417059
0 0.420503 0.966912 0.040097 0.0661762 0.376981
0 0.314324 0.938704 0.0512809 0.118574 0.355069
0 0.503114 0.976841 0.0307705 0.0463187 0.344145
