0 0.310054 0.618307 0.042171 0.195169 0.80331
0 0.145291 0.885043 0.0537831 0.206164 0.779163
0 0.613709 0.899108 0.0348358 0.174724 0.672856
0 0.125532 0.449566 0.032274 0.147998 0.66867
0 0.0587684 0.54652 0.0392637 0.134704 0.620265
0 0.818838 0.640278 0.0666018 0.152383 0.599175
0 0.658171 0.463648 0.0463513 0.142846 0.597687
0 0.220413 0.679473 0.0881955 0.241796 0.54234
0 0.474656 0.839004 0.049642 0.196412 0.47175
0 0.263485 0.519481 0.0335649 0.154255 0.432076
0 0.603303 0.967285 0.0429735 0.0654302 0.384383
0 0.672049 0.956491 0.0408882 0.0854743 0.314954
0 0.90994 0.966083 0.0427746 0.067835 0.290382
0 0.310054 0.618307 0.042171 0.195169 0.80331
0 0.145291 0.885043 0.0537831 0.206164 0.779163
0 0.613709 0.899108 0.0348358 0.174724 0.672856
0 0.125532 0.449566 0.032274 0.147998 0.66867
0 0.0587684 0.54652 0.0392637 0.134704 0.620265
0 0.818838 0.640278 0.0666018 0.152383 0.599175
0 0.658171 0.463648 0.0463513 0.142846 0.597687
0 0.220413 0.679473 0.0881955 0.241796 0.54234
0 0.474656 0.839004 0.049642 0.196412 0.47175
0 0.263485 0.519481 0.0335649 0.154255 0.432076
0 0.603303 0.967285 0.0429735 0.0654302 0.384383
0 0.672049 0.956491 0.0408882 0.0854743 0.314954
0 0.90994 0.966083 0.0427746 0.067835 0.290382
