0 0.74853 0.484682 0.0433879 0.163726 0.811855
0 0.356539 0.729825 0.0624413 0.184572 0.796637
0 0.714484 0.725744 0.040619 0.189387 0.738535
0 0.671535 0.715599 0.0481186 0.166325 0.694233
0 0.318257 0.535806 0.0600628 0.177303 0.692966
0 0.822672 0.521114 0.0649347 0.156256 0.690962
0 0.616891 0.650401 0.0586233 0.152662 0.668652
0 0.566801 0.628051 0.0559155 0.172173 0.514756
0 0.935402 0.478651 0.037241 0.14906 0.445703
0 0.012047 0.97147 0.0239225 0.0550378 0.271537
0 0.74853 0.484682 0.0433879 0.163726 0.811855
0 0.356539 0.729825 0.0624413 0.184572 0.796637
0 0.714484 0.725744 0.040619 0.189387 0.738535
0 0.671535 0.715599 0.0481186 0.166325 0.694233
0 0.318257 0.535806 0.0600628 0.177303 0.692966
0 0.822672 0.521114 0.0649347 0.156256 0.690962
0 0.616891 0.650401 0.0586233 0.152662 0.668652
0 0.566801 0.628051 0.0559155 0.172173 0.514756
0 0.935402 0.478651 0.037241 0.14906 0.445703
0 0.012047 0.97147 0.0239225 0.0550378 0.271537
