0 0.315161 0.695488 0.0491727 0.166361 0.815869
32 0.895439 0.436591 0.0235527 0.0344659 0.791271
0 0.156096 0.572175 0.0324234 0.153499 0.695766
0 0.615715 0.948988 0.043198 0.100691 0.677358
0 0.76996 0.664858 0.0444152 0.188309 0.667198
0 0.670614 0.526427 0.0436264 0.144388 0.649252
0 0.582738 0.74797 0.0519768 0.208099 0.579396
0 0.500439 0.929578 0.0398308 0.140845 0.558769
0 0.724694 0.512438 0.0428619 0.123027 0.531764
0 0.326618 0.489548 0.0521832 0.163785 0.513438
0 0.84778 0.42748 0.0371647 0.147028 0.503933
0 0.498759 0.619762 0.0706637 0.170717 0.485677
0 0.519281 0.723425 0.0505981 0.206324 0.482049
0 0.362954 0.94426 0.0561517 0.110115 0.444464
0 0.474059 0.969974 0.036184 0.0600522 0.438503
0 0.428317 0.964018 0.0364786 0.0719637 0.427949
0 0.605149 0.572279 0.0580179 0.158759 0.385666
0 0.549803 0.65186 0.0468103 0.176221 0.319182
0 0.319333 0.935681 0.0476045 0.117743 0.281697
0 0.315161 0.695488 0.0491727 0.166361 0.815869
32 0.895439 0.436591 0.0235527 0.0344659 0.791271
0 0.156096 0.572175 0.0324234 0.153499 0.695766
0 0.615715 0.948988 0.043198 0.100691 0.677358
0 0.76996 0.664858 0.0444152 0.188309 0.667198
0 0.670614 0.526427 0.0436264 0.144388 0.649252
0 0.582738 0.74797 0.0519768 0.208099 0.579396
0 0.500439 0.929578 0.0398308 0.140845 0.558769
0 0.724694 0.512438 0.0428619 0.123027 0.531764
0 0.326618 0.489548 0.0521832 0.163785 0.513438
0 0.84778 0.42748 0.0371647 0.147028 0.503933
0 0.498759 0.619762 0.0706637 0.170717 0.485677
0 0.519281 0.723425 0.0505981 0.206324 0.482049
0 0.362954 0.94426 0.0561517 0.110115 0.444464
0 0.474059 0.969974 0.036184 0.0600522 0.438503
0 0.428317 0.964018 0.0364786 0.0719637 0.427949
0 0.605149 0.572279 0.0580179 0.158759 0.385666
0 0.549803 0.65186 0.0468103 0.176221 0.319182
0 0.319333 0.935681 0.0476045 0.117743 0.281697
