0 0.582049 0.894408 0.0518663 0.197181 0.72732
0 0.260175 0.498538 0.0441689 0.14158 0.696258
0 0.187367 0.44311 0.0490138 0.148413 0.673218
0 0.270652 0.628342 0.0381872 0.181591 0.647139
0 0.135968 0.504304 0.0431676 0.128964 0.605633
0 0.590011 0.742202 0.0593377 0.151901 0.603437
0 0.0810776 0.941658 0.0647026 0.116261 0.590403
0 0.216679 0.775523 0.0400039 0.173956 0.532969
0 0.620173 0.475411 0.0447185 0.134547 0.488246
0 0.705018 0.813103 0.0772133 0.1651 0.477545
0 0.551792 0.964415 0.0424444 0.0711709 0.426553
0 0.320403 0.681548 0.0394919 0.165765 0.409482
0 0.511296 0.970377 0.0373418 0.0592461 0.382755
0 0.33631 0.655633 0.0733146 0.202317 0.36532
0 0.582049 0.894408 0.0518663 0.197181 0.72732
0 0.260175 0.498538 0.0441689 0.14158 0.696258
0 0.187367 0.44311 0.0490138 0.148413 0.673218
0 0.270652 0.628342 0.0381872 0.181591 0.647139
0 0.135968 0.504304 0.0431676 0.128964 0.605633
0 0.590011 0.742202 0.0593377 0.151901 0.603437
0 0.0810776 0.941658 0.0647026 0.116261 0.590403
0 0.216679 0.775523 0.0400039 0.173956 0.532969
0 0.620173 0.475411 0.0447185 0.134547 0.488246
0 0.705018 0.813103 0.0772133 0.1651 0.477545
0 0.551792 0.964415 0.0424444 0.0711709 0.426553
0 0.320403 0.681548 0.0394919 0.165765 0.409482
0 0.511296 0.970377 0.0373418 0.0592461 0.382755
0 0.33631 0.655633 0.0733146 0.202317 0.36532
