0 0.167946 0.720194 0.094751 0.220933 0.823373
0 0.274832 0.769574 0.0804721 0.190174 0.802657
0 0.599572 0.629692 0.045709 0.15994 0.763204
0 0.651295 0.606004 0.049451 0.197805 0.725737
0 0.0281282 0.820778 0.0561743 0.194979 0.725046
0 0.714406 0.503077 0.0440256 0.169443 0.700829
0 0.570008 0.922135 0.0432774 0.15573 0.700492
0 0.282829 0.915413 0.0809709 0.166727 0.653057
0 0.706419 0.86334 0.0330845 0.20475 0.634359
0 0.622235 0.95733 0.0405943 0.0853406 0.619933
0 0.465872 0.890184 0.0944069 0.217497 0.585503
0 0.290231 0.48763 0.0490776 0.133308 0.553384
0 0.13087 0.434645 0.048537 0.128834 0.525495
0 0.659812 0.950032 0.0344149 0.0971068 0.511992
0 0.424465 0.726204 0.0539477 0.186204 0.481065
0 0.892607 0.586107 0.0513908 0.171206 0.458928
0 0.747345 0.940087 0.047364 0.118314 0.417978
0 0.858311 0.939179 0.0864368 0.118417 0.388474
0 0.984595 0.945364 0.02999 0.105222 0.306573
0 0.220002 0.422511 0.0401107 0.111012 0.292335
0 0.167946 0.720194 0.094751 0.220933 0.823373
0 0.274832 0.769574 0.0804721 0.190174 0.802657
0 0.599572 0.629692 0.045709 0.15994 0.763204
0 0.651295 0.606004 0.049451 0.197805 0.725737
0 0.0281282 0.820778 0.0561743 0.194979 0.725046
0 0.714406 0.503077 0.0440256 0.169443 0.700829
0 0.570008 0.922135 0.0432774 0.15573 0.700492
0 0.282829 0.915413 0.0809709 0.166727 0.653057
0 0.706419 0.86334 0.0330845 0.20475 0.634359
0 0.622235 0.95733 0.0405943 0.0853406 0.619933
0 0.465872 0.890184 0.0944069 0.217497 0.585503
0 0.290231 0.48763 0.0490776 0.133308 0.553384
0 0.13087 0.434645 0.048537 0.128834 0.525495
0 0.659812 0.950032 0.0344149 0.0971068 0.511992
0 0.424465 0.726204 0.0539477 0.186204 0.481065
0 0.892607 0.586107 0.0513908 0.171206 0.458928
0 0.747345 0.940087 0.047364 0.118314 0.417978
0 0.858311 0.939179 0.0864368 0.118417 0.388474
0 0.984595 0.945364 0.02999 0.105222 0.306573
0 0.220002 0.422511 0.0401107 0.111012 0.292335
