0 0.860993 0.928323 0.0600431 0.143355 0.762883
0 0.976653 0.622939 0.0454155 0.172421 0.745174
0 0.679246 0.962036 0.0490455 0.0759285 0.62344
0 0.0932417 0.78086 0.0675324 0.165088 0.595807
0 0.571791 0.623615 0.0342358 0.134274 0.581944
0 0.331048 0.927096 0.0490822 0.145808 0.554574
0 0.667 0.505317 0.042645 0.129274 0.541631
0 0.317307 0.540535 0.0675366 0.15677 0.504824
0 0.39219 0.852577 0.0505627 0.132283 0.469455
0 0.429458 0.471062 0.0359804 0.12162 0.462913
0 0.269813 0.921125 0.0591974 0.15287 0.437159
0 0.414337 0.944053 0.0569677 0.111098 0.427486
0 0.156734 0.898944 0.0375387 0.131902 0.401066
0 0.269043 0.691519 0.0406557 0.156049 0.379785
0 0.371551 0.924788 0.0575271 0.148841 0.34812
0 0.595888 0.345538 0.0230778 0.116104 0.320433
0 0.563551 0.359954 0.0380579 0.127055 0.286004
0 0.224702 0.921954 0.0501877 0.15134 0.275236
0 0.190968 0.89479 0.0378872 0.106761 0.259282
0 0.860993 0.928323 0.0600431 0.143355 0.762883
0 0.976653 0.622939 0.0454155 0.172421 0.745174
0 0.679246 0.962036 0.0490455 0.0759285 0.62344
0 0.0932417 0.78086 0.0675324 0.165088 0.595807
0 0.571791 0.623615 0.0342358 0.134274 0.581944
0 0.331048 0.927096 0.0490822 0.145808 0.554574
0 0.667 0.505317 0.042645 0.129274 0.541631
0 0.317307 0.540535 0.0675366 0.15677 0.504824
0 0.39219 0.852577 0.0505627 0.132283 0.469455
0 0.429458 0.471062 0.0359804 0.12162 0.462913
0 0.269813 0.921125 0.0591974 0.15287 0.437159
0 0.414337 0.944053 0.0569677 0.111098 0.427486
0 0.156734 0.898944 0.0375387 0.131902 0.401066
0 0.269043 0.691519 0.0406557 0.156049 0.379785
0 0.371551 0.924788 0.0575271 0.148841 0.34812
0 0.595888 0.345538 0.0230778 0.116104 0.320433
0 0.563551 0.359954 0.0380579 0.127055 0.286004
0 0.224702 0.921954 0.0501877 0.15134 0.275236
0 0.190968 0.89479 0.0378872 0.106761 0.259282
