0 0.933357 0.581145 0.132862 0.824107 0.920278
0 0.127249 0.576342 0.206027 0.830701 0.908768
0 0.45807 0.576742 0.186052 0.830354 0.889454
0 0.682044 0.556578 0.188034 0.872929 0.87819
0 0.905941 0.269432 0.0875225 0.217506 0.552742
0 0.782888 0.467972 0.0832804 0.173785 0.511296
0 0.30826 0.388247 0.0719442 0.255458 0.351827
0 0.835939 0.168547 0.0967926 0.263323 0.34278
0 0.346941 0.469783 0.0621967 0.175955 0.279857
32 0.691588 0.516998 0.0239219 0.0394669 0.278308
0 0.579296 0.164061 0.10258 0.285218 0.278278
0 0.933357 0.581145 0.132862 0.824107 0.920278
0 0.127249 0.576342 0.206027 0.830701 0.908768
0 0.45807 0.576742 0.186052 0.830354 0.889454
0 0.682044 0.556578 0.188034 0.872929 0.87819
0 0.905941 0.269432 0.0875225 0.217506 0.552742
0 0.782888 0.467972 0.0832804 0.173785 0.511296
0 0.30826 0.388247 0.0719442 0.255458 0.351827
0 0.835939 0.168547 0.0967926 0.263323 0.34278
0 0.346941 0.469783 0.0621967 0.175955 0.279857
32 0.691588 0.516998 0.0239219 0.0394669 0.278308
0 0.579296 0.164061 0.10258 0.285218 0.278278
