0 0.388237 0.537495 0.0350501 0.17286 0.78801
0 0.0411646 0.535738 0.0386002 0.137288 0.785992
0 0.282137 0.447351 0.0333695 0.146523 0.760888
0 0.431813 0.910104 0.0484774 0.179791 0.696632
0 0.703235 0.459086 0.0470448 0.137513 0.678382
0 0.107441 0.402939 0.0238659 0.118904 0.672981
0 0.246882 0.638587 0.0359045 0.179715 0.580982
0 0.388107 0.390601 0.0291592 0.109608 0.511814
0 0.696272 0.632452 0.0284157 0.135513 0.479839
0 0.71899 0.753067 0.0477168 0.207468 0.47385
0 0.35195 0.973019 0.0426182 0.0539628 0.451297
0 0.397995 0.955976 0.0455772 0.0880472 0.446242
0 0.597556 0.653507 0.0468882 0.175535 0.435977
0 0.503203 0.945652 0.069636 0.107549 0.386443
0 0.486199 0.594514 0.0677109 0.161936 0.301774
0 0.292674 0.985069 0.0167769 0.0298612 0.292109
0 0.53076 0.936665 0.0529699 0.121262 0.264061
0 0.388237 0.537495 0.0350501 0.17286 0.78801
0 0.0411646 0.535738 0.0386002 0.137288 0.785992
0 0.282137 0.447351 0.0333695 0.146523 0.760888
0 0.431813 0.910104 0.0484774 0.179791 0.696632
0 0.703235 0.459086 0.0470448 0.137513 0.678382
0 0.107441 0.402939 0.0238659 0.118904 0.672981
0 0.246882 0.638587 0.0359045 0.179715 0.580982
0 0.388107 0.390601 0.0291592 0.109608 0.511814
0 0.696272 0.632452 0.0284157 0.135513 0.479839
0 0.71899 0.753067 0.0477168 0.207468 0.47385
0 0.35195 0.973019 0.0426182 0.0539628 0.451297
0 0.397995 0.955976 0.0455772 0.0880472 0.446242
0 0.597556 0.653507 0.0468882 0.175535 0.435977
0 0.503203 0.945652 0.069636 0.107549 0.386443
0 0.486199 0.594514 0.0677109 0.161936 0.301774
0 0.292674 0.985069 0.0167769 0.0298612 0.292109
0 0.53076 0.936665 0.0529699 0.121262 0.264061
