0 0.05826 0.603741 0.11652 0.780626 0.857444
0 0.650844 0.578376 0.172757 0.829656 0.839066
0 0.395852 0.58638 0.203179 0.804445 0.745485
0 0.796661 0.419907 0.0783587 0.205663 0.501139
0 0.769782 0.544675 0.0913996 0.258357 0.454655
0 0.836001 0.555 0.0888702 0.234158 0.42479
0 0.929488 0.580112 0.140578 0.839777 0.395201
0 0.181314 0.295201 0.0933842 0.213197 0.387208
0 0.610066 0.292465 0.0816477 0.19867 0.30879
0 0.186563 0.406951 0.0742121 0.231592 0.303056
0 0.35342 0.322641 0.09107 0.233363 0.281242
0 0.265678 0.42836 0.0903197 0.19384 0.281172
0 0.538327 0.255898 0.0703033 0.160228 0.263931
0 0.05826 0.603741 0.11652 0.780626 0.857444
0 0.650844 0.578376 0.172757 0.829656 0.839066
0 0.395852 0.58638 0.203179 0.804445 0.745485
0 0.796661 0.419907 0.0783587 0.205663 0.501139
0 0.769782 0.544675 0.0913996 0.258357 0.454655
0 0.836001 0.555 0.0888702 0.234158 0.42479
0 0.929488 0.580112 0.140578 0.839777 0.395201
0 0.181314 0.295201 0.0933842 0.213197 0.387208
0 0.610066 0.292465 0.0816477 0.19867 0.30879
0 0.186563 0.406951 0.0742121 0.231592 0.303056
0 0.35342 0.322641 0.09107 0.233363 0.281242
0 0.265678 0.42836 0.0903197 0.19384 0.281172
0 0.538327 0.255898 0.0703033 0.160228 0.263931
