0 0.183337 0.576461 0.182979 0.827612 0.834588
0 0.758688 0.643399 0.15637 0.706726 0.79523
0 0.484429 0.583091 0.162121 0.822869 0.652131
0 0.384613 0.529044 0.0773832 0.320195 0.379011
0 0.962624 0.516149 0.0742992 0.442627 0.366295
0 0.0458057 0.585012 0.0912945 0.231944 0.34455
0 0.339739 0.428847 0.0752785 0.213223 0.284892
0 0.183337 0.576461 0.182979 0.827612 0.834588
0 0.758688 0.643399 0.15637 0.706726 0.79523
0 0.484429 0.583091 0.162121 0.822869 0.652131
0 0.384613 0.529044 0.0773832 0.320195 0.379011
0 0.962624 0.516149 0.0742992 0.442627 0.366295
0 0.0458057 0.585012 0.0912945 0.231944 0.34455
0 0.339739 0.428847 0.0752785 0.213223 0.284892
