0 0.679603 0.671819 0.0469587 0.178867 0.762559
0 0.837984 0.734715 0.0640785 0.199595 0.750685
0 0.338296 0.56345 0.0408867 0.1506 0.722336
0 0.258896 0.470304 0.0383227 0.144927 0.698898
0 0.151953 0.415751 0.0246751 0.134226 0.655681
0 0.614568 0.842237 0.0520226 0.150109 0.632763
0 0.469679 0.570253 0.0368469 0.157071 0.624309
0 0.415636 0.409963 0.0232889 0.123287 0.566951
0 0.527935 0.642426 0.104085 0.178321 0.52615
0 0.476086 0.969884 0.0368023 0.0602312 0.505006
0 0.670279 0.47598 0.0376932 0.13523 0.449627
0 0.228797 0.592579 0.0545244 0.155745 0.444705
0 0.521919 0.967136 0.0358647 0.0656881 0.434186
0 0.559954 0.830737 0.0410217 0.176056 0.415281
0 0.616171 0.937035 0.040299 0.125313 0.393886
0 0.574619 0.937237 0.0391581 0.117988 0.300669
0 0.487176 0.324393 0.0228609 0.123404 0.289373
0 0.10806 0.340852 0.026037 0.0587248 0.288122
0 0.545073 0.966926 0.0230726 0.0605847 0.254102
0 0.679603 0.671819 0.0469587 0.178867 0.762559
0 0.837984 0.734715 0.0640785 0.199595 0.750685
0 0.338296 0.56345 0.0408867 0.1506 0.722336
0 0.258896 0.470304 0.0383227 0.144927 0.698898
0 0.151953 0.415751 0.0246751 0.134226 0.655681
0 0.614568 0.842237 0.0520226 0.150109 0.632763
0 0.469679 0.570253 0.0368469 0.157071 0.624309
0 0.415636 0.409963 0.0232889 0.123287 0.566951
0 0.527935 0.642426 0.104085 0.178321 0.52615
0 0.476086 0.969884 0.0368023 0.0602312 0.505006
0 0.670279 0.47598 0.0376932 0.13523 0.449627
0 0.228797 0.592579 0.0545244 0.155745 0.444705
0 0.521919 0.967136 0.0358647 0.0656881 0.434186
0 0.559954 0.830737 0.0410217 0.176056 0.415281
0 0.616171 0.937035 0.040299 0.125313 0.393886
0 0.574619 0.937237 0.0391581 0.117988 0.300669
0 0.487176 0.324393 0.0228609 0.123404 0.289373
0 0.10806 0.340852 0.026037 0.0587248 0.288122
0 0.545073 0.966926 0.0230726 0.0605847 0.254102
