0 0.736239 0.585125 0.0499236 0.177395 0.820265
0 0.393938 0.538635 0.0445814 0.183588 0.809858
0 0.359316 0.741789 0.0394948 0.202542 0.727891
0 0.543312 0.636198 0.0341591 0.183067 0.6728
0 0.639686 0.638395 0.0415039 0.171133 0.663682
0 0.192367 0.647499 0.0286496 0.17917 0.649585
0 0.683815 0.506095 0.0503361 0.169523 0.646119
0 0.537381 0.971563 0.0362463 0.0568736 0.617426
0 0.893428 0.623067 0.0612316 0.164243 0.585416
32 0.902159 0.468355 0.0213551 0.0407794 0.582947
0 0.579663 0.589007 0.0515051 0.173487 0.427656
0 0.0670755 0.825376 0.0438062 0.164613 0.335749
0 0.632055 0.44466 0.0302361 0.116987 0.320445
0 0.153106 0.975016 0.0345027 0.0499682 0.29476
0 0.924191 0.502398 0.0523098 0.126369 0.26619
0 0.736239 0.585125 0.0499236 0.177395 0.820265
0 0.393938 0.538635 0.0445814 0.183588 0.809858
0 0.359316 0.741789 0.0394948 0.202542 0.727891
0 0.543312 0.636198 0.0341591 0.183067 0.6728
0 0.639686 0.638395 0.0415039 0.171133 0.663682
0 0.192367 0.647499 0.0286496 0.17917 0.649585
0 0.683815 0.506095 0.0503361 0.169523 0.646119
0 0.537381 0.971563 0.0362463 0.0568736 0.617426
0 0.893428 0.623067 0.0612316 0.164243 0.585416
32 0.902159 0.468355 0.0213551 0.0407794 0.582947
0 0.579663 0.589007 0.0515051 0.173487 0.427656
0 0.0670755 0.825376 0.0438062 0.164613 0.335749
0 0.632055 0.44466 0.0302361 0.116987 0.320445
0 0.153106 0.975016 0.0345027 0.0499682 0.29476
0 0.924191 0.502398 0.0523098 0.126369 0.26619
