0 0.278349 0.698321 0.0574798 0.16949 0.85171
0 0.582871 0.94666 0.0450521 0.106216 0.7382
0 0.148471 0.568151 0.0323016 0.154851 0.685875
0 0.316858 0.489149 0.0584847 0.163925 0.66541
0 0.746837 0.665129 0.0607294 0.180443 0.612894
0 0.515253 0.801549 0.0415941 0.173821 0.577672
0 0.66758 0.568332 0.0281282 0.157333 0.572414
0 0.419452 0.960116 0.0397949 0.0797684 0.480075
0 0.355819 0.941201 0.0552217 0.115915 0.361924
0 0.830849 0.431861 0.0340698 0.127708 0.360017
0 0.502073 0.924935 0.042992 0.15013 0.33859
0 0.50457 0.713308 0.0446187 0.0980806 0.330124
0 0.464355 0.968236 0.0366281 0.0635284 0.306379
0 0.312066 0.931972 0.0498487 0.122924 0.276673
0 0.278349 0.698321 0.0574798 0.16949 0.85171
0 0.582871 0.94666 0.0450521 0.106216 0.7382
0 0.148471 0.568151 0.0323016 0.154851 0.685875
0 0.316858 0.489149 0.0584847 0.163925 0.66541
0 0.746837 0.665129 0.0607294 0.180443 0.612894
0 0.515253 0.801549 0.0415941 0.173821 0.577672
0 0.66758 0.568332 0.0281282 0.157333 0.572414
0 0.419452 0.960116 0.0397949 0.0797684 0.480075
0 0.355819 0.941201 0.0552217 0.115915 0.361924
0 0.830849 0.431861 0.0340698 0.127708 0.360017
0 0.502073 0.924935 0.042992 0.15013 0.33859
0 0.50457 0.713308 0.0446187 0.0980806 0.330124
0 0.464355 0.968236 0.0366281 0.0635284 0.306379
0 0.312066 0.931972 0.0498487 0.122924 0.276673
