0 0.31513 0.619801 0.0431349 0.197322 0.795563
0 0.138127 0.88879 0.0512111 0.194174 0.730985
0 0.665619 0.465879 0.0400619 0.146218 0.686668
0 0.616596 0.896581 0.0341017 0.171336 0.671768
0 0.811425 0.650003 0.0515301 0.143599 0.602186
0 0.201197 0.674876 0.0723972 0.241063 0.596735
0 0.264035 0.524854 0.0407111 0.159853 0.582679
0 0.11628 0.452836 0.0341439 0.132092 0.562428
0 0.67695 0.957131 0.0410637 0.0852654 0.514546
0 0.0493023 0.534233 0.0482453 0.105152 0.509311
0 0.607962 0.966524 0.0405449 0.0669515 0.347532
0 0.45502 0.82075 0.0457717 0.136011 0.315548
0 0.510594 0.904874 0.0958895 0.188768 0.282995
0 0.31513 0.619801 0.0431349 0.197322 0.795563
0 0.138127 0.88879 0.0512111 0.194174 0.730985
0 0.665619 0.465879 0.0400619 0.146218 0.686668
0 0.616596 0.896581 0.0341017 0.171336 0.671768
0 0.811425 0.650003 0.0515301 0.143599 0.602186
0 0.201197 0.674876 0.0723972 0.241063 0.596735
0 0.264035 0.524854 0.0407111 0.159853 0.582679
0 0.11628 0.452836 0.0341439 0.132092 0.562428
0 0.67695 0.957131 0.0410637 0.0852654 0.514546
0 0.0493023 0.534233 0.0482453 0.105152 0.509311
0 0.607962 0.966524 0.0405449 0.0669515 0.347532
0 0.45502 0.82075 0.0457717 0.136011 0.315548
0 0.510594 0.904874 0.0958895 0.188768 0.282995
