0 0.551878 0.535078 0.0538559 0.132602 0.784004
0 0.596619 0.790859 0.0690632 0.234986 0.725168
0 0.27608 0.962376 0.0373732 0.0752489 0.715492
0 0.849132 0.87881 0.0686977 0.136451 0.58053
0 0.422548 0.909689 0.0552723 0.177598 0.516943
0 0.642007 0.485775 0.0517097 0.194605 0.515206
0 0.309813 0.973454 0.0344231 0.0530918 0.46819
0 0.322252 0.48231 0.038171 0.158283 0.422088
0 0.841461 0.587657 0.0495098 0.145291 0.421506
0 0.0760698 0.953646 0.149812 0.0927087 0.347309
0 0.127122 0.966377 0.0439838 0.0672463 0.340863
0 0.357925 0.982086 0.0258697 0.0358278 0.306101
0 0.250864 0.660373 0.0596016 0.171102 0.297884
0 0.25966 0.628746 0.0387498 0.107535 0.296708
0 0.710496 0.408556 0.037126 0.0849055 0.262612
0 0.860303 0.639194 0.0809925 0.156658 0.252034
0 0.551878 0.535078 0.0538559 0.132602 0.784004
0 0.596619 0.790859 0.0690632 0.234986 0.725168
0 0.27608 0.962376 0.0373732 0.0752489 0.715492
0 0.849132 0.87881 0.0686977 0.136451 0.58053
0 0.422548 0.909689 0.0552723 0.177598 0.516943
0 0.642007 0.485775 0.0517097 0.194605 0.515206
0 0.309813 0.973454 0.0344231 0.0530918 0.46819
0 0.322252 0.48231 0.038171 0.158283 0.422088
0 0.841461 0.587657 0.0495098 0.145291 0.421506
0 0.0760698 0.953646 0.149812 0.0927087 0.347309
0 0.127122 0.966377 0.0439838 0.0672463 0.340863
0 0.357925 0.982086 0.0258697 0.0358278 0.306101
0 0.250864 0.660373 0.0596016 0.171102 0.297884
0 0.25966 0.628746 0.0387498 0.107535 0.296708
0 0.710496 0.408556 0.037126 0.0849055 0.262612
0 0.860303 0.639194 0.0809925 0.156658 0.252034
