0 0.360914 0.685588 0.0550498 0.178835 0.770605
0 0.610761 0.563665 0.0690092 0.205176 0.70262
0 0.960043 0.668556 0.0569769 0.21223 0.682055
0 0.249337 0.968335 0.0368349 0.0633296 0.651825
0 0.718239 0.461247 0.035948 0.143086 0.600364
0 0.779823 0.972852 0.0281371 0.0542952 0.45896
0 0.286535 0.503442 0.0546361 0.140983 0.455987
0 0.659889 0.468029 0.0413042 0.104692 0.455053
0 0.699349 0.828098 0.054975 0.203791 0.415976
0 0.832773 0.467984 0.044278 0.122374 0.389568
0 0.0893926 0.971865 0.0418868 0.0562698 0.366325
0 0.286325 0.974812 0.0180143 0.0460861 0.35499
0 0.709341 0.675627 0.0608947 0.148372 0.316292
0 0.648096 0.335758 0.0234826 0.0377473 0.284179
0 0.360914 0.685588 0.0550498 0.178835 0.770605
0 0.610761 0.563665 0.0690092 0.205176 0.70262
0 0.960043 0.668556 0.0569769 0.21223 0.682055
0 0.249337 0.968335 0.0368349 0.0633296 0.651825
0 0.718239 0.461247 0.035948 0.143086 0.600364
0 0.779823 0.972852 0.0281371 0.0542952 0.45896
0 0.286535 0.503442 0.0546361 0.140983 0.455987
0 0.659889 0.468029 0.0413042 0.104692 0.455053
0 0.699349 0.828098 0.054975 0.203791 0.415976
0 0.832773 0.467984 0.044278 0.122374 0.389568
0 0.0893926 0.971865 0.0418868 0.0562698 0.366325
0 0.286325 0.974812 0.0180143 0.0460861 0.35499
0 0.709341 0.675627 0.0608947 0.148372 0.316292
0 0.648096 0.335758 0.0234826 0.0377473 0.284179
