0 0.33546 0.73659 0.0561302 0.189689 0.838821
0 0.528533 0.96379 0.0393416 0.0724191 0.723112
0 0.170263 0.621544 0.0379963 0.165579 0.680719
0 0.84836 0.586395 0.0347054 0.126535 0.628391
0 0.654127 0.64889 0.0416271 0.172338 0.579524
0 0.283091 0.970275 0.0342884 0.0594508 0.544753
0 0.639441 0.462784 0.026956 0.138205 0.533457
0 0.877673 0.47936 0.0346779 0.135663 0.528548
0 0.347428 0.532087 0.0358971 0.160641 0.524851
0 0.572715 0.649186 0.0390773 0.178821 0.504302
0 0.708693 0.629406 0.0660809 0.216841 0.482078
0 0.340253 0.974742 0.032469 0.0505151 0.395477
0 0.154316 0.966137 0.0353421 0.0677261 0.376188
0 0.673023 0.501629 0.0437431 0.162843 0.331928
0 0.061197 0.945108 0.0569886 0.109784 0.307155
0 0.0198552 0.95586 0.0389119 0.0882794 0.266638
0 0.33546 0.73659 0.0561302 0.189689 0.838821
0 0.528533 0.96379 0.0393416 0.0724191 0.723112
0 0.170263 0.621544 0.0379963 0.165579 0.680719
0 0.84836 0.586395 0.0347054 0.126535 0.628391
0 0.654127 0.64889 0.0416271 0.172338 0.579524
0 0.283091 0.970275 0.0342884 0.0594508 0.544753
0 0.639441 0.462784 0.026956 0.138205 0.533457
0 0.877673 0.47936 0.0346779 0.135663 0.528548
0 0.347428 0.532087 0.0358971 0.160641 0.524851
0 0.572715 0.649186 0.0390773 0.178821 0.504302
0 0.708693 0.629406 0.0660809 0.216841 0.482078
0 0.340253 0.974742 0.032469 0.0505151 0.395477
0 0.154316 0.966137 0.0353421 0.0677261 0.376188
0 0.673023 0.501629 0.0437431 0.162843 0.331928
0 0.061197 0.945108 0.0569886 0.109784 0.307155
0 0.0198552 0.95586 0.0389119 0.0882794 0.266638
