0 0.188206 0.678578 0.0746432 0.152047 0.761663
0 0.944875 0.487861 0.0406826 0.147546 0.740823
0 0.482536 0.760534 0.0543861 0.213928 0.700826
0 0.0788954 0.552313 0.0360922 0.16964 0.69224
0 0.496184 0.588544 0.0748406 0.149174 0.661297
0 0.276889 0.459833 0.0597242 0.157628 0.652008
0 0.416377 0.689988 0.0764047 0.157982 0.585468
0 0.636817 0.938072 0.0548931 0.123855 0.572702
0 0.561737 0.533373 0.045571 0.146416 0.472896
0 0.438496 0.951014 0.0522567 0.0979724 0.466867
0 0.521196 0.963779 0.0386729 0.0724412 0.435153
0 0.592528 0.47876 0.0285557 0.153788 0.411019
0 0.649178 0.410356 0.0278228 0.128876 0.407872
0 0.7977 0.682508 0.0383253 0.183724 0.392595
0 0.620972 0.515205 0.0536049 0.139201 0.339624
0 0.817468 0.392538 0.0252691 0.134788 0.328102
0 0.549938 0.973305 0.0310545 0.0533905 0.25443
0 0.188206 0.678578 0.0746432 0.152047 0.761663
0 0.944875 0.487861 0.0406826 0.147546 0.740823
0 0.482536 0.760534 0.0543861 0.213928 0.700826
0 0.0788954 0.552313 0.0360922 0.16964 0.69224
0 0.496184 0.588544 0.0748406 0.149174 0.661297
0 0.276889 0.459833 0.0597242 0.157628 0.652008
0 0.416377 0.689988 0.0764047 0.157982 0.585468
0 0.636817 0.938072 0.0548931 0.123855 0.572702
0 0.561737 0.533373 0.045571 0.146416 0.472896
0 0.438496 0.951014 0.0522567 0.0979724 0.466867
0 0.521196 0.963779 0.0386729 0.0724412 0.435153
0 0.592528 0.47876 0.0285557 0.153788 0.411019
0 0.649178 0.410356 0.0278228 0.128876 0.407872
0 0.7977 0.682508 0.0383253 0.183724 0.392595
0 0.620972 0.515205 0.0536049 0.139201 0.339624
0 0.817468 0.392538 0.0252691 0.134788 0.328102
0 0.549938 0.973305 0.0310545 0.0533905 0.25443
