0 0.276654 0.689588 0.0544727 0.173606 0.788626
0 0.14557 0.566582 0.0340974 0.156705 0.740012
0 0.578449 0.946675 0.0469837 0.10665 0.730452
0 0.649853 0.440716 0.0293022 0.12861 0.647492
0 0.501806 0.922808 0.038657 0.154385 0.621708
0 0.549804 0.911659 0.0330189 0.176683 0.564577
0 0.5673 0.518844 0.0347902 0.114983 0.553763
0 0.306188 0.483592 0.039521 0.160226 0.552784
0 0.717598 0.66415 0.0775448 0.179533 0.549957
0 0.407874 0.957589 0.0395718 0.0841882 0.487078
0 0.535221 0.724914 0.0627045 0.152559 0.477881
0 0.992885 0.514175 0.0134495 0.140033 0.373342
0 0.816771 0.438177 0.0289799 0.128787 0.366245
0 0.615089 0.585465 0.0511271 0.164947 0.336079
0 0.345127 0.93794 0.0548013 0.122755 0.319714
0 0.452695 0.966174 0.0405533 0.067651 0.292438
0 0.276654 0.689588 0.0544727 0.173606 0.788626
0 0.14557 0.566582 0.0340974 0.156705 0.740012
0 0.578449 0.946675 0.0469837 0.10665 0.730452
0 0.649853 0.440716 0.0293022 0.12861 0.647492
0 0.501806 0.922808 0.038657 0.154385 0.621708
0 0.549804 0.911659 0.0330189 0.176683 0.564577
0 0.5673 0.518844 0.0347902 0.114983 0.553763
0 0.306188 0.483592 0.039521 0.160226 0.552784
0 0.717598 0.66415 0.0775448 0.179533 0.549957
0 0.407874 0.957589 0.0395718 0.0841882 0.487078
0 0.535221 0.724914 0.0627045 0.152559 0.477881
0 0.992885 0.514175 0.0134495 0.140033 0.373342
0 0.816771 0.438177 0.0289799 0.128787 0.366245
0 0.615089 0.585465 0.0511271 0.164947 0.336079
0 0.345127 0.93794 0.0548013 0.122755 0.319714
0 0.452695 0.966174 0.0405533 0.067651 0.292438
