0 0.338185 0.717771 0.0573904 0.178018 0.81115
0 0.161139 0.605698 0.0358929 0.159652 0.739111
0 0.686548 0.585667 0.0358608 0.166452 0.615025
0 0.61043 0.971959 0.0344628 0.0560811 0.581333
0 0.333943 0.512233 0.046075 0.167224 0.551611
0 0.51697 0.951183 0.0376606 0.0976344 0.540037
0 0.332734 0.960321 0.0409962 0.0793588 0.525368
0 0.82002 0.593793 0.0477238 0.122119 0.524327
0 0.635292 0.623524 0.0400515 0.181188 0.505342
0 0.543605 0.681796 0.0575834 0.166919 0.430416
32 0.21693 0.539135 0.0191679 0.0465378 0.428882
0 0.281518 0.956677 0.0406341 0.0866453 0.427167
0 0.375523 0.966942 0.0409903 0.066116 0.411573
0 0.852327 0.468921 0.0266197 0.129453 0.291421
0 0.338185 0.717771 0.0573904 0.178018 0.81115
0 0.161139 0.605698 0.0358929 0.159652 0.739111
0 0.686548 0.585667 0.0358608 0.166452 0.615025
0 0.61043 0.971959 0.0344628 0.0560811 0.581333
0 0.333943 0.512233 0.046075 0.167224 0.551611
0 0.51697 0.951183 0.0376606 0.0976344 0.540037
0 0.332734 0.960321 0.0409962 0.0793588 0.525368
0 0.82002 0.593793 0.0477238 0.122119 0.524327
0 0.635292 0.623524 0.0400515 0.181188 0.505342
0 0.543605 0.681796 0.0575834 0.166919 0.430416
32 0.21693 0.539135 0.0191679 0.0465378 0.428882
0 0.281518 0.956677 0.0406341 0.0866453 0.427167
0 0.375523 0.966942 0.0409903 0.066116 0.411573
0 0.852327 0.468921 0.0266197 0.129453 0.291421
