0 0.0879167 0.566736 0.0308275 0.169215 0.813992
0 0.64785 0.951331 0.052343 0.097337 0.802815
0 0.913315 0.508659 0.0476574 0.143076 0.746658
0 0.230822 0.673254 0.0525224 0.167559 0.703769
0 0.293701 0.478269 0.0529193 0.161231 0.675211
0 0.812358 0.41934 0.0315414 0.129971 0.662164
0 0.453843 0.667342 0.0845156 0.155192 0.627458
0 0.767769 0.61942 0.0519896 0.177652 0.565542
0 0.394726 0.955176 0.042977 0.0890484 0.55073
0 0.528373 0.668401 0.0463718 0.161751 0.548108
0 0.593888 0.529396 0.0562944 0.143307 0.544786
0 0.445405 0.963034 0.046678 0.0739326 0.523787
0 0.363725 0.935864 0.0536902 0.128272 0.522924
0 0.680293 0.493847 0.0418496 0.144784 0.47341
0 0.324824 0.931445 0.0543917 0.130845 0.455039
0 0.53015 0.975613 0.0379402 0.0487733 0.442834
0 0.287596 0.924217 0.04665 0.146994 0.333536
0 0.519644 0.635775 0.0743537 0.217817 0.326088
0 0.259866 0.896966 0.0396461 0.114006 0.318823
0 0.644935 0.428801 0.0401709 0.155128 0.287511
0 0.134803 0.95996 0.0501733 0.0795868 0.266117
0 0.0879167 0.566736 0.0308275 0.169215 0.813992
0 0.64785 0.951331 0.052343 0.097337 0.802815
0 0.913315 0.508659 0.0476574 0.143076 0.746658
0 0.230822 0.673254 0.0525224 0.167559 0.703769
0 0.293701 0.478269 0.0529193 0.161231 0.675211
0 0.812358 0.41934 0.0315414 0.129971 0.662164
0 0.453843 0.667342 0.0845156 0.155192 0.627458
0 0.767769 0.61942 0.0519896 0.177652 0.565542
0 0.394726 0.955176 0.042977 0.0890484 0.55073
0 0.528373 0.668401 0.0463718 0.161751 0.548108
0 0.593888 0.529396 0.0562944 0.143307 0.544786
0 0.445405 0.963034 0.046678 0.0739326 0.523787
0 0.363725 0.935864 0.0536902 0.128272 0.522924
0 0.680293 0.493847 0.0418496 0.144784 0.47341
0 0.324824 0.931445 0.0543917 0.130845 0.455039
0 0.53015 0.975613 0.0379402 0.0487733 0.442834
0 0.287596 0.924217 0.04665 0.146994 0.333536
0 0.519644 0.635775 0.0743537 0.217817 0.326088
0 0.259866 0.896966 0.0396461 0.114006 0.318823
0 0.644935 0.428801 0.0401709 0.155128 0.287511
0 0.134803 0.95996 0.0501733 0.0795868 0.266117
