0 0.454688 0.641283 0.0377545 0.19142 0.812135
0 0.872793 0.747504 0.0514683 0.199576 0.772897
0 0.968067 0.522455 0.0221008 0.142675 0.751154
0 0.625694 0.704941 0.0402138 0.159861 0.74581
0 0.641888 0.933916 0.0573574 0.131491 0.725619
0 0.695559 0.429923 0.0299386 0.141794 0.691982
0 0.231059 0.641745 0.0318694 0.187528 0.61327
0 0.29494 0.429127 0.0251197 0.164049 0.589133
0 0.791761 0.394348 0.0329304 0.137543 0.580447
0 0.0685114 0.531604 0.0230038 0.162895 0.540114
0 0.423023 0.94581 0.0513555 0.108059 0.475733
0 0.50176 0.957202 0.0378806 0.0855956 0.453539
0 0.564786 0.975465 0.0308231 0.0490699 0.44802
0 0.588917 0.569815 0.052662 0.160861 0.41751
0 0.529398 0.966614 0.0352763 0.0667728 0.37252
0 0.236875 0.861976 0.0395246 0.109015 0.32843
0 0.373622 0.937131 0.0472818 0.125514 0.30192
0 0.568925 0.458394 0.0519908 0.169247 0.28182
30 0.874722 0.853737 0.048427 0.0419 0.278759
0 0.267831 0.873843 0.0388171 0.0986474 0.254264
0 0.454688 0.641283 0.0377545 0.19142 0.812135
0 0.872793 0.747504 0.0514683 0.199576 0.772897
0 0.968067 0.522455 0.0221008 0.142675 0.751154
0 0.625694 0.704941 0.0402138 0.159861 0.74581
0 0.641888 0.933916 0.0573574 0.131491 0.725619
0 0.695559 0.429923 0.0299386 0.141794 0.691982
0 0.231059 0.641745 0.0318694 0.187528 0.61327
0 0.29494 0.429127 0.0251197 0.164049 0.589133
0 0.791761 0.394348 0.0329304 0.137543 0.580447
0 0.0685114 0.531604 0.0230038 0.162895 0.540114
0 0.423023 0.94581 0.0513555 0.108059 0.475733
0 0.50176 0.957202 0.0378806 0.0855956 0.453539
0 0.564786 0.975465 0.0308231 0.0490699 0.44802
0 0.588917 0.569815 0.052662 0.160861 0.41751
0 0.529398 0.966614 0.0352763 0.0667728 0.37252
0 0.236875 0.861976 0.0395246 0.109015 0.32843
0 0.373622 0.937131 0.0472818 0.125514 0.30192
0 0.568925 0.458394 0.0519908 0.169247 0.28182
30 0.874722 0.853737 0.048427 0.0419 0.278759
0 0.267831 0.873843 0.0388171 0.0986474 0.254264
