0 0.575115 0.892365 0.054545 0.200215 0.767143
0 0.162869 0.478797 0.0398626 0.111627 0.71842
0 0.271695 0.750865 0.0610717 0.167589 0.697001
0 0.211949 0.439309 0.0336608 0.136275 0.647305
0 0.27114 0.494435 0.037435 0.138128 0.641761
0 0.616333 0.719457 0.0648344 0.152509 0.633823
0 0.75179 0.778171 0.0714545 0.148207 0.616036
0 0.368543 0.641251 0.079178 0.167697 0.569315
0 0.266892 0.615566 0.0472473 0.139969 0.488252
0 0.506366 0.968356 0.0367395 0.0632885 0.367568
0 0.606042 0.949061 0.0670115 0.101878 0.277603
0 0.468237 0.977991 0.0313957 0.044019 0.272221
0 0.575115 0.892365 0.054545 0.200215 0.767143
0 0.162869 0.478797 0.0398626 0.111627 0.71842
0 0.271695 0.750865 0.0610717 0.167589 0.697001
0 0.211949 0.439309 0.0336608 0.136275 0.647305
0 0.27114 0.494435 0.037435 0.138128 0.641761
0 0.616333 0.719457 0.0648344 0.152509 0.633823
0 0.75179 0.778171 0.0714545 0.148207 0.616036
0 0.368543 0.641251 0.079178 0.167697 0.569315
0 0.266892 0.615566 0.0472473 0.139969 0.488252
0 0.506366 0.968356 0.0367395 0.0632885 0.367568
0 0.606042 0.949061 0.0670115 0.101878 0.277603
0 0.468237 0.977991 0.0313957 0.044019 0.272221
