0 0.563226 0.785132 0.0464285 0.216453 0.759192
0 0.878912 0.695197 0.0448814 0.19959 0.754065
0 0.458421 0.644418 0.0277065 0.206029 0.741388
0 0.943182 0.512731 0.0335283 0.138651 0.736735
0 0.768437 0.410868 0.0429977 0.13279 0.726403
0 0.618231 0.932858 0.0603394 0.134285 0.713756
0 0.241426 0.650041 0.0499986 0.203224 0.70359
0 0.650437 0.549955 0.0633415 0.151056 0.621274
0 0.0588241 0.535152 0.0285789 0.165234 0.614043
0 0.414507 0.946949 0.0503381 0.106102 0.519164
0 0.681715 0.468071 0.0308245 0.125701 0.484877
0 0.497609 0.959788 0.0395934 0.0792355 0.471738
0 0.280927 0.423986 0.0283628 0.172736 0.330528
0 0.523923 0.968017 0.0315079 0.0639665 0.320483
0 0.557711 0.458456 0.0366642 0.162375 0.274027
0 0.563226 0.785132 0.0464285 0.216453 0.759192
0 0.878912 0.695197 0.0448814 0.19959 0.754065
0 0.458421 0.644418 0.0277065 0.206029 0.741388
0 0.943182 0.512731 0.0335283 0.138651 0.736735
0 0.768437 0.410868 0.0429977 0.13279 0.726403
0 0.618231 0.932858 0.0603394 0.134285 0.713756
0 0.241426 0.650041 0.0499986 0.203224 0.70359
0 0.650437 0.549955 0.0633415 0.151056 0.621274
0 0.0588241 0.535152 0.0285789 0.165234 0.614043
0 0.414507 0.946949 0.0503381 0.106102 0.519164
0 0.681715 0.468071 0.0308245 0.125701 0.484877
0 0.497609 0.959788 0.0395934 0.0792355 0.471738
0 0.280927 0.423986 0.0283628 0.172736 0.330528
0 0.523923 0.968017 0.0315079 0.0639665 0.320483
0 0.557711 0.458456 0.0366642 0.162375 0.274027
