0 0.361968 0.952211 0.0453182 0.0955772 0.669335
0 0.71903 0.522021 0.0338394 0.172576 0.65911
0 0.609692 0.460121 0.0318822 0.164723 0.612284
0 0.636339 0.568321 0.0362741 0.184891 0.593156
0 0.560442 0.642182 0.0528656 0.18462 0.573887
0 0.910695 0.653625 0.0351698 0.186792 0.549924
0 0.50308 0.891921 0.0676183 0.191964 0.512472
0 0.406806 0.956729 0.0456012 0.0865419 0.479664
0 0.301069 0.936967 0.0701549 0.126066 0.442833
0 0.311368 0.463296 0.031518 0.177007 0.401279
0 0.536555 0.377527 0.0399498 0.119907 0.357163
0 0.439429 0.970698 0.0380152 0.0586043 0.329423
0 0.570372 0.549256 0.0355795 0.0898923 0.290223
0 0.587193 0.756725 0.0740944 0.18363 0.288059
0 0.361968 0.952211 0.0453182 0.0955772 0.669335
0 0.71903 0.522021 0.0338394 0.172576 0.65911
0 0.609692 0.460121 0.0318822 0.164723 0.612284
0 0.636339 0.568321 0.0362741 0.184891 0.593156
0 0.560442 0.642182 0.0528656 0.18462 0.573887
0 0.910695 0.653625 0.0351698 0.186792 0.549924
0 0.50308 0.891921 0.0676183 0.191964 0.512472
0 0.406806 0.956729 0.0456012 0.0865419 0.479664
0 0.301069 0.936967 0.0701549 0.126066 0.442833
0 0.311368 0.463296 0.031518 0.177007 0.401279
0 0.536555 0.377527 0.0399498 0.119907 0.357163
0 0.439429 0.970698 0.0380152 0.0586043 0.329423
0 0.570372 0.549256 0.0355795 0.0898923 0.290223
0 0.587193 0.756725 0.0740944 0.18363 0.288059
