0 0.377385 0.672163 0.0630795 0.183144 0.846266
0 0.557525 0.619752 0.0612749 0.176713 0.751732
0 0.592861 0.495809 0.0351606 0.147466 0.668572
0 0.907427 0.972465 0.0414146 0.0550696 0.59629
0 0.531231 0.55784 0.0438782 0.168172 0.511542
0 0.518893 0.970827 0.0379972 0.0583454 0.455317
0 0.540675 0.54252 0.0248202 0.133467 0.433498
0 0.149828 0.773433 0.0454244 0.18977 0.379799
0 0.281175 0.462351 0.0372332 0.140127 0.369932
0 0.430937 0.952198 0.0476442 0.0942452 0.329733
0 0.387687 0.948683 0.046958 0.102634 0.325845
0 0.359469 0.932357 0.0483622 0.127391 0.306206
0 0.976477 0.753017 0.0462643 0.0914242 0.304276
0 0.772272 0.975825 0.0330095 0.04835 0.301597
0 0.377385 0.672163 0.0630795 0.183144 0.846266
0 0.557525 0.619752 0.0612749 0.176713 0.751732
0 0.592861 0.495809 0.0351606 0.147466 0.668572
0 0.907427 0.972465 0.0414146 0.0550696 0.59629
0 0.531231 0.55784 0.0438782 0.168172 0.511542
0 0.518893 0.970827 0.0379972 0.0583454 0.455317
0 0.540675 0.54252 0.0248202 0.133467 0.433498
0 0.149828 0.773433 0.0454244 0.18977 0.379799
0 0.281175 0.462351 0.0372332 0.140127 0.369932
0 0.430937 0.952198 0.0476442 0.0942452 0.329733
0 0.387687 0.948683 0.046958 0.102634 0.325845
0 0.359469 0.932357 0.0483622 0.127391 0.306206
0 0.976477 0.753017 0.0462643 0.0914242 0.304276
0 0.772272 0.975825 0.0330095 0.04835 0.301597
