0 0.727077 0.583576 0.162498 0.821265 0.841334
0 0.418945 0.580802 0.172215 0.818594 0.662693
0 0.0353291 0.57041 0.0704066 0.267308 0.600819
0 0.173386 0.584677 0.209149 0.80207 0.576289
0 0.952536 0.528023 0.0939178 0.452977 0.517674
0 0.568058 0.425107 0.0708193 0.20548 0.41623
0 0.608527 0.555306 0.0977579 0.248205 0.397319
0 0.543281 0.555068 0.0968828 0.251503 0.355411
0 0.311556 0.274064 0.0751446 0.19441 0.319436
56 0.0569675 0.408408 0.0537853 0.0939875 0.296063
0 0.38318 0.300998 0.0797135 0.200826 0.263054
0 0.0293242 0.42364 0.0585549 0.178177 0.253396
0 0.113561 0.325665 0.0928906 0.241413 0.252788
0 0.727077 0.583576 0.162498 0.821265 0.841334
0 0.418945 0.580802 0.172215 0.818594 0.662693
0 0.0353291 0.57041 0.0704066 0.267308 0.600819
0 0.173386 0.584677 0.209149 0.80207 0.576289
0 0.952536 0.528023 0.0939178 0.452977 0.517674
0 0.568058 0.425107 0.0708193 0.20548 0.41623
0 0.608527 0.555306 0.0977579 0.248205 0.397319
0 0.543281 0.555068 0.0968828 0.251503 0.355411
0 0.311556 0.274064 0.0751446 0.19441 0.319436
56 0.0569675 0.408408 0.0537853 0.0939875 0.296063
0 0.38318 0.300998 0.0797135 0.200826 0.263054
0 0.0293242 0.42364 0.0585549 0.178177 0.253396
0 0.113561 0.325665 0.0928906 0.241413 0.252788
