0 0.375037 0.543616 0.0461184 0.171382 0.837089
0 0.0273741 0.546429 0.0354595 0.139258 0.779283
0 0.265809 0.459184 0.0396537 0.153517 0.774581
0 0.421797 0.916472 0.0411707 0.167056 0.711956
0 0.739602 0.747798 0.0421537 0.207763 0.706467
0 0.236946 0.631746 0.0383459 0.175982 0.665977
0 0.108675 0.405568 0.0328136 0.115757 0.648722
0 0.693189 0.650079 0.0299959 0.170521 0.618169
0 0.48399 0.602462 0.0541971 0.190575 0.557625
0 0.388905 0.394549 0.0312557 0.131696 0.529437
0 0.493916 0.944197 0.0742552 0.111606 0.502398
0 0.450217 0.315989 0.0274488 0.119319 0.466212
0 0.386676 0.968698 0.0377738 0.0626036 0.44034
0 0.68959 0.460564 0.0423563 0.124412 0.430948
0 0.583813 0.638472 0.0504209 0.160389 0.392534
0 0.344697 0.978381 0.0322752 0.0432388 0.345698
0 0.598472 0.833113 0.0510404 0.192767 0.275161
0 0.522839 0.940264 0.0461142 0.116345 0.2711
0 0.375037 0.543616 0.0461184 0.171382 0.837089
0 0.0273741 0.546429 0.0354595 0.139258 0.779283
0 0.265809 0.459184 0.0396537 0.153517 0.774581
0 0.421797 0.916472 0.0411707 0.167056 0.711956
0 0.739602 0.747798 0.0421537 0.207763 0.706467
0 0.236946 0.631746 0.0383459 0.175982 0.665977
0 0.108675 0.405568 0.0328136 0.115757 0.648722
0 0.693189 0.650079 0.0299959 0.170521 0.618169
0 0.48399 0.602462 0.0541971 0.190575 0.557625
0 0.388905 0.394549 0.0312557 0.131696 0.529437
0 0.493916 0.944197 0.0742552 0.111606 0.502398
0 0.450217 0.315989 0.0274488 0.119319 0.466212
0 0.386676 0.968698 0.0377738 0.0626036 0.44034
0 0.68959 0.460564 0.0423563 0.124412 0.430948
0 0.583813 0.638472 0.0504209 0.160389 0.392534
0 0.344697 0.978381 0.0322752 0.0432388 0.345698
0 0.598472 0.833113 0.0510404 0.192767 0.275161
0 0.522839 0.940264 0.0461142 0.116345 0.2711
