0 0.60079 0.916674 0.0703848 0.166651 0.806835
0 0.677817 0.69895 0.0451763 0.205511 0.742554
0 0.165551 0.455059 0.049979 0.160672 0.69853
0 0.451266 0.694117 0.055612 0.195604 0.686024
0 0.371304 0.539523 0.0686272 0.194607 0.67959
0 0.538346 0.622456 0.0281957 0.185075 0.658252
0 0.941118 0.773322 0.078159 0.183956 0.486435
0 0.645806 0.976862 0.0390956 0.0462755 0.453953
0 0.905712 0.609941 0.0282116 0.162975 0.432275
0 0.71949 0.507762 0.0480075 0.150723 0.386506
0 0.489137 0.593842 0.0438999 0.220034 0.370023
0 0.458918 0.558416 0.033318 0.118485 0.340063
0 0.379493 0.429809 0.0371722 0.111746 0.30803
0 0.729774 0.977761 0.0301105 0.0444789 0.301343
0 0.508363 0.344323 0.0336753 0.12749 0.280877
0 0.388144 0.543965 0.0366978 0.163665 0.263865
0 0.60079 0.916674 0.0703848 0.166651 0.806835
0 0.677817 0.69895 0.0451763 0.205511 0.742554
0 0.165551 0.455059 0.049979 0.160672 0.69853
0 0.451266 0.694117 0.055612 0.195604 0.686024
0 0.371304 0.539523 0.0686272 0.194607 0.67959
0 0.538346 0.622456 0.0281957 0.185075 0.658252
0 0.941118 0.773322 0.078159 0.183956 0.486435
0 0.645806 0.976862 0.0390956 0.0462755 0.453953
0 0.905712 0.609941 0.0282116 0.162975 0.432275
0 0.71949 0.507762 0.0480075 0.150723 0.386506
0 0.489137 0.593842 0.0438999 0.220034 0.370023
0 0.458918 0.558416 0.033318 0.118485 0.340063
0 0.379493 0.429809 0.0371722 0.111746 0.30803
0 0.729774 0.977761 0.0301105 0.0444789 0.301343
0 0.508363 0.344323 0.0336753 0.12749 0.280877
0 0.388144 0.543965 0.0366978 0.163665 0.263865
