0 0.855739 0.727813 0.0488981 0.206419 0.821216
0 0.664224 0.675211 0.039867 0.173047 0.723272
0 0.514783 0.836973 0.045311 0.193416 0.678815
0 0.351611 0.544815 0.0505841 0.17785 0.666348
0 0.281671 0.465841 0.0369451 0.133084 0.661177
0 0.167744 0.430385 0.0300664 0.117558 0.648302
0 0.450462 0.573443 0.0285816 0.155638 0.582515
0 0.614921 0.85433 0.0528408 0.178462 0.575418
0 0.489537 0.657437 0.0589978 0.19994 0.573256
0 0.40626 0.415227 0.0200999 0.123651 0.552014
0 0.664331 0.478975 0.0343008 0.133529 0.491254
0 0.465604 0.971618 0.0343307 0.0567634 0.417438
0 0.479863 0.327787 0.023628 0.126782 0.415296
0 0.571233 0.944439 0.0373852 0.108154 0.332578
0 0.523934 0.969636 0.05164 0.0607286 0.296062
0 0.402305 0.981948 0.016827 0.0361037 0.281517
0 0.427518 0.976394 0.0260529 0.047211 0.251711
0 0.855739 0.727813 0.0488981 0.206419 0.821216
0 0.664224 0.675211 0.039867 0.173047 0.723272
0 0.514783 0.836973 0.045311 0.193416 0.678815
0 0.351611 0.544815 0.0505841 0.17785 0.666348
0 0.281671 0.465841 0.0369451 0.133084 0.661177
0 0.167744 0.430385 0.0300664 0.117558 0.648302
0 0.450462 0.573443 0.0285816 0.155638 0.582515
0 0.614921 0.85433 0.0528408 0.178462 0.575418
0 0.489537 0.657437 0.0589978 0.19994 0.573256
0 0.40626 0.415227 0.0200999 0.123651 0.552014
0 0.664331 0.478975 0.0343008 0.133529 0.491254
0 0.465604 0.971618 0.0343307 0.0567634 0.417438
0 0.479863 0.327787 0.023628 0.126782 0.415296
0 0.571233 0.944439 0.0373852 0.108154 0.332578
0 0.523934 0.969636 0.05164 0.0607286 0.296062
0 0.402305 0.981948 0.016827 0.0361037 0.281517
0 0.427518 0.976394 0.0260529 0.047211 0.251711
