0 0.187056 0.67454 0.0753759 0.143518 0.800578
0 0.944593 0.486876 0.0414021 0.147574 0.777687
0 0.0791157 0.551672 0.0378063 0.170753 0.722712
0 0.487369 0.76514 0.0464159 0.222572 0.721889
0 0.496475 0.588181 0.0749725 0.150122 0.620708
0 0.418402 0.688745 0.0782477 0.158912 0.616194
0 0.276653 0.458487 0.0598252 0.159644 0.59023
0 0.793991 0.643076 0.0375508 0.140518 0.531359
0 0.636432 0.937948 0.054768 0.124104 0.530632
0 0.621433 0.526503 0.0485939 0.15278 0.505397
0 0.561599 0.531536 0.0453374 0.139845 0.475514
0 0.438271 0.950682 0.0527487 0.0986351 0.449515
0 0.647917 0.411203 0.028863 0.124734 0.422366
0 0.52045 0.963479 0.0382101 0.0730416 0.416641
0 0.592613 0.477534 0.0311648 0.157964 0.390983
0 0.817 0.392677 0.0255991 0.135234 0.29675
0 0.549867 0.972649 0.0305332 0.0547027 0.257349
0 0.187056 0.67454 0.0753759 0.143518 0.800578
0 0.944593 0.486876 0.0414021 0.147574 0.777687
0 0.0791157 0.551672 0.0378063 0.170753 0.722712
0 0.487369 0.76514 0.0464159 0.222572 0.721889
0 0.496475 0.588181 0.0749725 0.150122 0.620708
0 0.418402 0.688745 0.0782477 0.158912 0.616194
0 0.276653 0.458487 0.0598252 0.159644 0.59023
0 0.793991 0.643076 0.0375508 0.140518 0.531359
0 0.636432 0.937948 0.054768 0.124104 0.530632
0 0.621433 0.526503 0.0485939 0.15278 0.505397
0 0.561599 0.531536 0.0453374 0.139845 0.475514
0 0.438271 0.950682 0.0527487 0.0986351 0.449515
0 0.647917 0.411203 0.028863 0.124734 0.422366
0 0.52045 0.963479 0.0382101 0.0730416 0.416641
0 0.592613 0.477534 0.0311648 0.157964 0.390983
0 0.817 0.392677 0.0255991 0.135234 0.29675
0 0.549867 0.972649 0.0305332 0.0547027 0.257349
