0 0.290522 0.645811 0.0490953 0.171274 0.806537
0 0.694673 0.361511 0.0350541 0.126219 0.702164
0 0.923998 0.947131 0.0498241 0.105738 0.69182
0 0.658173 0.526887 0.0295069 0.163152 0.673622
0 0.498181 0.473703 0.0354059 0.145087 0.654782
0 0.0850205 0.733662 0.0484842 0.143086 0.527227
0 0.0769499 0.40622 0.0290815 0.141891 0.497455
0 0.439809 0.50621 0.0421977 0.145697 0.496988
0 0.372966 0.305696 0.0220417 0.120909 0.472093
0 0.543317 0.879111 0.0449957 0.125872 0.464552
0 0.574677 0.606848 0.0383162 0.139676 0.4408
0 0.486406 0.955581 0.0522989 0.088837 0.425742
0 0.428654 0.934978 0.0644844 0.130045 0.367976
0 0.127109 0.842738 0.042978 0.10652 0.311346
0 0.161797 0.847834 0.0474226 0.11258 0.289356
0 0.548578 0.955546 0.0826172 0.0889075 0.285204
0 0.580943 0.413338 0.0222267 0.0870322 0.276419
0 0.313696 0.894395 0.0355873 0.11025 0.265544
0 0.384892 0.925395 0.0423705 0.134224 0.252878
0 0.290522 0.645811 0.0490953 0.171274 0.806537
0 0.694673 0.361511 0.0350541 0.126219 0.702164
0 0.923998 0.947131 0.0498241 0.105738 0.69182
0 0.658173 0.526887 0.0295069 0.163152 0.673622
0 0.498181 0.473703 0.0354059 0.145087 0.654782
0 0.0850205 0.733662 0.0484842 0.143086 0.527227
0 0.0769499 0.40622 0.0290815 0.141891 0.497455
0 0.439809 0.50621 0.0421977 0.145697 0.496988
0 0.372966 0.305696 0.0220417 0.120909 0.472093
0 0.543317 0.879111 0.0449957 0.125872 0.464552
0 0.574677 0.606848 0.0383162 0.139676 0.4408
0 0.486406 0.955581 0.0522989 0.088837 0.425742
0 0.428654 0.934978 0.0644844 0.130045 0.367976
0 0.127109 0.842738 0.042978 0.10652 0.311346
0 0.161797 0.847834 0.0474226 0.11258 0.289356
0 0.548578 0.955546 0.0826172 0.0889075 0.285204
0 0.580943 0.413338 0.0222267 0.0870322 0.276419
0 0.313696 0.894395 0.0355873 0.11025 0.265544
0 0.384892 0.925395 0.0423705 0.134224 0.252878
