0 0.240582 0.664332 0.0551408 0.198203 0.813123
0 0.86868 0.676702 0.0446442 0.194935 0.753163
0 0.934878 0.507241 0.0258251 0.142366 0.735399
0 0.46047 0.649717 0.0303968 0.19929 0.71765
0 0.0544779 0.53763 0.0286681 0.162713 0.70276
0 0.764476 0.413649 0.0380095 0.124 0.678246
0 0.617806 0.933431 0.0577185 0.133138 0.674909
0 0.544191 0.820586 0.0573195 0.209268 0.6026
0 0.4131 0.948587 0.0529673 0.102826 0.575924
0 0.496768 0.960111 0.0387136 0.0791697 0.496703
0 0.665741 0.467586 0.0321468 0.0983176 0.482154
0 0.273477 0.43614 0.0319997 0.172862 0.422375
0 0.524335 0.96858 0.0300061 0.0628398 0.35788
0 0.567648 0.476021 0.049477 0.170865 0.328054
0 0.654074 0.565278 0.0522831 0.132088 0.272188
0 0.362418 0.940795 0.0466828 0.115682 0.258245
0 0.240582 0.664332 0.0551408 0.198203 0.813123
0 0.86868 0.676702 0.0446442 0.194935 0.753163
0 0.934878 0.507241 0.0258251 0.142366 0.735399
0 0.46047 0.649717 0.0303968 0.19929 0.71765
0 0.0544779 0.53763 0.0286681 0.162713 0.70276
0 0.764476 0.413649 0.0380095 0.124 0.678246
0 0.617806 0.933431 0.0577185 0.133138 0.674909
0 0.544191 0.820586 0.0573195 0.209268 0.6026
0 0.4131 0.948587 0.0529673 0.102826 0.575924
0 0.496768 0.960111 0.0387136 0.0791697 0.496703
0 0.665741 0.467586 0.0321468 0.0983176 0.482154
0 0.273477 0.43614 0.0319997 0.172862 0.422375
0 0.524335 0.96858 0.0300061 0.0628398 0.35788
0 0.567648 0.476021 0.049477 0.170865 0.328054
0 0.654074 0.565278 0.0522831 0.132088 0.272188
0 0.362418 0.940795 0.0466828 0.115682 0.258245
