0 0.0880046 0.566048 0.0308039 0.168647 0.816087
0 0.227874 0.673906 0.0611656 0.167301 0.786436
0 0.646936 0.950789 0.0525543 0.0984222 0.781949
0 0.913792 0.506291 0.0472588 0.142256 0.758174
0 0.448184 0.667321 0.0827738 0.154477 0.716327
0 0.812785 0.417753 0.0322528 0.134012 0.68836
0 0.291957 0.477921 0.0517116 0.164308 0.641858
0 0.526888 0.669895 0.052994 0.168318 0.560201
0 0.39417 0.954182 0.0432663 0.0913259 0.544307
0 0.44507 0.962233 0.0485797 0.0755341 0.53018
0 0.770786 0.617383 0.0526396 0.180896 0.520642
0 0.592648 0.528012 0.0597191 0.14468 0.510068
0 0.363272 0.935024 0.0538306 0.129951 0.488713
0 0.529924 0.974674 0.0384151 0.050651 0.470481
0 0.326408 0.930611 0.0505598 0.129872 0.395819
0 0.259454 0.895359 0.0397974 0.113704 0.320501
0 0.287797 0.922973 0.0463954 0.146244 0.31115
0 0.646131 0.423549 0.0393063 0.14012 0.29394
0 0.0880046 0.566048 0.0308039 0.168647 0.816087
0 0.227874 0.673906 0.0611656 0.167301 0.786436
0 0.646936 0.950789 0.0525543 0.0984222 0.781949
0 0.913792 0.506291 0.0472588 0.142256 0.758174
0 0.448184 0.667321 0.0827738 0.154477 0.716327
0 0.812785 0.417753 0.0322528 0.134012 0.68836
0 0.291957 0.477921 0.0517116 0.164308 0.641858
0 0.526888 0.669895 0.052994 0.168318 0.560201
0 0.39417 0.954182 0.0432663 0.0913259 0.544307
0 0.44507 0.962233 0.0485797 0.0755341 0.53018
0 0.770786 0.617383 0.0526396 0.180896 0.520642
0 0.592648 0.528012 0.0597191 0.14468 0.510068
0 0.363272 0.935024 0.0538306 0.129951 0.488713
0 0.529924 0.974674 0.0384151 0.050651 0.470481
0 0.326408 0.930611 0.0505598 0.129872 0.395819
0 0.259454 0.895359 0.0397974 0.113704 0.320501
0 0.287797 0.922973 0.0463954 0.146244 0.31115
0 0.646131 0.423549 0.0393063 0.14012 0.29394
