0 0.31112 0.680016 0.0456965 0.19573 0.782686
0 0.655822 0.959815 0.0487709 0.0803701 0.740127
0 0.550666 0.576913 0.0489622 0.166865 0.727103
0 0.757201 0.573869 0.0335073 0.16844 0.719935
0 0.504427 0.599993 0.0414257 0.170009 0.717595
0 0.925319 0.520047 0.0362003 0.144076 0.69518
0 0.655553 0.491566 0.0327867 0.146585 0.652225
0 0.606067 0.537801 0.0449247 0.178817 0.635336
0 0.0884408 0.578493 0.03362 0.174726 0.61536
0 0.804445 0.438142 0.0354244 0.121441 0.608398
0 0.398887 0.962419 0.0385883 0.075162 0.463121
0 0.301666 0.483009 0.0424704 0.162166 0.396388
0 0.366079 0.945969 0.0471633 0.108062 0.361328
0 0.446323 0.971581 0.0372089 0.0567179 0.359193
0 0.328562 0.943287 0.0457191 0.111372 0.289868
0 0.287239 0.933316 0.050492 0.126007 0.275714
0 0.31112 0.680016 0.0456965 0.19573 0.782686
0 0.655822 0.959815 0.0487709 0.0803701 0.740127
0 0.550666 0.576913 0.0489622 0.166865 0.727103
0 0.757201 0.573869 0.0335073 0.16844 0.719935
0 0.504427 0.599993 0.0414257 0.170009 0.717595
0 0.925319 0.520047 0.0362003 0.144076 0.69518
0 0.655553 0.491566 0.0327867 0.146585 0.652225
0 0.606067 0.537801 0.0449247 0.178817 0.635336
0 0.0884408 0.578493 0.03362 0.174726 0.61536
0 0.804445 0.438142 0.0354244 0.121441 0.608398
0 0.398887 0.962419 0.0385883 0.075162 0.463121
0 0.301666 0.483009 0.0424704 0.162166 0.396388
0 0.366079 0.945969 0.0471633 0.108062 0.361328
0 0.446323 0.971581 0.0372089 0.0567179 0.359193
0 0.328562 0.943287 0.0457191 0.111372 0.289868
0 0.287239 0.933316 0.050492 0.126007 0.275714
