0 0.314517 0.695235 0.0502585 0.169797 0.798734
0 0.615584 0.948971 0.0433187 0.101036 0.702694
0 0.155895 0.571574 0.0323695 0.153527 0.693713
0 0.326743 0.488634 0.0526526 0.164642 0.611155
0 0.759004 0.664618 0.0563556 0.183648 0.594709
0 0.603104 0.57076 0.0589078 0.152831 0.560627
0 0.670762 0.52487 0.0440106 0.148771 0.557969
0 0.848237 0.428052 0.036586 0.147272 0.550775
0 0.500124 0.929369 0.0397416 0.141262 0.540627
0 0.725594 0.513545 0.0410862 0.129342 0.53733
0 0.575481 0.752404 0.0378041 0.185479 0.496794
0 0.488425 0.616715 0.0497783 0.17618 0.472259
0 0.473947 0.970057 0.0364456 0.0598851 0.46156
0 0.36317 0.944313 0.0560719 0.110285 0.444626
0 0.427911 0.964067 0.0357018 0.0718668 0.416458
0 0.515378 0.722904 0.0461576 0.201682 0.316668
0 0.319495 0.935777 0.0475768 0.117999 0.283712
0 0.314517 0.695235 0.0502585 0.169797 0.798734
0 0.615584 0.948971 0.0433187 0.101036 0.702694
0 0.155895 0.571574 0.0323695 0.153527 0.693713
0 0.326743 0.488634 0.0526526 0.164642 0.611155
0 0.759004 0.664618 0.0563556 0.183648 0.594709
0 0.603104 0.57076 0.0589078 0.152831 0.560627
0 0.670762 0.52487 0.0440106 0.148771 0.557969
0 0.848237 0.428052 0.036586 0.147272 0.550775
0 0.500124 0.929369 0.0397416 0.141262 0.540627
0 0.725594 0.513545 0.0410862 0.129342 0.53733
0 0.575481 0.752404 0.0378041 0.185479 0.496794
0 0.488425 0.616715 0.0497783 0.17618 0.472259
0 0.473947 0.970057 0.0364456 0.0598851 0.46156
0 0.36317 0.944313 0.0560719 0.110285 0.444626
0 0.427911 0.964067 0.0357018 0.0718668 0.416458
0 0.515378 0.722904 0.0461576 0.201682 0.316668
0 0.319495 0.935777 0.0475768 0.117999 0.283712
