0 0.719169 0.522036 0.0330669 0.175371 0.688353
0 0.642604 0.566756 0.035788 0.184279 0.663065
0 0.918281 0.653303 0.0383898 0.182717 0.651612
0 0.361838 0.952447 0.0457109 0.0951059 0.650185
0 0.312084 0.463783 0.0310292 0.179449 0.597919
0 0.606252 0.468561 0.0381155 0.180075 0.588455
0 0.40649 0.957939 0.044951 0.0841228 0.547983
0 0.564233 0.659468 0.0529009 0.164972 0.517623
0 0.296549 0.936337 0.0769065 0.127327 0.470782
0 0.513845 0.87606 0.0709595 0.155151 0.422255
0 0.757621 0.457622 0.0381475 0.130517 0.419001
0 0.539128 0.374833 0.0432412 0.13264 0.413721
0 0.570869 0.551368 0.0374109 0.0935633 0.366326
0 0.439599 0.972889 0.0365552 0.0542219 0.3621
0 0.59609 0.757021 0.0674283 0.190949 0.312382
0 0.719169 0.522036 0.0330669 0.175371 0.688353
0 0.642604 0.566756 0.035788 0.184279 0.663065
0 0.918281 0.653303 0.0383898 0.182717 0.651612
0 0.361838 0.952447 0.0457109 0.0951059 0.650185
0 0.312084 0.463783 0.0310292 0.179449 0.597919
0 0.606252 0.468561 0.0381155 0.180075 0.588455
0 0.40649 0.957939 0.044951 0.0841228 0.547983
0 0.564233 0.659468 0.0529009 0.164972 0.517623
0 0.296549 0.936337 0.0769065 0.127327 0.470782
0 0.513845 0.87606 0.0709595 0.155151 0.422255
0 0.757621 0.457622 0.0381475 0.130517 0.419001
0 0.539128 0.374833 0.0432412 0.13264 0.413721
0 0.570869 0.551368 0.0374109 0.0935633 0.366326
0 0.439599 0.972889 0.0365552 0.0542219 0.3621
0 0.59609 0.757021 0.0674283 0.190949 0.312382
