0 0.707964 0.693131 0.0337595 0.194253 0.690387
0 0.599101 0.911049 0.064045 0.177903 0.678959
0 0.908137 0.605527 0.0335979 0.165356 0.610679
0 0.5356 0.631769 0.0337116 0.195024 0.577817
0 0.344002 0.529638 0.0468412 0.164849 0.550293
0 0.480625 0.655843 0.0576582 0.17014 0.543728
0 0.424823 0.591407 0.0476974 0.166436 0.518925
0 0.385677 0.434156 0.0322974 0.116919 0.485057
0 0.509738 0.34062 0.0270912 0.129293 0.41639
0 0.64526 0.97089 0.0389506 0.0582191 0.383416
0 0.72557 0.967459 0.0331679 0.0554533 0.35945
0 0.715771 0.507178 0.0378201 0.134701 0.265626
0 0.707964 0.693131 0.0337595 0.194253 0.690387
0 0.599101 0.911049 0.064045 0.177903 0.678959
0 0.908137 0.605527 0.0335979 0.165356 0.610679
0 0.5356 0.631769 0.0337116 0.195024 0.577817
0 0.344002 0.529638 0.0468412 0.164849 0.550293
0 0.480625 0.655843 0.0576582 0.17014 0.543728
0 0.424823 0.591407 0.0476974 0.166436 0.518925
0 0.385677 0.434156 0.0322974 0.116919 0.485057
0 0.509738 0.34062 0.0270912 0.129293 0.41639
0 0.64526 0.97089 0.0389506 0.0582191 0.383416
0 0.72557 0.967459 0.0331679 0.0554533 0.35945
0 0.715771 0.507178 0.0378201 0.134701 0.265626
