0 0.335713 0.736306 0.0530578 0.1953 0.819933
0 0.350574 0.530588 0.0390658 0.167577 0.703152
0 0.529328 0.96581 0.0391783 0.0683802 0.665881
0 0.170549 0.62382 0.0361195 0.159138 0.646502
0 0.717707 0.616921 0.0634377 0.203315 0.641302
0 0.854086 0.5964 0.0305798 0.149785 0.63397
0 0.651003 0.661729 0.0696389 0.182767 0.575224
0 0.281168 0.972025 0.0312139 0.0559492 0.574114
0 0.679424 0.492337 0.0552908 0.177801 0.533472
0 0.573132 0.660627 0.0494021 0.191804 0.513099
0 0.637931 0.459644 0.0257233 0.13528 0.449378
0 0.15473 0.967437 0.0385228 0.0651269 0.439134
0 0.880893 0.475929 0.0327911 0.110534 0.286593
0 0.335713 0.736306 0.0530578 0.1953 0.819933
0 0.350574 0.530588 0.0390658 0.167577 0.703152
0 0.529328 0.96581 0.0391783 0.0683802 0.665881
0 0.170549 0.62382 0.0361195 0.159138 0.646502
0 0.717707 0.616921 0.0634377 0.203315 0.641302
0 0.854086 0.5964 0.0305798 0.149785 0.63397
0 0.651003 0.661729 0.0696389 0.182767 0.575224
0 0.281168 0.972025 0.0312139 0.0559492 0.574114
0 0.679424 0.492337 0.0552908 0.177801 0.533472
0 0.573132 0.660627 0.0494021 0.191804 0.513099
0 0.637931 0.459644 0.0257233 0.13528 0.449378
0 0.15473 0.967437 0.0385228 0.0651269 0.439134
0 0.880893 0.475929 0.0327911 0.110534 0.286593
