0 0.924549 0.493385 0.0325581 0.141649 0.836777
0 0.229471 0.661103 0.0552193 0.205557 0.813704
0 0.0560665 0.540106 0.0351999 0.164609 0.779286
0 0.473072 0.661932 0.0309948 0.198507 0.767015
0 0.545508 0.889532 0.0551777 0.207477 0.745502
0 0.618124 0.933747 0.0619879 0.132505 0.718195
0 0.762852 0.410282 0.0348503 0.124948 0.67129
0 0.414457 0.949103 0.0514741 0.101794 0.560132
0 0.811139 0.616943 0.0341425 0.159757 0.559126
0 0.259822 0.443189 0.0472139 0.165822 0.556642
0 0.498497 0.962498 0.0380219 0.0750034 0.484893
0 0.569806 0.461088 0.0365342 0.158797 0.425238
0 0.625298 0.544648 0.0361182 0.146048 0.360259
0 0.597499 0.529398 0.0326542 0.178373 0.313295
0 0.606851 0.382329 0.0260097 0.119687 0.271936
0 0.362947 0.941179 0.047825 0.11734 0.25991
0 0.924549 0.493385 0.0325581 0.141649 0.836777
0 0.229471 0.661103 0.0552193 0.205557 0.813704
0 0.0560665 0.540106 0.0351999 0.164609 0.779286
0 0.473072 0.661932 0.0309948 0.198507 0.767015
0 0.545508 0.889532 0.0551777 0.207477 0.745502
0 0.618124 0.933747 0.0619879 0.132505 0.718195
0 0.762852 0.410282 0.0348503 0.124948 0.67129
0 0.414457 0.949103 0.0514741 0.101794 0.560132
0 0.811139 0.616943 0.0341425 0.159757 0.559126
0 0.259822 0.443189 0.0472139 0.165822 0.556642
0 0.498497 0.962498 0.0380219 0.0750034 0.484893
0 0.569806 0.461088 0.0365342 0.158797 0.425238
0 0.625298 0.544648 0.0361182 0.146048 0.360259
0 0.597499 0.529398 0.0326542 0.178373 0.313295
0 0.606851 0.382329 0.0260097 0.119687 0.271936
0 0.362947 0.941179 0.047825 0.11734 0.25991
