0 0.74068 0.682038 0.0628001 0.179425 0.804729
0 0.292133 0.503995 0.0457409 0.125543 0.76442
0 0.335124 0.505186 0.0482517 0.155019 0.707028
0 0.543619 0.697703 0.0762594 0.178689 0.703051
0 0.596832 0.690571 0.0560316 0.148769 0.667315
0 0.923052 0.597469 0.0274666 0.157899 0.634426
0 0.395822 0.524188 0.0407159 0.157102 0.621196
0 0.452205 0.599433 0.064996 0.17211 0.614384
0 0.71758 0.495952 0.0456224 0.144491 0.606701
0 0.139911 0.414173 0.0295372 0.139853 0.597244
0 0.60518 0.893069 0.070929 0.192015 0.557337
0 0.172851 0.644707 0.0580552 0.164151 0.524936
0 0.64027 0.957133 0.0383673 0.0855452 0.507434
0 0.523787 0.974368 0.0329847 0.0512634 0.410451
0 0.589001 0.959569 0.0370941 0.0764901 0.341555
0 0.684238 0.961975 0.0467626 0.0753377 0.321896
0 0.394034 0.422297 0.027127 0.107588 0.3079
0 0.517238 0.329959 0.0260961 0.132153 0.278542
0 0.74068 0.682038 0.0628001 0.179425 0.804729
0 0.292133 0.503995 0.0457409 0.125543 0.76442
0 0.335124 0.505186 0.0482517 0.155019 0.707028
0 0.543619 0.697703 0.0762594 0.178689 0.703051
0 0.596832 0.690571 0.0560316 0.148769 0.667315
0 0.923052 0.597469 0.0274666 0.157899 0.634426
0 0.395822 0.524188 0.0407159 0.157102 0.621196
0 0.452205 0.599433 0.064996 0.17211 0.614384
0 0.71758 0.495952 0.0456224 0.144491 0.606701
0 0.139911 0.414173 0.0295372 0.139853 0.597244
0 0.60518 0.893069 0.070929 0.192015 0.557337
0 0.172851 0.644707 0.0580552 0.164151 0.524936
0 0.64027 0.957133 0.0383673 0.0855452 0.507434
0 0.523787 0.974368 0.0329847 0.0512634 0.410451
0 0.589001 0.959569 0.0370941 0.0764901 0.341555
0 0.684238 0.961975 0.0467626 0.0753377 0.321896
0 0.394034 0.422297 0.027127 0.107588 0.3079
0 0.517238 0.329959 0.0260961 0.132153 0.278542
