0 0.941077 0.489367 0.0368038 0.142291 0.836119
0 0.0703811 0.543383 0.0386246 0.166135 0.788648
0 0.236237 0.66251 0.0572108 0.199935 0.756013
0 0.549778 0.887834 0.053836 0.211069 0.748575
0 0.63466 0.934782 0.071319 0.130435 0.682293
0 0.755507 0.624783 0.050233 0.164668 0.647919
0 0.426176 0.95032 0.0531883 0.0993605 0.642208
0 0.627538 0.40226 0.028754 0.136195 0.636498
0 0.790888 0.397357 0.0325031 0.144391 0.635276
0 0.27253 0.441195 0.0398442 0.165896 0.614298
0 0.574645 0.565286 0.0563923 0.178188 0.569193
0 0.495726 0.71112 0.0409801 0.18201 0.512325
0 0.509444 0.962252 0.0413488 0.0754951 0.511502
0 0.374824 0.941584 0.0464523 0.111734 0.346553
0 0.542551 0.550174 0.0595106 0.141172 0.310401
0 0.578751 0.43546 0.0317776 0.09772 0.292679
0 0.236811 0.872455 0.0422938 0.10984 0.291573
0 0.941077 0.489367 0.0368038 0.142291 0.836119
0 0.0703811 0.543383 0.0386246 0.166135 0.788648
0 0.236237 0.66251 0.0572108 0.199935 0.756013
0 0.549778 0.887834 0.053836 0.211069 0.748575
0 0.63466 0.934782 0.071319 0.130435 0.682293
0 0.755507 0.624783 0.050233 0.164668 0.647919
0 0.426176 0.95032 0.0531883 0.0993605 0.642208
0 0.627538 0.40226 0.028754 0.136195 0.636498
0 0.790888 0.397357 0.0325031 0.144391 0.635276
0 0.27253 0.441195 0.0398442 0.165896 0.614298
0 0.574645 0.565286 0.0563923 0.178188 0.569193
0 0.495726 0.71112 0.0409801 0.18201 0.512325
0 0.509444 0.962252 0.0413488 0.0754951 0.511502
0 0.374824 0.941584 0.0464523 0.111734 0.346553
0 0.542551 0.550174 0.0595106 0.141172 0.310401
0 0.578751 0.43546 0.0317776 0.09772 0.292679
0 0.236811 0.872455 0.0422938 0.10984 0.291573
