0 0.742697 0.682223 0.0566752 0.181644 0.786832
0 0.167914 0.621496 0.0405146 0.173847 0.686767
0 0.292958 0.504312 0.0460833 0.129922 0.672696
0 0.564867 0.716781 0.0706433 0.180328 0.648325
0 0.433325 0.594489 0.054316 0.17093 0.639462
0 0.341564 0.504125 0.0526875 0.151771 0.632162
0 0.598956 0.687586 0.0545184 0.151643 0.622519
0 0.391216 0.519098 0.0348546 0.155775 0.617528
0 0.930786 0.595977 0.0245029 0.164489 0.616823
0 0.608314 0.89241 0.0724542 0.193216 0.549349
0 0.142566 0.415075 0.0289728 0.138742 0.546445
0 0.52752 0.974497 0.0320486 0.0510067 0.438193
0 0.638703 0.956688 0.0397574 0.0866241 0.423699
0 0.591582 0.960338 0.0394808 0.077302 0.38538
0 0.719578 0.49472 0.0457392 0.142751 0.379525
0 0.396238 0.425159 0.026399 0.120255 0.280154
0 0.724306 0.956619 0.0346077 0.0862783 0.279543
0 0.683557 0.961523 0.0517233 0.0765974 0.270029
0 0.742697 0.682223 0.0566752 0.181644 0.786832
0 0.167914 0.621496 0.0405146 0.173847 0.686767
0 0.292958 0.504312 0.0460833 0.129922 0.672696
0 0.564867 0.716781 0.0706433 0.180328 0.648325
0 0.433325 0.594489 0.054316 0.17093 0.639462
0 0.341564 0.504125 0.0526875 0.151771 0.632162
0 0.598956 0.687586 0.0545184 0.151643 0.622519
0 0.391216 0.519098 0.0348546 0.155775 0.617528
0 0.930786 0.595977 0.0245029 0.164489 0.616823
0 0.608314 0.89241 0.0724542 0.193216 0.549349
0 0.142566 0.415075 0.0289728 0.138742 0.546445
0 0.52752 0.974497 0.0320486 0.0510067 0.438193
0 0.638703 0.956688 0.0397574 0.0866241 0.423699
0 0.591582 0.960338 0.0394808 0.077302 0.38538
0 0.719578 0.49472 0.0457392 0.142751 0.379525
0 0.396238 0.425159 0.026399 0.120255 0.280154
0 0.724306 0.956619 0.0346077 0.0862783 0.279543
0 0.683557 0.961523 0.0517233 0.0765974 0.270029
