0 0.524718 0.769041 0.0740862 0.209299 0.802787
0 0.19628 0.641018 0.0365651 0.181496 0.742403
0 0.276037 0.958274 0.0383134 0.083451 0.665886
0 0.231743 0.866079 0.0690183 0.170661 0.637479
0 0.63102 0.489637 0.0393198 0.184919 0.556644
0 0.324095 0.481958 0.0413428 0.153965 0.545273
0 0.567802 0.493354 0.0360939 0.122365 0.544996
0 0.31032 0.968608 0.0329087 0.0627832 0.529287
0 0.707057 0.788814 0.0631084 0.166221 0.470644
0 0.555413 0.613642 0.0359674 0.126233 0.408181
0 0.354819 0.97764 0.0329644 0.0447205 0.349207
0 0.788916 0.482649 0.0488134 0.129005 0.277867
0 0.121112 0.96632 0.0334919 0.0673601 0.26945
0 0.0249939 0.948029 0.0485873 0.102127 0.256862
0 0.524718 0.769041 0.0740862 0.209299 0.802787
0 0.19628 0.641018 0.0365651 0.181496 0.742403
0 0.276037 0.958274 0.0383134 0.083451 0.665886
0 0.231743 0.866079 0.0690183 0.170661 0.637479
0 0.63102 0.489637 0.0393198 0.184919 0.556644
0 0.324095 0.481958 0.0413428 0.153965 0.545273
0 0.567802 0.493354 0.0360939 0.122365 0.544996
0 0.31032 0.968608 0.0329087 0.0627832 0.529287
0 0.707057 0.788814 0.0631084 0.166221 0.470644
0 0.555413 0.613642 0.0359674 0.126233 0.408181
0 0.354819 0.97764 0.0329644 0.0447205 0.349207
0 0.788916 0.482649 0.0488134 0.129005 0.277867
0 0.121112 0.96632 0.0334919 0.0673601 0.26945
0 0.0249939 0.948029 0.0485873 0.102127 0.256862
