0 0.743792 0.680172 0.0580871 0.181233 0.786925
0 0.599219 0.690269 0.052682 0.149046 0.723223
0 0.169074 0.62694 0.0490664 0.159635 0.717596
0 0.559144 0.709998 0.0870039 0.183372 0.654413
0 0.289152 0.502585 0.0401118 0.125504 0.651809
0 0.39247 0.519589 0.0328234 0.157772 0.640924
0 0.337618 0.503699 0.0479405 0.156739 0.635437
0 0.60701 0.894326 0.0735941 0.193287 0.589836
0 0.14193 0.412952 0.0296984 0.138142 0.581354
0 0.432669 0.59164 0.0675131 0.17134 0.578361
0 0.718623 0.495288 0.0459344 0.145358 0.531377
0 0.525332 0.97421 0.0335359 0.0515804 0.44052
0 0.640155 0.957415 0.0377743 0.0851705 0.361922
0 0.51762 0.329157 0.0262728 0.133374 0.357291
0 0.58901 0.95994 0.0368357 0.0768367 0.340823
0 0.927447 0.592848 0.0242994 0.156758 0.301292
0 0.743792 0.680172 0.0580871 0.181233 0.786925
0 0.599219 0.690269 0.052682 0.149046 0.723223
0 0.169074 0.62694 0.0490664 0.159635 0.717596
0 0.559144 0.709998 0.0870039 0.183372 0.654413
0 0.289152 0.502585 0.0401118 0.125504 0.651809
0 0.39247 0.519589 0.0328234 0.157772 0.640924
0 0.337618 0.503699 0.0479405 0.156739 0.635437
0 0.60701 0.894326 0.0735941 0.193287 0.589836
0 0.14193 0.412952 0.0296984 0.138142 0.581354
0 0.432669 0.59164 0.0675131 0.17134 0.578361
0 0.718623 0.495288 0.0459344 0.145358 0.531377
0 0.525332 0.97421 0.0335359 0.0515804 0.44052
0 0.640155 0.957415 0.0377743 0.0851705 0.361922
0 0.51762 0.329157 0.0262728 0.133374 0.357291
0 0.58901 0.95994 0.0368357 0.0768367 0.340823
0 0.927447 0.592848 0.0242994 0.156758 0.301292
