0 0.0481612 0.530399 0.035088 0.136038 0.8227
0 0.395591 0.529537 0.0379065 0.168632 0.784999
0 0.109908 0.406262 0.0249334 0.111611 0.725744
0 0.312859 0.443657 0.0290211 0.14555 0.702112
0 0.450699 0.903065 0.045575 0.187789 0.693064
0 0.375186 0.384124 0.025752 0.0974323 0.622084
0 0.716234 0.451216 0.041684 0.143663 0.577064
0 0.246244 0.649486 0.0301469 0.171497 0.531972
0 0.472598 0.577412 0.0337431 0.15548 0.51148
0 0.370917 0.960969 0.0541245 0.0780619 0.490915
0 0.414313 0.932999 0.0462412 0.12906 0.470211
0 0.609212 0.837349 0.054398 0.208871 0.469527
0 0.437796 0.593018 0.0534183 0.155932 0.403662
0 0.416727 0.330827 0.0230232 0.117888 0.362549
0 0.593593 0.659382 0.0513002 0.170417 0.321887
0 0.314496 0.979859 0.0226994 0.0402817 0.321106
0 0.700715 0.655184 0.0537951 0.153042 0.313396
0 0.0481612 0.530399 0.035088 0.136038 0.8227
0 0.395591 0.529537 0.0379065 0.168632 0.784999
0 0.109908 0.406262 0.0249334 0.111611 0.725744
0 0.312859 0.443657 0.0290211 0.14555 0.702112
0 0.450699 0.903065 0.045575 0.187789 0.693064
0 0.375186 0.384124 0.025752 0.0974323 0.622084
0 0.716234 0.451216 0.041684 0.143663 0.577064
0 0.246244 0.649486 0.0301469 0.171497 0.531972
0 0.472598 0.577412 0.0337431 0.15548 0.51148
0 0.370917 0.960969 0.0541245 0.0780619 0.490915
0 0.414313 0.932999 0.0462412 0.12906 0.470211
0 0.609212 0.837349 0.054398 0.208871 0.469527
0 0.437796 0.593018 0.0534183 0.155932 0.403662
0 0.416727 0.330827 0.0230232 0.117888 0.362549
0 0.593593 0.659382 0.0513002 0.170417 0.321887
0 0.314496 0.979859 0.0226994 0.0402817 0.321106
0 0.700715 0.655184 0.0537951 0.153042 0.313396
