0 0.638289 0.564621 0.389547 0.848375 0.901778
0 0.0632656 0.488024 0.12633 0.374027 0.652127
0 0.184975 0.523587 0.1523 0.340833 0.409768
0 0.129372 0.668863 0.17788 0.280173 0.401333
0 0.377196 0.305521 0.191881 0.52357 0.398057
0 0.918877 0.258555 0.156918 0.317248 0.381787
0 0.954712 0.775322 0.0896461 0.376787 0.376343
0 0.14164 0.273079 0.13594 0.296706 0.309028
0 0.0475739 0.296467 0.0950765 0.302665 0.283609
0 0.284654 0.499917 0.157317 0.384028 0.271098
0 0.397874 0.685577 0.141272 0.301613 0.252564
0 0.638289 0.564621 0.389547 0.848375 0.901778
0 0.0632656 0.488024 0.12633 0.374027 0.652127
0 0.184975 0.523587 0.1523 0.340833 0.409768
0 0.129372 0.668863 0.17788 0.280173 0.401333
0 0.377196 0.305521 0.191881 0.52357 0.398057
0 0.918877 0.258555 0.156918 0.317248 0.381787
0 0.954712 0.775322 0.0896461 0.376787 0.376343
0 0.14164 0.273079 0.13594 0.296706 0.309028
0 0.0475739 0.296467 0.0950765 0.302665 0.283609
0 0.284654 0.499917 0.157317 0.384028 0.271098
0 0.397874 0.685577 0.141272 0.301613 0.252564
