0 0.488933 0.585013 0.196848 0.811598 0.900164
0 0.731549 0.577776 0.175061 0.826129 0.882776
0 0.0975685 0.606183 0.190335 0.771027 0.872012
0 0.978052 0.615859 0.0433729 0.688026 0.4648
0 0.269651 0.402267 0.0705142 0.222619 0.446358
0 0.91578 0.549556 0.0906235 0.223963 0.432458
0 0.87797 0.411559 0.0731012 0.204401 0.407096
0 0.345233 0.421376 0.0829925 0.191803 0.389099
0 0.0589102 0.308091 0.0867354 0.232244 0.386742
0 0.854909 0.536514 0.0938709 0.254416 0.383734
0 0.219316 0.546268 0.0975901 0.265349 0.343099
0 0.351633 0.554127 0.083756 0.246179 0.334243
0 0.286592 0.558353 0.0925699 0.241021 0.288308
0 0.488933 0.585013 0.196848 0.811598 0.900164
0 0.731549 0.577776 0.175061 0.826129 0.882776
0 0.0975685 0.606183 0.190335 0.771027 0.872012
0 0.978052 0.615859 0.0433729 0.688026 0.4648
0 0.269651 0.402267 0.0705142 0.222619 0.446358
0 0.91578 0.549556 0.0906235 0.223963 0.432458
0 0.87797 0.411559 0.0731012 0.204401 0.407096
0 0.345233 0.421376 0.0829925 0.191803 0.389099
0 0.0589102 0.308091 0.0867354 0.232244 0.386742
0 0.854909 0.536514 0.0938709 0.254416 0.383734
0 0.219316 0.546268 0.0975901 0.265349 0.343099
0 0.351633 0.554127 0.083756 0.246179 0.334243
0 0.286592 0.558353 0.0925699 0.241021 0.288308
