0 0.29814 0.678743 0.0454871 0.174767 0.778684
0 0.566335 0.496984 0.0315874 0.155079 0.756099
0 0.787236 0.456643 0.0304222 0.121052 0.746168
0 0.123065 0.567104 0.032919 0.159573 0.649908
0 0.497332 0.693607 0.0354406 0.196487 0.638977
0 0.988504 0.530803 0.0223219 0.138918 0.616479
0 0.582361 0.892239 0.0521904 0.20292 0.551452
0 0.635673 0.565704 0.0464796 0.206254 0.509389
0 0.825142 0.65689 0.0498497 0.218226 0.462508
0 0.386746 0.95725 0.0415697 0.0844776 0.434479
0 0.603299 0.525961 0.0355428 0.205656 0.425994
0 0.429893 0.965841 0.0389601 0.0683172 0.400482
0 0.324773 0.939072 0.0551147 0.120523 0.328326
0 0.548947 0.933257 0.0530235 0.125186 0.308773
0 0.284558 0.479158 0.0426702 0.165318 0.294857
0 0.29814 0.678743 0.0454871 0.174767 0.778684
0 0.566335 0.496984 0.0315874 0.155079 0.756099
0 0.787236 0.456643 0.0304222 0.121052 0.746168
0 0.123065 0.567104 0.032919 0.159573 0.649908
0 0.497332 0.693607 0.0354406 0.196487 0.638977
0 0.988504 0.530803 0.0223219 0.138918 0.616479
0 0.582361 0.892239 0.0521904 0.20292 0.551452
0 0.635673 0.565704 0.0464796 0.206254 0.509389
0 0.825142 0.65689 0.0498497 0.218226 0.462508
0 0.386746 0.95725 0.0415697 0.0844776 0.434479
0 0.603299 0.525961 0.0355428 0.205656 0.425994
0 0.429893 0.965841 0.0389601 0.0683172 0.400482
0 0.324773 0.939072 0.0551147 0.120523 0.328326
0 0.548947 0.933257 0.0530235 0.125186 0.308773
0 0.284558 0.479158 0.0426702 0.165318 0.294857
