0 0.0472682 0.529193 0.0317074 0.135825 0.830682
0 0.395472 0.529065 0.0347384 0.165228 0.786936
0 0.110143 0.404994 0.0249203 0.111586 0.714034
0 0.31683 0.44175 0.0286274 0.144612 0.680802
0 0.373269 0.385438 0.0251632 0.102681 0.639552
0 0.453941 0.903284 0.0454027 0.187824 0.626096
0 0.719155 0.452273 0.0458765 0.141506 0.609319
0 0.700155 0.654446 0.0545841 0.150193 0.538644
0 0.372438 0.960033 0.053246 0.079934 0.517834
0 0.612018 0.833344 0.0534523 0.209682 0.482116
0 0.244651 0.640731 0.0301027 0.148679 0.408346
0 0.432438 0.60008 0.0520315 0.14205 0.38513
0 0.416149 0.931463 0.0460865 0.133526 0.363252
0 0.472792 0.584071 0.0391083 0.149877 0.356284
0 0.592604 0.655165 0.0459883 0.162564 0.341554
0 0.318531 0.979243 0.0262537 0.0415136 0.317113
0 0.0472682 0.529193 0.0317074 0.135825 0.830682
0 0.395472 0.529065 0.0347384 0.165228 0.786936
0 0.110143 0.404994 0.0249203 0.111586 0.714034
0 0.31683 0.44175 0.0286274 0.144612 0.680802
0 0.373269 0.385438 0.0251632 0.102681 0.639552
0 0.453941 0.903284 0.0454027 0.187824 0.626096
0 0.719155 0.452273 0.0458765 0.141506 0.609319
0 0.700155 0.654446 0.0545841 0.150193 0.538644
0 0.372438 0.960033 0.053246 0.079934 0.517834
0 0.612018 0.833344 0.0534523 0.209682 0.482116
0 0.244651 0.640731 0.0301027 0.148679 0.408346
0 0.432438 0.60008 0.0520315 0.14205 0.38513
0 0.416149 0.931463 0.0460865 0.133526 0.363252
0 0.472792 0.584071 0.0391083 0.149877 0.356284
0 0.592604 0.655165 0.0459883 0.162564 0.341554
0 0.318531 0.979243 0.0262537 0.0415136 0.317113
