0 0.784553 0.583157 0.160593 0.822704 0.808907
0 0.480989 0.456365 0.177316 0.582018 0.715647
0 0.231232 0.45808 0.205884 0.550701 0.56874
0 0.665097 0.556188 0.0869854 0.24647 0.481891
0 0.626206 0.429129 0.078233 0.205502 0.42275
0 0.0877131 0.568542 0.0907264 0.261779 0.398506
0 0.980744 0.588455 0.0380648 0.289208 0.383084
0 0.174064 0.327581 0.0876698 0.23768 0.301457
56 0.119749 0.407793 0.0501085 0.090878 0.279117
0 0.602716 0.556747 0.0862565 0.248231 0.272903
0 0.082806 0.433895 0.0858167 0.199483 0.264797
0 0.784553 0.583157 0.160593 0.822704 0.808907
0 0.480989 0.456365 0.177316 0.582018 0.715647
0 0.231232 0.45808 0.205884 0.550701 0.56874
0 0.665097 0.556188 0.0869854 0.24647 0.481891
0 0.626206 0.429129 0.078233 0.205502 0.42275
0 0.0877131 0.568542 0.0907264 0.261779 0.398506
0 0.980744 0.588455 0.0380648 0.289208 0.383084
0 0.174064 0.327581 0.0876698 0.23768 0.301457
56 0.119749 0.407793 0.0501085 0.090878 0.279117
0 0.602716 0.556747 0.0862565 0.248231 0.272903
0 0.082806 0.433895 0.0858167 0.199483 0.264797
