0 0.241298 0.474834 0.0469163 0.143244 0.779818
0 0.345549 0.556604 0.0376178 0.165821 0.764801
0 0.402353 0.409755 0.0275411 0.126968 0.699145
0 0.795851 0.73534 0.057979 0.198849 0.695694
0 0.129117 0.414798 0.0246501 0.125529 0.664457
0 0.526571 0.613242 0.0379079 0.17364 0.592697
0 0.480934 0.575258 0.0399521 0.164645 0.589012
0 0.689256 0.656528 0.0275663 0.175272 0.583853
0 0.560379 0.620475 0.0412418 0.179124 0.499127
0 0.518507 0.955356 0.039794 0.0892882 0.413032
0 0.213771 0.596819 0.0655991 0.12773 0.363411
0 0.458111 0.96261 0.0487941 0.0747794 0.345248
0 0.671047 0.465608 0.0354242 0.134849 0.33962
0 0.596188 0.838717 0.0549704 0.175419 0.326427
0 0.407824 0.973346 0.0453954 0.0533083 0.301861
0 0.478409 0.961756 0.0338261 0.0733531 0.265152
0 0.241298 0.474834 0.0469163 0.143244 0.779818
0 0.345549 0.556604 0.0376178 0.165821 0.764801
0 0.402353 0.409755 0.0275411 0.126968 0.699145
0 0.795851 0.73534 0.057979 0.198849 0.695694
0 0.129117 0.414798 0.0246501 0.125529 0.664457
0 0.526571 0.613242 0.0379079 0.17364 0.592697
0 0.480934 0.575258 0.0399521 0.164645 0.589012
0 0.689256 0.656528 0.0275663 0.175272 0.583853
0 0.560379 0.620475 0.0412418 0.179124 0.499127
0 0.518507 0.955356 0.039794 0.0892882 0.413032
0 0.213771 0.596819 0.0655991 0.12773 0.363411
0 0.458111 0.96261 0.0487941 0.0747794 0.345248
0 0.671047 0.465608 0.0354242 0.134849 0.33962
0 0.596188 0.838717 0.0549704 0.175419 0.326427
0 0.407824 0.973346 0.0453954 0.0533083 0.301861
0 0.478409 0.961756 0.0338261 0.0733531 0.265152
