0 0.92852 0.950933 0.0378363 0.0981342 0.775253
0 0.311425 0.638261 0.0395832 0.180376 0.733257
0 0.0791299 0.757579 0.0517051 0.186024 0.622868
0 0.493895 0.945881 0.051498 0.108237 0.611466
0 0.477498 0.519436 0.0792553 0.195141 0.603077
0 0.60633 0.433956 0.031727 0.105701 0.602828
0 0.572893 0.60187 0.0421003 0.143024 0.565048
0 0.644259 0.523356 0.0419424 0.122385 0.561641
0 0.612943 0.922519 0.0460007 0.148883 0.531031
0 0.555395 0.955929 0.0445456 0.0881426 0.512483
0 0.379683 0.928389 0.0381045 0.13775 0.417352
0 0.452422 0.942331 0.0434622 0.108871 0.404212
0 0.387142 0.318533 0.0344848 0.108905 0.39955
0 0.413556 0.937036 0.0366944 0.1193 0.330112
0 0.523882 0.489915 0.0458466 0.157701 0.283198
0 0.598909 0.969571 0.0455112 0.0608576 0.256847
0 0.92852 0.950933 0.0378363 0.0981342 0.775253
0 0.311425 0.638261 0.0395832 0.180376 0.733257
0 0.0791299 0.757579 0.0517051 0.186024 0.622868
0 0.493895 0.945881 0.051498 0.108237 0.611466
0 0.477498 0.519436 0.0792553 0.195141 0.603077
0 0.60633 0.433956 0.031727 0.105701 0.602828
0 0.572893 0.60187 0.0421003 0.143024 0.565048
0 0.644259 0.523356 0.0419424 0.122385 0.561641
0 0.612943 0.922519 0.0460007 0.148883 0.531031
0 0.555395 0.955929 0.0445456 0.0881426 0.512483
0 0.379683 0.928389 0.0381045 0.13775 0.417352
0 0.452422 0.942331 0.0434622 0.108871 0.404212
0 0.387142 0.318533 0.0344848 0.108905 0.39955
0 0.413556 0.937036 0.0366944 0.1193 0.330112
0 0.523882 0.489915 0.0458466 0.157701 0.283198
0 0.598909 0.969571 0.0455112 0.0608576 0.256847
