0 0.859611 0.724724 0.0465431 0.196928 0.756571
0 0.657894 0.675526 0.0447329 0.173533 0.73014
0 0.299202 0.585945 0.0440498 0.150885 0.722266
0 0.290802 0.460533 0.0336516 0.137949 0.681516
0 0.172923 0.438276 0.0311393 0.112766 0.657635
0 0.351121 0.556948 0.0496846 0.163688 0.619349
0 0.614211 0.848138 0.0516642 0.169496 0.608579
0 0.659383 0.480476 0.0356205 0.135656 0.565007
0 0.402846 0.417184 0.0227985 0.127268 0.549408
0 0.495701 0.846695 0.0512518 0.207682 0.549328
0 0.443914 0.560349 0.0266823 0.126141 0.474625
0 0.461204 0.971391 0.0322956 0.0572177 0.437146
0 0.461912 0.664155 0.0772451 0.186742 0.374242
0 0.567518 0.946769 0.0376156 0.100759 0.356199
0 0.415732 0.977963 0.0238539 0.0440743 0.300725
0 0.60498 0.940984 0.0413252 0.115977 0.300084
0 0.656032 0.928056 0.05903 0.135026 0.287115
0 0.859611 0.724724 0.0465431 0.196928 0.756571
0 0.657894 0.675526 0.0447329 0.173533 0.73014
0 0.299202 0.585945 0.0440498 0.150885 0.722266
0 0.290802 0.460533 0.0336516 0.137949 0.681516
0 0.172923 0.438276 0.0311393 0.112766 0.657635
0 0.351121 0.556948 0.0496846 0.163688 0.619349
0 0.614211 0.848138 0.0516642 0.169496 0.608579
0 0.659383 0.480476 0.0356205 0.135656 0.565007
0 0.402846 0.417184 0.0227985 0.127268 0.549408
0 0.495701 0.846695 0.0512518 0.207682 0.549328
0 0.443914 0.560349 0.0266823 0.126141 0.474625
0 0.461204 0.971391 0.0322956 0.0572177 0.437146
0 0.461912 0.664155 0.0772451 0.186742 0.374242
0 0.567518 0.946769 0.0376156 0.100759 0.356199
0 0.415732 0.977963 0.0238539 0.0440743 0.300725
0 0.60498 0.940984 0.0413252 0.115977 0.300084
0 0.656032 0.928056 0.05903 0.135026 0.287115
