0 0.542586 0.789362 0.0767084 0.16595 0.759044
0 0.151506 0.452996 0.049007 0.133466 0.753626
0 0.164014 0.827144 0.0611752 0.182124 0.647977
0 0.0938956 0.521981 0.0350998 0.117761 0.627872
0 0.263295 0.49979 0.0393023 0.141246 0.605183
0 0.639314 0.491322 0.055563 0.102546 0.591512
0 0.599871 0.896774 0.0413324 0.19667 0.489366
0 0.291438 0.618688 0.0508049 0.200177 0.448712
0 0.257882 0.695318 0.062112 0.165016 0.407751
0 0.318244 0.373233 0.0395914 0.0945305 0.313003
0 0.576465 0.966955 0.0410484 0.066089 0.25485
0 0.542586 0.789362 0.0767084 0.16595 0.759044
0 0.151506 0.452996 0.049007 0.133466 0.753626
0 0.164014 0.827144 0.0611752 0.182124 0.647977
0 0.0938956 0.521981 0.0350998 0.117761 0.627872
0 0.263295 0.49979 0.0393023 0.141246 0.605183
0 0.639314 0.491322 0.055563 0.102546 0.591512
0 0.599871 0.896774 0.0413324 0.19667 0.489366
0 0.291438 0.618688 0.0508049 0.200177 0.448712
0 0.257882 0.695318 0.062112 0.165016 0.407751
0 0.318244 0.373233 0.0395914 0.0945305 0.313003
0 0.576465 0.966955 0.0410484 0.066089 0.25485
