0 0.73151 0.590863 0.0557204 0.161192 0.824983
0 0.349979 0.739583 0.0434586 0.203964 0.799766
0 0.381456 0.54474 0.0638413 0.167547 0.720794
0 0.646223 0.649844 0.0888262 0.157073 0.623737
0 0.183513 0.638507 0.0346455 0.172257 0.602237
0 0.534259 0.971466 0.0358638 0.0570678 0.544374
0 0.634245 0.449802 0.0324459 0.149868 0.509904
0 0.68385 0.496766 0.0578287 0.178691 0.486012
0 0.551342 0.665249 0.0515982 0.190716 0.465394
0 0.589149 0.638708 0.0494392 0.163002 0.454295
0 0.866771 0.606472 0.0546787 0.124681 0.434262
0 0.159081 0.973179 0.047859 0.0536412 0.367637
0 0.808484 0.645321 0.0762497 0.110237 0.323675
0 0.899383 0.493797 0.0421135 0.141982 0.280745
0 0.73151 0.590863 0.0557204 0.161192 0.824983
0 0.349979 0.739583 0.0434586 0.203964 0.799766
0 0.381456 0.54474 0.0638413 0.167547 0.720794
0 0.646223 0.649844 0.0888262 0.157073 0.623737
0 0.183513 0.638507 0.0346455 0.172257 0.602237
0 0.534259 0.971466 0.0358638 0.0570678 0.544374
0 0.634245 0.449802 0.0324459 0.149868 0.509904
0 0.68385 0.496766 0.0578287 0.178691 0.486012
0 0.551342 0.665249 0.0515982 0.190716 0.465394
0 0.589149 0.638708 0.0494392 0.163002 0.454295
0 0.866771 0.606472 0.0546787 0.124681 0.434262
0 0.159081 0.973179 0.047859 0.0536412 0.367637
0 0.808484 0.645321 0.0762497 0.110237 0.323675
0 0.899383 0.493797 0.0421135 0.141982 0.280745
