0 0.235972 0.658281 0.0549273 0.206704 0.838634
0 0.618765 0.934434 0.0590849 0.131133 0.774343
0 0.0537309 0.539205 0.0294572 0.164533 0.747557
0 0.464558 0.65529 0.0329186 0.196018 0.708686
0 0.758087 0.411983 0.049778 0.128779 0.677586
0 0.929489 0.505429 0.034473 0.142948 0.656492
0 0.413036 0.949081 0.0523221 0.101839 0.65171
0 0.539888 0.835466 0.0511791 0.205433 0.650368
0 0.497869 0.961962 0.0397618 0.0760752 0.564721
0 0.861071 0.677107 0.0648308 0.1889 0.544935
0 0.270545 0.438201 0.0367449 0.167939 0.494879
0 0.647491 0.485101 0.0319464 0.0985089 0.43308
0 0.362138 0.942837 0.0471756 0.114326 0.367379
0 0.52391 0.969522 0.0304953 0.0609568 0.330781
0 0.657534 0.57158 0.0534422 0.133352 0.306804
0 0.235972 0.658281 0.0549273 0.206704 0.838634
0 0.618765 0.934434 0.0590849 0.131133 0.774343
0 0.0537309 0.539205 0.0294572 0.164533 0.747557
0 0.464558 0.65529 0.0329186 0.196018 0.708686
0 0.758087 0.411983 0.049778 0.128779 0.677586
0 0.929489 0.505429 0.034473 0.142948 0.656492
0 0.413036 0.949081 0.0523221 0.101839 0.65171
0 0.539888 0.835466 0.0511791 0.205433 0.650368
0 0.497869 0.961962 0.0397618 0.0760752 0.564721
0 0.861071 0.677107 0.0648308 0.1889 0.544935
0 0.270545 0.438201 0.0367449 0.167939 0.494879
0 0.647491 0.485101 0.0319464 0.0985089 0.43308
0 0.362138 0.942837 0.0471756 0.114326 0.367379
0 0.52391 0.969522 0.0304953 0.0609568 0.330781
0 0.657534 0.57158 0.0534422 0.133352 0.306804
