0 0.812576 0.63984 0.0622051 0.173676 0.736943
0 0.361659 0.70033 0.0537105 0.156401 0.723546
0 0.498962 0.671567 0.077169 0.201454 0.657998
0 0.601417 0.95527 0.0422178 0.0879825 0.650486
0 0.160529 0.58085 0.0341795 0.155362 0.60791
0 0.679206 0.475122 0.0413182 0.187822 0.563082
0 0.504534 0.936075 0.0387022 0.127849 0.546495
0 0.366718 0.950087 0.0555491 0.0998257 0.543153
0 0.647951 0.593331 0.0491821 0.194662 0.530255
0 0.329301 0.497161 0.0469364 0.163237 0.52251
0 0.581227 0.63166 0.0599324 0.146864 0.515011
0 0.433355 0.968793 0.0374058 0.0624137 0.444438
0 0.473262 0.974464 0.0325718 0.051072 0.412471
32 0.971802 0.463235 0.0222519 0.0388316 0.394161
0 0.324113 0.943658 0.0476301 0.110477 0.370221
0 0.852696 0.448839 0.0370422 0.130148 0.366889
0 0.626139 0.660356 0.0415428 0.182116 0.36069
32 0.831781 0.426918 0.0182718 0.0354406 0.344835
0 0.812576 0.63984 0.0622051 0.173676 0.736943
0 0.361659 0.70033 0.0537105 0.156401 0.723546
0 0.498962 0.671567 0.077169 0.201454 0.657998
0 0.601417 0.95527 0.0422178 0.0879825 0.650486
0 0.160529 0.58085 0.0341795 0.155362 0.60791
0 0.679206 0.475122 0.0413182 0.187822 0.563082
0 0.504534 0.936075 0.0387022 0.127849 0.546495
0 0.366718 0.950087 0.0555491 0.0998257 0.543153
0 0.647951 0.593331 0.0491821 0.194662 0.530255
0 0.329301 0.497161 0.0469364 0.163237 0.52251
0 0.581227 0.63166 0.0599324 0.146864 0.515011
0 0.433355 0.968793 0.0374058 0.0624137 0.444438
0 0.473262 0.974464 0.0325718 0.051072 0.412471
32 0.971802 0.463235 0.0222519 0.0388316 0.394161
0 0.324113 0.943658 0.0476301 0.110477 0.370221
0 0.852696 0.448839 0.0370422 0.130148 0.366889
0 0.626139 0.660356 0.0415428 0.182116 0.36069
32 0.831781 0.426918 0.0182718 0.0354406 0.344835
