0 0.193154 0.901595 0.082844 0.194518 0.807068
0 0.121294 0.759167 0.0353584 0.208881 0.78895
0 0.533456 0.923353 0.0524062 0.153293 0.737232
0 0.945393 0.505581 0.0547176 0.171008 0.718104
0 0.556638 0.494203 0.0570866 0.145932 0.698275
0 0.694098 0.955559 0.0421408 0.0888814 0.697467
0 0.944955 0.890688 0.0437399 0.184019 0.683439
0 0.737416 0.954946 0.048551 0.0892405 0.626136
0 0.558106 0.681862 0.0468046 0.142116 0.565553
0 0.366217 0.795638 0.0633262 0.2043 0.549175
0 0.8564 0.963322 0.0489882 0.0721724 0.525594
0 0.361763 0.406887 0.0514662 0.131719 0.516403
0 0.643592 0.952681 0.048505 0.094638 0.505338
0 0.276238 0.685246 0.0378263 0.175291 0.493074
0 0.871793 0.888408 0.0435522 0.196085 0.43436
0 0.11006 0.3542 0.0430999 0.105159 0.426473
0 0.844664 0.565493 0.0464222 0.122138 0.415261
0 0.277056 0.542421 0.043193 0.106322 0.351447
0 0.435911 0.356334 0.0359043 0.11243 0.347942
0 0.860308 0.696981 0.0423738 0.159626 0.345198
0 0.193154 0.901595 0.082844 0.194518 0.807068
0 0.121294 0.759167 0.0353584 0.208881 0.78895
0 0.533456 0.923353 0.0524062 0.153293 0.737232
0 0.945393 0.505581 0.0547176 0.171008 0.718104
0 0.556638 0.494203 0.0570866 0.145932 0.698275
0 0.694098 0.955559 0.0421408 0.0888814 0.697467
0 0.944955 0.890688 0.0437399 0.184019 0.683439
0 0.737416 0.954946 0.048551 0.0892405 0.626136
0 0.558106 0.681862 0.0468046 0.142116 0.565553
0 0.366217 0.795638 0.0633262 0.2043 0.549175
0 0.8564 0.963322 0.0489882 0.0721724 0.525594
0 0.361763 0.406887 0.0514662 0.131719 0.516403
0 0.643592 0.952681 0.048505 0.094638 0.505338
0 0.276238 0.685246 0.0378263 0.175291 0.493074
0 0.871793 0.888408 0.0435522 0.196085 0.43436
0 0.11006 0.3542 0.0430999 0.105159 0.426473
0 0.844664 0.565493 0.0464222 0.122138 0.415261
0 0.277056 0.542421 0.043193 0.106322 0.351447
0 0.435911 0.356334 0.0359043 0.11243 0.347942
0 0.860308 0.696981 0.0423738 0.159626 0.345198
