0 0.741894 0.683242 0.0557875 0.182224 0.834741
0 0.294109 0.504139 0.0465188 0.131862 0.71976
0 0.424985 0.594941 0.0609752 0.166866 0.696002
0 0.166381 0.616196 0.0383781 0.16604 0.670557
0 0.599156 0.685985 0.0567351 0.155925 0.626502
0 0.143323 0.414854 0.0297864 0.138636 0.576233
0 0.344327 0.506265 0.0596601 0.154999 0.56295
0 0.39082 0.519502 0.0350498 0.146967 0.559741
0 0.932477 0.597833 0.023547 0.1647 0.514099
0 0.610725 0.890448 0.0713848 0.187634 0.46565
0 0.720281 0.494375 0.046192 0.15175 0.44238
0 0.527996 0.974389 0.0318102 0.0512221 0.413635
0 0.396377 0.420179 0.0263542 0.109113 0.376624
0 0.638824 0.95627 0.0395111 0.0874596 0.366075
0 0.592924 0.960817 0.0405956 0.0779193 0.346542
0 0.564617 0.738001 0.0737422 0.147521 0.34606
0 0.741894 0.683242 0.0557875 0.182224 0.834741
0 0.294109 0.504139 0.0465188 0.131862 0.71976
0 0.424985 0.594941 0.0609752 0.166866 0.696002
0 0.166381 0.616196 0.0383781 0.16604 0.670557
0 0.599156 0.685985 0.0567351 0.155925 0.626502
0 0.143323 0.414854 0.0297864 0.138636 0.576233
0 0.344327 0.506265 0.0596601 0.154999 0.56295
0 0.39082 0.519502 0.0350498 0.146967 0.559741
0 0.932477 0.597833 0.023547 0.1647 0.514099
0 0.610725 0.890448 0.0713848 0.187634 0.46565
0 0.720281 0.494375 0.046192 0.15175 0.44238
0 0.527996 0.974389 0.0318102 0.0512221 0.413635
0 0.396377 0.420179 0.0263542 0.109113 0.376624
0 0.638824 0.95627 0.0395111 0.0874596 0.366075
0 0.592924 0.960817 0.0405956 0.0779193 0.346542
0 0.564617 0.738001 0.0737422 0.147521 0.34606
