0 0.769243 0.618383 0.0597196 0.187864 0.797228
0 0.390942 0.74075 0.0533506 0.201039 0.743982
0 0.649315 0.616184 0.0364355 0.184574 0.73926
0 0.398354 0.547899 0.061329 0.189172 0.704882
0 0.969757 0.635346 0.051392 0.154692 0.680718
0 0.200589 0.853124 0.0832561 0.184828 0.666538
0 0.545183 0.626539 0.0394908 0.184429 0.632758
0 0.698956 0.498147 0.0395306 0.182334 0.483345
0 0.214089 0.653492 0.0259046 0.157484 0.474274
0 0.0420421 0.956956 0.0456297 0.078352 0.435341
0 0.541032 0.976433 0.0305796 0.0471335 0.422141
0 0.15675 0.979385 0.0251281 0.0412298 0.329615
0 0.954565 0.544309 0.0396442 0.0681466 0.257404
0 0.769243 0.618383 0.0597196 0.187864 0.797228
0 0.390942 0.74075 0.0533506 0.201039 0.743982
0 0.649315 0.616184 0.0364355 0.184574 0.73926
0 0.398354 0.547899 0.061329 0.189172 0.704882
0 0.969757 0.635346 0.051392 0.154692 0.680718
0 0.200589 0.853124 0.0832561 0.184828 0.666538
0 0.545183 0.626539 0.0394908 0.184429 0.632758
0 0.698956 0.498147 0.0395306 0.182334 0.483345
0 0.214089 0.653492 0.0259046 0.157484 0.474274
0 0.0420421 0.956956 0.0456297 0.078352 0.435341
0 0.541032 0.976433 0.0305796 0.0471335 0.422141
0 0.15675 0.979385 0.0251281 0.0412298 0.329615
0 0.954565 0.544309 0.0396442 0.0681466 0.257404
