0 0.0405169 0.584794 0.0810338 0.815089 0.774834
0 0.247809 0.578068 0.179847 0.825913 0.754698
0 0.549128 0.583591 0.157321 0.815614 0.677162
0 0.816788 0.517098 0.15895 0.4519 0.618005
0 0.449193 0.549766 0.0859892 0.27539 0.414613
0 0.403653 0.435948 0.0799594 0.223188 0.347229
0 0.0405169 0.584794 0.0810338 0.815089 0.774834
0 0.247809 0.578068 0.179847 0.825913 0.754698
0 0.549128 0.583591 0.157321 0.815614 0.677162
0 0.816788 0.517098 0.15895 0.4519 0.618005
0 0.449193 0.549766 0.0859892 0.27539 0.414613
0 0.403653 0.435948 0.0799594 0.223188 0.347229
