0 0.0861224 0.562941 0.0326767 0.163967 0.792292
0 0.643895 0.947377 0.0527421 0.105245 0.780165
0 0.923072 0.502912 0.0357439 0.139138 0.777118
0 0.283354 0.478532 0.0625761 0.157105 0.714304
0 0.779293 0.630474 0.0495565 0.198022 0.710858
0 0.507796 0.689761 0.0483318 0.187678 0.628958
0 0.54218 0.596884 0.0665672 0.136175 0.596015
0 0.19885 0.681169 0.0736694 0.162909 0.567422
0 0.392741 0.950865 0.0451513 0.0982698 0.52151
0 0.443577 0.960405 0.0503868 0.0787564 0.511441
0 0.446386 0.658755 0.0540564 0.140602 0.487464
0 0.360721 0.93418 0.0523169 0.13164 0.446416
0 0.528694 0.972341 0.0407144 0.0553189 0.420927
0 0.812834 0.411167 0.0290012 0.127173 0.376151
0 0.60984 0.511431 0.0488111 0.134343 0.371331
0 0.681253 0.497343 0.0445051 0.115145 0.330798
0 0.650607 0.408594 0.0305145 0.105746 0.282749
0 0.326647 0.928613 0.0462644 0.126739 0.251936
0 0.0861224 0.562941 0.0326767 0.163967 0.792292
0 0.643895 0.947377 0.0527421 0.105245 0.780165
0 0.923072 0.502912 0.0357439 0.139138 0.777118
0 0.283354 0.478532 0.0625761 0.157105 0.714304
0 0.779293 0.630474 0.0495565 0.198022 0.710858
0 0.507796 0.689761 0.0483318 0.187678 0.628958
0 0.54218 0.596884 0.0665672 0.136175 0.596015
0 0.19885 0.681169 0.0736694 0.162909 0.567422
0 0.392741 0.950865 0.0451513 0.0982698 0.52151
0 0.443577 0.960405 0.0503868 0.0787564 0.511441
0 0.446386 0.658755 0.0540564 0.140602 0.487464
0 0.360721 0.93418 0.0523169 0.13164 0.446416
0 0.528694 0.972341 0.0407144 0.0553189 0.420927
0 0.812834 0.411167 0.0290012 0.127173 0.376151
0 0.60984 0.511431 0.0488111 0.134343 0.371331
0 0.681253 0.497343 0.0445051 0.115145 0.330798
0 0.650607 0.408594 0.0305145 0.105746 0.282749
0 0.326647 0.928613 0.0462644 0.126739 0.251936
