0 0.321231 0.584389 0.0381293 0.156076 0.745233
0 0.807487 0.693875 0.0515408 0.177523 0.731507
0 0.286456 0.479026 0.0430125 0.152329 0.70065
0 0.418622 0.413115 0.0215174 0.130989 0.665142
0 0.626589 0.955096 0.0440943 0.0898071 0.635693
0 0.166175 0.453204 0.0322559 0.125243 0.588403
0 0.691265 0.481955 0.0370952 0.146385 0.582985
0 0.581277 0.829997 0.0453253 0.217457 0.572868
0 0.399541 0.586787 0.0368641 0.1765 0.567986
0 0.913892 0.59727 0.0263868 0.16604 0.559024
0 0.371317 0.549474 0.0364503 0.167081 0.539698
0 0.594799 0.911112 0.0784475 0.169545 0.490002
0 0.690931 0.955845 0.041711 0.0883099 0.437364
0 0.471614 0.611053 0.0461555 0.167349 0.414673
0 0.717938 0.935374 0.0394734 0.120628 0.289843
0 0.493742 0.654435 0.0472694 0.148735 0.289643
0 0.528823 0.971751 0.0425811 0.0564987 0.289263
0 0.321231 0.584389 0.0381293 0.156076 0.745233
0 0.807487 0.693875 0.0515408 0.177523 0.731507
0 0.286456 0.479026 0.0430125 0.152329 0.70065
0 0.418622 0.413115 0.0215174 0.130989 0.665142
0 0.626589 0.955096 0.0440943 0.0898071 0.635693
0 0.166175 0.453204 0.0322559 0.125243 0.588403
0 0.691265 0.481955 0.0370952 0.146385 0.582985
0 0.581277 0.829997 0.0453253 0.217457 0.572868
0 0.399541 0.586787 0.0368641 0.1765 0.567986
0 0.913892 0.59727 0.0263868 0.16604 0.559024
0 0.371317 0.549474 0.0364503 0.167081 0.539698
0 0.594799 0.911112 0.0784475 0.169545 0.490002
0 0.690931 0.955845 0.041711 0.0883099 0.437364
0 0.471614 0.611053 0.0461555 0.167349 0.414673
0 0.717938 0.935374 0.0394734 0.120628 0.289843
0 0.493742 0.654435 0.0472694 0.148735 0.289643
0 0.528823 0.971751 0.0425811 0.0564987 0.289263
