0 0.485232 0.744292 0.0426728 0.196855 0.847741
0 0.35857 0.81057 0.0668668 0.231168 0.726765
0 0.58465 0.673303 0.0515183 0.209846 0.719808
0 0.353338 0.526257 0.0458622 0.147109 0.69741
0 0.621938 0.69132 0.0506653 0.211372 0.664685
0 0.692451 0.669604 0.0475051 0.215329 0.607174
0 0.889779 0.605649 0.0581619 0.123172 0.527776
0 0.670872 0.523253 0.0613956 0.157732 0.517411
0 0.973989 0.969982 0.0502888 0.0600362 0.506158
0 0.0345321 0.953768 0.0469117 0.0914124 0.432113
0 0.130926 0.967893 0.0410515 0.0624335 0.416684
0 0.258847 0.973145 0.0314512 0.0537092 0.345557
0 0.726982 0.657724 0.0449821 0.125157 0.277015
0 0.485232 0.744292 0.0426728 0.196855 0.847741
0 0.35857 0.81057 0.0668668 0.231168 0.726765
0 0.58465 0.673303 0.0515183 0.209846 0.719808
0 0.353338 0.526257 0.0458622 0.147109 0.69741
0 0.621938 0.69132 0.0506653 0.211372 0.664685
0 0.692451 0.669604 0.0475051 0.215329 0.607174
0 0.889779 0.605649 0.0581619 0.123172 0.527776
0 0.670872 0.523253 0.0613956 0.157732 0.517411
0 0.973989 0.969982 0.0502888 0.0600362 0.506158
0 0.0345321 0.953768 0.0469117 0.0914124 0.432113
0 0.130926 0.967893 0.0410515 0.0624335 0.416684
0 0.258847 0.973145 0.0314512 0.0537092 0.345557
0 0.726982 0.657724 0.0449821 0.125157 0.277015
