0 0.650127 0.953038 0.0520573 0.0939243 0.738568
0 0.925756 0.848238 0.0394501 0.194131 0.708566
0 0.49707 0.867398 0.0542013 0.238538 0.666098
0 0.335208 0.688981 0.0559621 0.190027 0.623571
0 0.550024 0.940968 0.0450859 0.118064 0.561644
0 0.61505 0.583921 0.0517605 0.162297 0.558168
0 0.390382 0.941179 0.0545694 0.116407 0.530792
0 0.769722 0.548449 0.0408821 0.148721 0.529044
0 0.586678 0.39227 0.0190624 0.115112 0.511444
0 0.348385 0.471884 0.0333978 0.15677 0.508648
0 0.624845 0.362938 0.0199044 0.114794 0.479341
0 0.762822 0.976179 0.0320161 0.0476419 0.447487
0 0.564032 0.686901 0.0376013 0.160339 0.381008
0 0.633538 0.552434 0.0339043 0.176614 0.310456
0 0.350352 0.937728 0.0460569 0.122835 0.305316
30 0.921385 0.940307 0.0411709 0.0250641 0.293658
0 0.443123 0.960241 0.038735 0.079518 0.285986
0 0.481683 0.966177 0.0428555 0.0676468 0.273159
0 0.586198 0.560518 0.0396771 0.146734 0.265601
0 0.650127 0.953038 0.0520573 0.0939243 0.738568
0 0.925756 0.848238 0.0394501 0.194131 0.708566
0 0.49707 0.867398 0.0542013 0.238538 0.666098
0 0.335208 0.688981 0.0559621 0.190027 0.623571
0 0.550024 0.940968 0.0450859 0.118064 0.561644
0 0.61505 0.583921 0.0517605 0.162297 0.558168
0 0.390382 0.941179 0.0545694 0.116407 0.530792
0 0.769722 0.548449 0.0408821 0.148721 0.529044
0 0.586678 0.39227 0.0190624 0.115112 0.511444
0 0.348385 0.471884 0.0333978 0.15677 0.508648
0 0.624845 0.362938 0.0199044 0.114794 0.479341
0 0.762822 0.976179 0.0320161 0.0476419 0.447487
0 0.564032 0.686901 0.0376013 0.160339 0.381008
0 0.633538 0.552434 0.0339043 0.176614 0.310456
0 0.350352 0.937728 0.0460569 0.122835 0.305316
30 0.921385 0.940307 0.0411709 0.0250641 0.293658
0 0.443123 0.960241 0.038735 0.079518 0.285986
0 0.481683 0.966177 0.0428555 0.0676468 0.273159
0 0.586198 0.560518 0.0396771 0.146734 0.265601
