0 0.272133 0.575702 0.168279 0.837846 0.803914
0 0.567409 0.521991 0.160471 0.449534 0.71662
0 0.782266 0.569797 0.161197 0.84444 0.672019
0 0.170901 0.506992 0.0881319 0.38948 0.484868
56 0.69904 0.649962 0.0593006 0.0717567 0.387341
0 0.441493 0.57238 0.107302 0.235619 0.313109
0 0.896751 0.574206 0.086459 0.202249 0.29865
0 0.0759482 0.568309 0.116622 0.275823 0.27256
0 0.272133 0.575702 0.168279 0.837846 0.803914
0 0.567409 0.521991 0.160471 0.449534 0.71662
0 0.782266 0.569797 0.161197 0.84444 0.672019
0 0.170901 0.506992 0.0881319 0.38948 0.484868
56 0.69904 0.649962 0.0593006 0.0717567 0.387341
0 0.441493 0.57238 0.107302 0.235619 0.313109
0 0.896751 0.574206 0.086459 0.202249 0.29865
0 0.0759482 0.568309 0.116622 0.275823 0.27256
