0 0.696517 0.558457 0.267097 0.86514 0.897525
0 0.89267 0.535979 0.188301 0.913338 0.890808
0 0.442044 0.442989 0.161922 0.440485 0.711938
0 0.297794 0.42779 0.184129 0.504404 0.704745
0 0.11375 0.530217 0.222818 0.459604 0.459516
0 0.399404 0.154212 0.145398 0.277069 0.35938
0 0.243192 0.154297 0.113648 0.282405 0.258807
0 0.696517 0.558457 0.267097 0.86514 0.897525
0 0.89267 0.535979 0.188301 0.913338 0.890808
0 0.442044 0.442989 0.161922 0.440485 0.711938
0 0.297794 0.42779 0.184129 0.504404 0.704745
0 0.11375 0.530217 0.222818 0.459604 0.459516
0 0.399404 0.154212 0.145398 0.277069 0.35938
0 0.243192 0.154297 0.113648 0.282405 0.258807
