0 0.966329 0.734113 0.0664547 0.203592 0.795158
0 0.211162 0.498713 0.0419102 0.171938 0.771532
0 0.895869 0.607321 0.0310429 0.17184 0.750045
0 0.668445 0.519883 0.0549302 0.171321 0.727739
0 0.432646 0.613168 0.0547121 0.181108 0.724524
0 0.348272 0.44126 0.0267382 0.140964 0.699813
0 0.595017 0.667885 0.0402359 0.181824 0.695385
0 0.15344 0.715524 0.0330542 0.217198 0.677906
0 0.542193 0.628082 0.0825121 0.141703 0.630991
0 0.765657 0.69925 0.0417295 0.196357 0.602577
0 0.01467 0.521258 0.0292329 0.166843 0.596843
0 0.40327 0.379996 0.0299049 0.138375 0.572518
0 0.706061 0.947692 0.037096 0.0995156 0.527749
0 0.610415 0.913157 0.0421447 0.146091 0.468593
0 0.682209 0.967857 0.0386212 0.0642851 0.38853
0 0.56165 0.970026 0.0356682 0.0599484 0.384681
0 0.614456 0.969444 0.0385788 0.0611112 0.376264
0 0.600504 0.795671 0.0703288 0.149287 0.325835
0 0.966329 0.734113 0.0664547 0.203592 0.795158
0 0.211162 0.498713 0.0419102 0.171938 0.771532
0 0.895869 0.607321 0.0310429 0.17184 0.750045
0 0.668445 0.519883 0.0549302 0.171321 0.727739
0 0.432646 0.613168 0.0547121 0.181108 0.724524
0 0.348272 0.44126 0.0267382 0.140964 0.699813
0 0.595017 0.667885 0.0402359 0.181824 0.695385
0 0.15344 0.715524 0.0330542 0.217198 0.677906
0 0.542193 0.628082 0.0825121 0.141703 0.630991
0 0.765657 0.69925 0.0417295 0.196357 0.602577
0 0.01467 0.521258 0.0292329 0.166843 0.596843
0 0.40327 0.379996 0.0299049 0.138375 0.572518
0 0.706061 0.947692 0.037096 0.0995156 0.527749
0 0.610415 0.913157 0.0421447 0.146091 0.468593
0 0.682209 0.967857 0.0386212 0.0642851 0.38853
0 0.56165 0.970026 0.0356682 0.0599484 0.384681
0 0.614456 0.969444 0.0385788 0.0611112 0.376264
0 0.600504 0.795671 0.0703288 0.149287 0.325835
