0 0.567439 0.766079 0.0587481 0.209098 0.811894
0 0.591459 0.433245 0.0324125 0.158101 0.736591
0 0.456829 0.431815 0.0405199 0.128914 0.67269
0 0.882208 0.621287 0.055479 0.133162 0.594688
0 0.659471 0.712974 0.0446495 0.175169 0.508658
0 0.640438 0.875564 0.0750464 0.213462 0.416818
0 0.79075 0.611853 0.0594003 0.120278 0.37421
0 0.6444 0.638354 0.0423113 0.144889 0.325422
0 0.790558 0.508522 0.0621366 0.159596 0.270426
0 0.567439 0.766079 0.0587481 0.209098 0.811894
0 0.591459 0.433245 0.0324125 0.158101 0.736591
0 0.456829 0.431815 0.0405199 0.128914 0.67269
0 0.882208 0.621287 0.055479 0.133162 0.594688
0 0.659471 0.712974 0.0446495 0.175169 0.508658
0 0.640438 0.875564 0.0750464 0.213462 0.416818
0 0.79075 0.611853 0.0594003 0.120278 0.37421
0 0.6444 0.638354 0.0423113 0.144889 0.325422
0 0.790558 0.508522 0.0621366 0.159596 0.270426
