0 0.30266 0.672209 0.0528048 0.1796 0.796745
0 0.933823 0.841316 0.0627705 0.183655 0.741003
0 0.767166 0.464207 0.0275017 0.128189 0.711494
0 0.716618 0.961112 0.0448181 0.077776 0.673277
0 0.324385 0.475986 0.037586 0.134786 0.664143
0 0.47758 0.839102 0.0462629 0.191791 0.651343
0 0.548593 0.660129 0.0348355 0.167406 0.651024
0 0.614597 0.94077 0.0569477 0.118461 0.618653
0 0.567116 0.409844 0.0214652 0.135382 0.582966
0 0.48113 0.966621 0.0364462 0.0667581 0.525288
0 0.515695 0.931046 0.0391283 0.137909 0.501536
0 0.448511 0.951768 0.0428946 0.0961388 0.442536
0 0.411178 0.945883 0.0375486 0.101831 0.41925
0 0.36309 0.929865 0.0495518 0.130707 0.391109
0 0.639102 0.565955 0.0398891 0.15134 0.308923
0 0.30266 0.672209 0.0528048 0.1796 0.796745
0 0.933823 0.841316 0.0627705 0.183655 0.741003
0 0.767166 0.464207 0.0275017 0.128189 0.711494
0 0.716618 0.961112 0.0448181 0.077776 0.673277
0 0.324385 0.475986 0.037586 0.134786 0.664143
0 0.47758 0.839102 0.0462629 0.191791 0.651343
0 0.548593 0.660129 0.0348355 0.167406 0.651024
0 0.614597 0.94077 0.0569477 0.118461 0.618653
0 0.567116 0.409844 0.0214652 0.135382 0.582966
0 0.48113 0.966621 0.0364462 0.0667581 0.525288
0 0.515695 0.931046 0.0391283 0.137909 0.501536
0 0.448511 0.951768 0.0428946 0.0961388 0.442536
0 0.411178 0.945883 0.0375486 0.101831 0.41925
0 0.36309 0.929865 0.0495518 0.130707 0.391109
0 0.639102 0.565955 0.0398891 0.15134 0.308923
