0 0.399488 0.578322 0.264936 0.818524 0.905392
0 0.623717 0.569712 0.299216 0.838226 0.878985
0 0.0439985 0.640774 0.0879969 0.699444 0.749618
0 0.124317 0.473262 0.113782 0.264276 0.55626
0 0.94865 0.480589 0.102232 0.311642 0.505417
0 0.880855 0.671569 0.128445 0.342412 0.46651
0 0.300102 0.332683 0.0979009 0.255661 0.465353
0 0.747445 0.300926 0.109229 0.252647 0.444324
0 0.779739 0.445454 0.07726 0.225799 0.429429
0 0.134616 0.658658 0.120253 0.335643 0.424988
0 0.0480808 0.328275 0.0958314 0.268068 0.418201
0 0.21677 0.327479 0.0997817 0.288088 0.354927
0 0.855887 0.322045 0.120925 0.266405 0.354238
0 0.853898 0.488543 0.103317 0.282796 0.310186
0 0.204901 0.644776 0.116754 0.359523 0.296877
0 0.399488 0.578322 0.264936 0.818524 0.905392
0 0.623717 0.569712 0.299216 0.838226 0.878985
0 0.0439985 0.640774 0.0879969 0.699444 0.749618
0 0.124317 0.473262 0.113782 0.264276 0.55626
0 0.94865 0.480589 0.102232 0.311642 0.505417
0 0.880855 0.671569 0.128445 0.342412 0.46651
0 0.300102 0.332683 0.0979009 0.255661 0.465353
0 0.747445 0.300926 0.109229 0.252647 0.444324
0 0.779739 0.445454 0.07726 0.225799 0.429429
0 0.134616 0.658658 0.120253 0.335643 0.424988
0 0.0480808 0.328275 0.0958314 0.268068 0.418201
0 0.21677 0.327479 0.0997817 0.288088 0.354927
0 0.855887 0.322045 0.120925 0.266405 0.354238
0 0.853898 0.488543 0.103317 0.282796 0.310186
0 0.204901 0.644776 0.116754 0.359523 0.296877
