0 0.268294 0.918873 0.130501 0.162254 0.848228
0 0.347633 0.393672 0.0342593 0.165405 0.745378
0 0.372152 0.574156 0.0430628 0.161881 0.730376
0 0.143935 0.521069 0.0302413 0.149744 0.699158
0 0.209048 0.358434 0.034613 0.155895 0.673707
0 0.469887 0.95254 0.0433153 0.0949202 0.613269
0 0.364861 0.966944 0.043599 0.0656998 0.564848
0 0.428217 0.329607 0.0234737 0.126717 0.561448
0 0.630706 0.761595 0.055539 0.205863 0.494615
0 0.723107 0.804644 0.0542589 0.186219 0.461275
0 0.429228 0.963472 0.0422705 0.0730553 0.45792
0 0.767225 0.400456 0.0464603 0.149651 0.44368
0 0.562182 0.508447 0.0293454 0.166537 0.440478
0 0.614472 0.636195 0.0294323 0.152918 0.372147
0 0.548391 0.932653 0.0499935 0.128609 0.357838
0 0.511302 0.946223 0.0482862 0.107554 0.345072
0 0.920729 0.947013 0.0684435 0.102112 0.344781
0 0.436926 0.479084 0.0435711 0.156541 0.342134
0 0.471941 0.541384 0.0420123 0.190996 0.310564
0 0.389939 0.274061 0.0322919 0.115781 0.293683
0 0.620197 0.898043 0.0475198 0.12113 0.26881
0 0.662777 0.899209 0.0450137 0.1368 0.257358
0 0.268294 0.918873 0.130501 0.162254 0.848228
0 0.347633 0.393672 0.0342593 0.165405 0.745378
0 0.372152 0.574156 0.0430628 0.161881 0.730376
0 0.143935 0.521069 0.0302413 0.149744 0.699158
0 0.209048 0.358434 0.034613 0.155895 0.673707
0 0.469887 0.95254 0.0433153 0.0949202 0.613269
0 0.364861 0.966944 0.043599 0.0656998 0.564848
0 0.428217 0.329607 0.0234737 0.126717 0.561448
0 0.630706 0.761595 0.055539 0.205863 0.494615
0 0.723107 0.804644 0.0542589 0.186219 0.461275
0 0.429228 0.963472 0.0422705 0.0730553 0.45792
0 0.767225 0.400456 0.0464603 0.149651 0.44368
0 0.562182 0.508447 0.0293454 0.166537 0.440478
0 0.614472 0.636195 0.0294323 0.152918 0.372147
0 0.548391 0.932653 0.0499935 0.128609 0.357838
0 0.511302 0.946223 0.0482862 0.107554 0.345072
0 0.920729 0.947013 0.0684435 0.102112 0.344781
0 0.436926 0.479084 0.0435711 0.156541 0.342134
0 0.471941 0.541384 0.0420123 0.190996 0.310564
0 0.389939 0.274061 0.0322919 0.115781 0.293683
0 0.620197 0.898043 0.0475198 0.12113 0.26881
0 0.662777 0.899209 0.0450137 0.1368 0.257358
