0 0.371598 0.638327 0.0875596 0.161248 0.814829
0 0.372042 0.43045 0.0321567 0.136542 0.775161
0 0.217772 0.495889 0.0393903 0.176204 0.774487
0 0.772328 0.685225 0.0641565 0.188003 0.765922
0 0.66412 0.522387 0.0475683 0.170599 0.751798
0 0.653923 0.746527 0.066498 0.189235 0.688145
0 0.215676 0.67063 0.0316342 0.21235 0.621264
0 0.0560799 0.503101 0.0442367 0.164463 0.603949
0 0.504997 0.667642 0.0418621 0.175825 0.587615
0 0.621486 0.965893 0.0388033 0.0682139 0.57556
0 0.902088 0.606793 0.0279713 0.173257 0.569341
0 0.531613 0.687068 0.0690212 0.133724 0.527571
0 0.428998 0.357379 0.0356198 0.140047 0.505435
0 0.607333 0.91607 0.0444843 0.162866 0.483922
0 0.705711 0.946869 0.0422575 0.100803 0.418626
0 0.561092 0.969552 0.034967 0.0608958 0.36826
0 0.68246 0.966977 0.0396635 0.0660463 0.286696
0 0.371598 0.638327 0.0875596 0.161248 0.814829
0 0.372042 0.43045 0.0321567 0.136542 0.775161
0 0.217772 0.495889 0.0393903 0.176204 0.774487
0 0.772328 0.685225 0.0641565 0.188003 0.765922
0 0.66412 0.522387 0.0475683 0.170599 0.751798
0 0.653923 0.746527 0.066498 0.189235 0.688145
0 0.215676 0.67063 0.0316342 0.21235 0.621264
0 0.0560799 0.503101 0.0442367 0.164463 0.603949
0 0.504997 0.667642 0.0418621 0.175825 0.587615
0 0.621486 0.965893 0.0388033 0.0682139 0.57556
0 0.902088 0.606793 0.0279713 0.173257 0.569341
0 0.531613 0.687068 0.0690212 0.133724 0.527571
0 0.428998 0.357379 0.0356198 0.140047 0.505435
0 0.607333 0.91607 0.0444843 0.162866 0.483922
0 0.705711 0.946869 0.0422575 0.100803 0.418626
0 0.561092 0.969552 0.034967 0.0608958 0.36826
0 0.68246 0.966977 0.0396635 0.0660463 0.286696
