0 0.365512 0.833382 0.0915667 0.191877 0.808153
0 0.678074 0.662415 0.0448839 0.20962 0.781854
0 0.491247 0.734322 0.0529982 0.182187 0.776181
0 0.615921 0.678653 0.0655996 0.226109 0.596435
0 0.781711 0.676332 0.0498112 0.154077 0.561043
0 0.936093 0.628795 0.0693554 0.102856 0.557762
0 0.0252719 0.955292 0.0500316 0.0878771 0.551312
0 0.742135 0.594057 0.0493661 0.181845 0.448954
0 0.60984 0.426469 0.0293133 0.148495 0.426034
0 0.700066 0.525342 0.0476269 0.16293 0.410884
0 0.125807 0.970321 0.0357384 0.0567173 0.303161
0 0.328234 0.509721 0.0271047 0.176194 0.293787
0 0.365512 0.833382 0.0915667 0.191877 0.808153
0 0.678074 0.662415 0.0448839 0.20962 0.781854
0 0.491247 0.734322 0.0529982 0.182187 0.776181
0 0.615921 0.678653 0.0655996 0.226109 0.596435
0 0.781711 0.676332 0.0498112 0.154077 0.561043
0 0.936093 0.628795 0.0693554 0.102856 0.557762
0 0.0252719 0.955292 0.0500316 0.0878771 0.551312
0 0.742135 0.594057 0.0493661 0.181845 0.448954
0 0.60984 0.426469 0.0293133 0.148495 0.426034
0 0.700066 0.525342 0.0476269 0.16293 0.410884
0 0.125807 0.970321 0.0357384 0.0567173 0.303161
0 0.328234 0.509721 0.0271047 0.176194 0.293787
