0 0.579963 0.61661 0.0511324 0.221231 0.751625
0 0.647393 0.691739 0.0460146 0.1837 0.661339
0 0.358299 0.490597 0.0310575 0.171362 0.652584
0 0.421895 0.716064 0.0619251 0.180283 0.560127
0 0.627015 0.957406 0.0428328 0.0840108 0.557858
0 0.63841 0.550468 0.0340143 0.188134 0.503306
0 0.453891 0.951699 0.0558496 0.096601 0.488703
0 0.510527 0.970742 0.0373235 0.0585152 0.446138
0 0.773474 0.625068 0.0804233 0.257476 0.442848
0 0.189673 0.758439 0.0703301 0.136211 0.411291
0 0.410049 0.948213 0.0413349 0.102395 0.403475
0 0.72347 0.968888 0.0371197 0.0622248 0.378942
0 0.729635 0.85791 0.0626368 0.142254 0.342915
0 0.672084 0.392011 0.0237543 0.143015 0.314071
0 0.371951 0.941338 0.0417581 0.11652 0.262902
0 0.579963 0.61661 0.0511324 0.221231 0.751625
0 0.647393 0.691739 0.0460146 0.1837 0.661339
0 0.358299 0.490597 0.0310575 0.171362 0.652584
0 0.421895 0.716064 0.0619251 0.180283 0.560127
0 0.627015 0.957406 0.0428328 0.0840108 0.557858
0 0.63841 0.550468 0.0340143 0.188134 0.503306
0 0.453891 0.951699 0.0558496 0.096601 0.488703
0 0.510527 0.970742 0.0373235 0.0585152 0.446138
0 0.773474 0.625068 0.0804233 0.257476 0.442848
0 0.189673 0.758439 0.0703301 0.136211 0.411291
0 0.410049 0.948213 0.0413349 0.102395 0.403475
0 0.72347 0.968888 0.0371197 0.0622248 0.378942
0 0.729635 0.85791 0.0626368 0.142254 0.342915
0 0.672084 0.392011 0.0237543 0.143015 0.314071
0 0.371951 0.941338 0.0417581 0.11652 0.262902
