0 0.338167 0.572882 0.274706 0.835986 0.901767
0 0.570913 0.568391 0.297456 0.841183 0.892379
0 0.0720483 0.467706 0.110641 0.260887 0.580814
0 0.828974 0.677902 0.127717 0.354304 0.57881
0 0.247117 0.331157 0.0970187 0.256269 0.506567
0 0.151671 0.648476 0.110997 0.359158 0.465195
0 0.905945 0.485999 0.116211 0.316458 0.45896
0 0.968631 0.712232 0.0622669 0.560766 0.436938
0 0.694258 0.304749 0.110175 0.260515 0.404986
0 0.243907 0.524758 0.0830091 0.367456 0.361494
0 0.727697 0.449284 0.0796352 0.233345 0.359114
0 0.0831126 0.661064 0.124989 0.338714 0.356447
0 0.0184793 0.698233 0.0369585 0.588016 0.33366
0 0.157098 0.320587 0.115955 0.284895 0.31139
0 0.803638 0.322552 0.118388 0.265929 0.273524
0 0.803595 0.488672 0.0993593 0.282989 0.271742
0 0.338167 0.572882 0.274706 0.835986 0.901767
0 0.570913 0.568391 0.297456 0.841183 0.892379
0 0.0720483 0.467706 0.110641 0.260887 0.580814
0 0.828974 0.677902 0.127717 0.354304 0.57881
0 0.247117 0.331157 0.0970187 0.256269 0.506567
0 0.151671 0.648476 0.110997 0.359158 0.465195
0 0.905945 0.485999 0.116211 0.316458 0.45896
0 0.968631 0.712232 0.0622669 0.560766 0.436938
0 0.694258 0.304749 0.110175 0.260515 0.404986
0 0.243907 0.524758 0.0830091 0.367456 0.361494
0 0.727697 0.449284 0.0796352 0.233345 0.359114
0 0.0831126 0.661064 0.124989 0.338714 0.356447
0 0.0184793 0.698233 0.0369585 0.588016 0.33366
0 0.157098 0.320587 0.115955 0.284895 0.31139
0 0.803638 0.322552 0.118388 0.265929 0.273524
0 0.803595 0.488672 0.0993593 0.282989 0.271742
