0 0.902238 0.900557 0.0513603 0.198885 0.808797
0 0.913055 0.554454 0.0321369 0.153494 0.727191
0 0.551038 0.485915 0.0416459 0.14053 0.704263
0 0.608716 0.553679 0.0458982 0.158924 0.667476
0 0.543611 0.940557 0.0532146 0.114252 0.657766
0 0.51591 0.697998 0.0348656 0.166145 0.638099
0 0.392938 0.630335 0.0303514 0.190084 0.606098
0 0.222121 0.519125 0.0361781 0.137281 0.59572
0 0.361223 0.760136 0.0263678 0.192726 0.565081
0 0.468908 0.609204 0.0626611 0.144451 0.562578
0 0.803959 0.462688 0.0350721 0.128066 0.436119
0 0.299756 0.940018 0.0546013 0.119271 0.392891
0 0.261712 0.937836 0.0435793 0.122061 0.371525
0 0.902238 0.900557 0.0513603 0.198885 0.808797
0 0.913055 0.554454 0.0321369 0.153494 0.727191
0 0.551038 0.485915 0.0416459 0.14053 0.704263
0 0.608716 0.553679 0.0458982 0.158924 0.667476
0 0.543611 0.940557 0.0532146 0.114252 0.657766
0 0.51591 0.697998 0.0348656 0.166145 0.638099
0 0.392938 0.630335 0.0303514 0.190084 0.606098
0 0.222121 0.519125 0.0361781 0.137281 0.59572
0 0.361223 0.760136 0.0263678 0.192726 0.565081
0 0.468908 0.609204 0.0626611 0.144451 0.562578
0 0.803959 0.462688 0.0350721 0.128066 0.436119
0 0.299756 0.940018 0.0546013 0.119271 0.392891
0 0.261712 0.937836 0.0435793 0.122061 0.371525
