0 0.272673 0.917026 0.129989 0.165948 0.862947
0 0.221065 0.359704 0.0387366 0.153233 0.729163
0 0.300163 0.586474 0.0449646 0.196595 0.622583
0 0.363711 0.96684 0.0442402 0.0663198 0.61946
0 0.353497 0.393707 0.0313213 0.163377 0.58187
0 0.237147 0.522249 0.0342325 0.152568 0.564046
0 0.776338 0.383178 0.0324125 0.165713 0.543813
0 0.434206 0.963109 0.0454278 0.0737818 0.527728
0 0.504477 0.474147 0.0365105 0.176497 0.526277
0 0.575583 0.503795 0.0421406 0.175768 0.49631
0 0.476047 0.951399 0.0427999 0.0972023 0.487131
0 0.718405 0.800717 0.0587172 0.176607 0.440169
0 0.4603 0.420161 0.0403877 0.108666 0.407246
0 0.622141 0.764828 0.0492909 0.195606 0.382648
0 0.463099 0.545761 0.0319729 0.204917 0.372308
0 0.625359 0.628984 0.0496089 0.15102 0.352369
0 0.417002 0.333653 0.0229618 0.133056 0.328808
0 0.55568 0.932806 0.0505236 0.130071 0.289007
0 0.671461 0.892315 0.0433176 0.124689 0.272927
0 0.272673 0.917026 0.129989 0.165948 0.862947
0 0.221065 0.359704 0.0387366 0.153233 0.729163
0 0.300163 0.586474 0.0449646 0.196595 0.622583
0 0.363711 0.96684 0.0442402 0.0663198 0.61946
0 0.353497 0.393707 0.0313213 0.163377 0.58187
0 0.237147 0.522249 0.0342325 0.152568 0.564046
0 0.776338 0.383178 0.0324125 0.165713 0.543813
0 0.434206 0.963109 0.0454278 0.0737818 0.527728
0 0.504477 0.474147 0.0365105 0.176497 0.526277
0 0.575583 0.503795 0.0421406 0.175768 0.49631
0 0.476047 0.951399 0.0427999 0.0972023 0.487131
0 0.718405 0.800717 0.0587172 0.176607 0.440169
0 0.4603 0.420161 0.0403877 0.108666 0.407246
0 0.622141 0.764828 0.0492909 0.195606 0.382648
0 0.463099 0.545761 0.0319729 0.204917 0.372308
0 0.625359 0.628984 0.0496089 0.15102 0.352369
0 0.417002 0.333653 0.0229618 0.133056 0.328808
0 0.55568 0.932806 0.0505236 0.130071 0.289007
0 0.671461 0.892315 0.0433176 0.124689 0.272927
