0 0.304105 0.566434 0.28029 0.848351 0.908386
0 0.81787 0.617048 0.296351 0.748979 0.897218
0 0.0825088 0.562933 0.164572 0.85484 0.894207
0 0.956888 0.312331 0.0856264 0.306439 0.619836
0 0.496639 0.675997 0.118757 0.356265 0.464044
0 0.618016 0.629357 0.118036 0.251746 0.456336
0 0.916042 0.455245 0.0939522 0.272857 0.416236
0 0.569062 0.478127 0.116844 0.30451 0.380186
0 0.675723 0.463438 0.109859 0.324136 0.325767
0 0.371678 0.284721 0.0828994 0.230234 0.320807
0 0.657723 0.303891 0.130223 0.315057 0.305816
0 0.170321 0.58526 0.0757347 0.505589 0.295412
0 0.0648101 0.188136 0.11502 0.322099 0.25054
0 0.304105 0.566434 0.28029 0.848351 0.908386
0 0.81787 0.617048 0.296351 0.748979 0.897218
0 0.0825088 0.562933 0.164572 0.85484 0.894207
0 0.956888 0.312331 0.0856264 0.306439 0.619836
0 0.496639 0.675997 0.118757 0.356265 0.464044
0 0.618016 0.629357 0.118036 0.251746 0.456336
0 0.916042 0.455245 0.0939522 0.272857 0.416236
0 0.569062 0.478127 0.116844 0.30451 0.380186
0 0.675723 0.463438 0.109859 0.324136 0.325767
0 0.371678 0.284721 0.0828994 0.230234 0.320807
0 0.657723 0.303891 0.130223 0.315057 0.305816
0 0.170321 0.58526 0.0757347 0.505589 0.295412
0 0.0648101 0.188136 0.11502 0.322099 0.25054
