0 0.288213 0.663377 0.0446148 0.183362 0.803562
0 0.95532 0.836094 0.0436909 0.172942 0.7761
0 0.535241 0.66081 0.0444974 0.166417 0.658105
0 0.479046 0.849113 0.0479397 0.214846 0.603087
0 0.587858 0.931909 0.0518753 0.133379 0.589419
0 0.697154 0.954561 0.047648 0.0908782 0.588311
0 0.692325 0.557235 0.0513069 0.157417 0.554963
0 0.750479 0.452931 0.0472103 0.118865 0.550685
0 0.317347 0.474305 0.0312555 0.138714 0.517107
0 0.467526 0.959648 0.0356964 0.0807036 0.51424
0 0.503574 0.927458 0.0378948 0.145084 0.491285
0 0.352575 0.925676 0.0510231 0.137568 0.456087
0 0.563877 0.402714 0.0291996 0.140788 0.44799
0 0.434368 0.947999 0.0453957 0.101218 0.304138
0 0.400102 0.936115 0.0335527 0.10412 0.294143
0 0.0275032 0.751772 0.0550064 0.188856 0.290525
30 0.954947 0.915283 0.0588299 0.0387277 0.268122
0 0.288213 0.663377 0.0446148 0.183362 0.803562
0 0.95532 0.836094 0.0436909 0.172942 0.7761
0 0.535241 0.66081 0.0444974 0.166417 0.658105
0 0.479046 0.849113 0.0479397 0.214846 0.603087
0 0.587858 0.931909 0.0518753 0.133379 0.589419
0 0.697154 0.954561 0.047648 0.0908782 0.588311
0 0.692325 0.557235 0.0513069 0.157417 0.554963
0 0.750479 0.452931 0.0472103 0.118865 0.550685
0 0.317347 0.474305 0.0312555 0.138714 0.517107
0 0.467526 0.959648 0.0356964 0.0807036 0.51424
0 0.503574 0.927458 0.0378948 0.145084 0.491285
0 0.352575 0.925676 0.0510231 0.137568 0.456087
0 0.563877 0.402714 0.0291996 0.140788 0.44799
0 0.434368 0.947999 0.0453957 0.101218 0.304138
0 0.400102 0.936115 0.0335527 0.10412 0.294143
0 0.0275032 0.751772 0.0550064 0.188856 0.290525
30 0.954947 0.915283 0.0588299 0.0387277 0.268122
