0 0.232193 0.932517 0.12778 0.131938 0.854806
0 0.313954 0.42166 0.0352398 0.161901 0.754511
0 0.403465 0.359807 0.0347133 0.137465 0.742747
0 0.142796 0.403509 0.039087 0.151955 0.739906
0 0.587968 0.628585 0.0542777 0.180221 0.555624
0 0.433998 0.595665 0.0567148 0.202453 0.518689
0 0.960439 0.51819 0.0276165 0.163252 0.46397
0 0.584292 0.782061 0.0742258 0.16392 0.44164
0 0.691995 0.822974 0.0544311 0.17584 0.388
0 0.432425 0.967272 0.0364889 0.0654553 0.38088
0 0.514228 0.947685 0.0455275 0.10463 0.371354
0 0.745338 0.436887 0.0575024 0.147219 0.36444
0 0.490106 0.519726 0.0338144 0.193061 0.363258
0 0.499306 0.611879 0.0580437 0.134086 0.339602
0 0.584785 0.925901 0.0468837 0.124717 0.282991
0 0.540449 0.494429 0.0334617 0.15132 0.277889
0 0.473291 0.95946 0.0453753 0.0806185 0.275456
0 0.232193 0.932517 0.12778 0.131938 0.854806
0 0.313954 0.42166 0.0352398 0.161901 0.754511
0 0.403465 0.359807 0.0347133 0.137465 0.742747
0 0.142796 0.403509 0.039087 0.151955 0.739906
0 0.587968 0.628585 0.0542777 0.180221 0.555624
0 0.433998 0.595665 0.0567148 0.202453 0.518689
0 0.960439 0.51819 0.0276165 0.163252 0.46397
0 0.584292 0.782061 0.0742258 0.16392 0.44164
0 0.691995 0.822974 0.0544311 0.17584 0.388
0 0.432425 0.967272 0.0364889 0.0654553 0.38088
0 0.514228 0.947685 0.0455275 0.10463 0.371354
0 0.745338 0.436887 0.0575024 0.147219 0.36444
0 0.490106 0.519726 0.0338144 0.193061 0.363258
0 0.499306 0.611879 0.0580437 0.134086 0.339602
0 0.584785 0.925901 0.0468837 0.124717 0.282991
0 0.540449 0.494429 0.0334617 0.15132 0.277889
0 0.473291 0.95946 0.0453753 0.0806185 0.275456
