0 0.881616 0.906174 0.0613201 0.187653 0.790151
0 0.507723 0.608219 0.0706079 0.152982 0.765776
0 0.884253 0.577554 0.0329971 0.143575 0.731942
0 0.237182 0.516111 0.0398958 0.143637 0.697629
0 0.606043 0.646541 0.0375642 0.167506 0.648995
0 0.423105 0.645576 0.0520225 0.174367 0.637671
0 0.576387 0.491241 0.0280121 0.130651 0.63466
0 0.621235 0.557142 0.0350603 0.156445 0.605167
0 0.541849 0.941631 0.0557672 0.116738 0.594129
0 0.505698 0.846713 0.0533953 0.184586 0.572069
0 0.481614 0.414037 0.0207069 0.126115 0.488773
0 0.270124 0.936794 0.0426501 0.126412 0.453324
0 0.39544 0.755426 0.0377972 0.194218 0.406469
0 0.380144 0.63997 0.0532686 0.168647 0.362339
0 0.391135 0.959137 0.0436465 0.0817264 0.348238
0 0.462444 0.97305 0.033243 0.0538996 0.345195
0 0.30768 0.939399 0.0565556 0.119462 0.329568
0 0.426975 0.972094 0.0352092 0.0558126 0.308321
0 0.797882 0.448959 0.0304539 0.107985 0.299624
0 0.355436 0.95429 0.035671 0.0914192 0.264018
0 0.881616 0.906174 0.0613201 0.187653 0.790151
0 0.507723 0.608219 0.0706079 0.152982 0.765776
0 0.884253 0.577554 0.0329971 0.143575 0.731942
0 0.237182 0.516111 0.0398958 0.143637 0.697629
0 0.606043 0.646541 0.0375642 0.167506 0.648995
0 0.423105 0.645576 0.0520225 0.174367 0.637671
0 0.576387 0.491241 0.0280121 0.130651 0.63466
0 0.621235 0.557142 0.0350603 0.156445 0.605167
0 0.541849 0.941631 0.0557672 0.116738 0.594129
0 0.505698 0.846713 0.0533953 0.184586 0.572069
0 0.481614 0.414037 0.0207069 0.126115 0.488773
0 0.270124 0.936794 0.0426501 0.126412 0.453324
0 0.39544 0.755426 0.0377972 0.194218 0.406469
0 0.380144 0.63997 0.0532686 0.168647 0.362339
0 0.391135 0.959137 0.0436465 0.0817264 0.348238
0 0.462444 0.97305 0.033243 0.0538996 0.345195
0 0.30768 0.939399 0.0565556 0.119462 0.329568
0 0.426975 0.972094 0.0352092 0.0558126 0.308321
0 0.797882 0.448959 0.0304539 0.107985 0.299624
0 0.355436 0.95429 0.035671 0.0914192 0.264018
