0 0.520673 0.737142 0.0658649 0.203541 0.667653
0 0.31846 0.395558 0.0644159 0.1327 0.625105
0 0.349369 0.619905 0.0575919 0.177518 0.584976
0 0.255217 0.444256 0.0469907 0.149198 0.572264
0 0.515345 0.553092 0.0365549 0.177816 0.558411
0 0.578868 0.944393 0.049659 0.111215 0.431417
0 0.625036 0.936376 0.0426855 0.123643 0.428712
0 0.414791 0.665775 0.0532485 0.176282 0.399101
0 0.687758 0.843243 0.0565804 0.186736 0.384098
0 0.13069 0.379167 0.0319457 0.161088 0.360475
0 0.279742 0.912962 0.0885513 0.166094 0.279609
0 0.765409 0.40844 0.0527725 0.17564 0.279475
0 0.478333 0.590182 0.0425097 0.129211 0.276741
0 0.404877 0.468544 0.0343176 0.116596 0.256505
0 0.520673 0.737142 0.0658649 0.203541 0.667653
0 0.31846 0.395558 0.0644159 0.1327 0.625105
0 0.349369 0.619905 0.0575919 0.177518 0.584976
0 0.255217 0.444256 0.0469907 0.149198 0.572264
0 0.515345 0.553092 0.0365549 0.177816 0.558411
0 0.578868 0.944393 0.049659 0.111215 0.431417
0 0.625036 0.936376 0.0426855 0.123643 0.428712
0 0.414791 0.665775 0.0532485 0.176282 0.399101
0 0.687758 0.843243 0.0565804 0.186736 0.384098
0 0.13069 0.379167 0.0319457 0.161088 0.360475
0 0.279742 0.912962 0.0885513 0.166094 0.279609
0 0.765409 0.40844 0.0527725 0.17564 0.279475
0 0.478333 0.590182 0.0425097 0.129211 0.276741
0 0.404877 0.468544 0.0343176 0.116596 0.256505
