0 0.494983 0.728722 0.0591005 0.188614 0.835705
0 0.375529 0.840451 0.0893945 0.18724 0.810769
0 0.685472 0.668513 0.0566296 0.192112 0.79051
0 0.608873 0.678064 0.0626349 0.242712 0.683288
0 0.795508 0.679479 0.0538553 0.152743 0.680555
0 0.753245 0.596779 0.0490615 0.191657 0.593874
0 0.0241674 0.956011 0.0479139 0.0866289 0.560127
0 0.710596 0.522462 0.0421089 0.168012 0.557344
0 0.952103 0.640049 0.0860184 0.114032 0.434237
0 0.609772 0.430532 0.029587 0.138687 0.391285
0 0.120824 0.970493 0.0436269 0.0587367 0.391126
0 0.494983 0.728722 0.0591005 0.188614 0.835705
0 0.375529 0.840451 0.0893945 0.18724 0.810769
0 0.685472 0.668513 0.0566296 0.192112 0.79051
0 0.608873 0.678064 0.0626349 0.242712 0.683288
0 0.795508 0.679479 0.0538553 0.152743 0.680555
0 0.753245 0.596779 0.0490615 0.191657 0.593874
0 0.0241674 0.956011 0.0479139 0.0866289 0.560127
0 0.710596 0.522462 0.0421089 0.168012 0.557344
0 0.952103 0.640049 0.0860184 0.114032 0.434237
0 0.609772 0.430532 0.029587 0.138687 0.391285
0 0.120824 0.970493 0.0436269 0.0587367 0.391126
