0 0.875162 0.919437 0.0341677 0.158966 0.772099
0 0.515365 0.918043 0.0642343 0.161315 0.720495
0 0.804787 0.472095 0.0373661 0.122486 0.687835
0 0.247903 0.957157 0.0386683 0.0856866 0.68555
0 0.264964 0.512688 0.0346267 0.180373 0.670607
0 0.598151 0.969393 0.0481738 0.0612139 0.661467
0 0.300694 0.962227 0.0368204 0.0755469 0.659488
0 0.494065 0.607531 0.0447193 0.174349 0.640833
0 0.208314 0.954762 0.0425866 0.090477 0.634414
0 0.337637 0.963661 0.0415236 0.0726771 0.570017
0 0.683885 0.681817 0.0398657 0.151243 0.562742
0 0.604596 0.648392 0.0573711 0.153694 0.516311
0 0.61276 0.528584 0.0361005 0.143822 0.515243
0 0.52199 0.425038 0.025203 0.121239 0.485991
0 0.658892 0.574335 0.0395782 0.166213 0.476623
0 0.493922 0.746549 0.0419265 0.182354 0.445693
0 0.461105 0.347065 0.0223225 0.121565 0.264135
0 0.875162 0.919437 0.0341677 0.158966 0.772099
0 0.515365 0.918043 0.0642343 0.161315 0.720495
0 0.804787 0.472095 0.0373661 0.122486 0.687835
0 0.247903 0.957157 0.0386683 0.0856866 0.68555
0 0.264964 0.512688 0.0346267 0.180373 0.670607
0 0.598151 0.969393 0.0481738 0.0612139 0.661467
0 0.300694 0.962227 0.0368204 0.0755469 0.659488
0 0.494065 0.607531 0.0447193 0.174349 0.640833
0 0.208314 0.954762 0.0425866 0.090477 0.634414
0 0.337637 0.963661 0.0415236 0.0726771 0.570017
0 0.683885 0.681817 0.0398657 0.151243 0.562742
0 0.604596 0.648392 0.0573711 0.153694 0.516311
0 0.61276 0.528584 0.0361005 0.143822 0.515243
0 0.52199 0.425038 0.025203 0.121239 0.485991
0 0.658892 0.574335 0.0395782 0.166213 0.476623
0 0.493922 0.746549 0.0419265 0.182354 0.445693
0 0.461105 0.347065 0.0223225 0.121565 0.264135
