0 0.829713 0.702375 0.0655682 0.167347 0.817245
0 0.920519 0.597034 0.029985 0.162026 0.745943
0 0.456615 0.603741 0.0547956 0.170335 0.721161
0 0.160459 0.448089 0.0366769 0.124402 0.680498
0 0.511939 0.654626 0.0337255 0.184548 0.669511
0 0.633882 0.954291 0.0480489 0.0914183 0.639282
0 0.582554 0.839484 0.0497334 0.202756 0.549013
0 0.585719 0.95766 0.0433756 0.0846793 0.542031
0 0.372275 0.577698 0.0558438 0.173931 0.515131
0 0.696139 0.95427 0.0429398 0.0893643 0.487053
0 0.42963 0.411602 0.0216606 0.130093 0.391696
0 0.696368 0.486871 0.0367304 0.160421 0.364645
0 0.536462 0.969271 0.0424849 0.0614583 0.355884
0 0.614547 0.89463 0.0643658 0.172052 0.316145
0 0.301851 0.582424 0.0548095 0.166286 0.26345
0 0.829713 0.702375 0.0655682 0.167347 0.817245
0 0.920519 0.597034 0.029985 0.162026 0.745943
0 0.456615 0.603741 0.0547956 0.170335 0.721161
0 0.160459 0.448089 0.0366769 0.124402 0.680498
0 0.511939 0.654626 0.0337255 0.184548 0.669511
0 0.633882 0.954291 0.0480489 0.0914183 0.639282
0 0.582554 0.839484 0.0497334 0.202756 0.549013
0 0.585719 0.95766 0.0433756 0.0846793 0.542031
0 0.372275 0.577698 0.0558438 0.173931 0.515131
0 0.696139 0.95427 0.0429398 0.0893643 0.487053
0 0.42963 0.411602 0.0216606 0.130093 0.391696
0 0.696368 0.486871 0.0367304 0.160421 0.364645
0 0.536462 0.969271 0.0424849 0.0614583 0.355884
0 0.614547 0.89463 0.0643658 0.172052 0.316145
0 0.301851 0.582424 0.0548095 0.166286 0.26345
