0 0.612891 0.570626 0.422522 0.833925 0.924462
0 0.381526 0.780027 0.265264 0.429265 0.801844
0 0.200895 0.826034 0.130715 0.340205 0.605102
0 0.244889 0.634619 0.136296 0.361298 0.538177
0 0.881132 0.242657 0.138392 0.335402 0.462569
0 0.284077 0.468183 0.122163 0.339814 0.410243
0 0.868854 0.395962 0.107602 0.266429 0.406696
0 0.949026 0.580281 0.101052 0.260014 0.398813
0 0.0884438 0.671236 0.16132 0.316967 0.355504
0 0.612891 0.570626 0.422522 0.833925 0.924462
0 0.381526 0.780027 0.265264 0.429265 0.801844
0 0.200895 0.826034 0.130715 0.340205 0.605102
0 0.244889 0.634619 0.136296 0.361298 0.538177
0 0.881132 0.242657 0.138392 0.335402 0.462569
0 0.284077 0.468183 0.122163 0.339814 0.410243
0 0.868854 0.395962 0.107602 0.266429 0.406696
0 0.949026 0.580281 0.101052 0.260014 0.398813
0 0.0884438 0.671236 0.16132 0.316967 0.355504
