0 0.553198 0.413213 0.0352295 0.132221 0.767208
0 0.821766 0.675805 0.0536132 0.196828 0.754556
0 0.607047 0.96106 0.0422991 0.07788 0.694198
0 0.429426 0.959202 0.0465299 0.0815962 0.684404
0 0.650492 0.956131 0.0342544 0.0877386 0.675646
0 0.358632 0.458404 0.0447241 0.170278 0.657
0 0.384648 0.954976 0.042065 0.0900479 0.653984
0 0.913211 0.616756 0.0622398 0.196245 0.651569
0 0.655428 0.384534 0.0292253 0.132691 0.60869
0 0.650565 0.552869 0.0615742 0.195936 0.594886
0 0.307049 0.94101 0.0520309 0.117974 0.542932
0 0.910218 0.808515 0.0567282 0.147528 0.464937
0 0.340209 0.947297 0.0503415 0.105405 0.401352
0 0.586546 0.693833 0.0511897 0.214105 0.345338
0 0.529527 0.88634 0.0453753 0.17329 0.330199
0 0.487155 0.977363 0.031709 0.045275 0.29595
0 0.921511 0.416594 0.0352093 0.154308 0.286717
0 0.553198 0.413213 0.0352295 0.132221 0.767208
0 0.821766 0.675805 0.0536132 0.196828 0.754556
0 0.607047 0.96106 0.0422991 0.07788 0.694198
0 0.429426 0.959202 0.0465299 0.0815962 0.684404
0 0.650492 0.956131 0.0342544 0.0877386 0.675646
0 0.358632 0.458404 0.0447241 0.170278 0.657
0 0.384648 0.954976 0.042065 0.0900479 0.653984
0 0.913211 0.616756 0.0622398 0.196245 0.651569
0 0.655428 0.384534 0.0292253 0.132691 0.60869
0 0.650565 0.552869 0.0615742 0.195936 0.594886
0 0.307049 0.94101 0.0520309 0.117974 0.542932
0 0.910218 0.808515 0.0567282 0.147528 0.464937
0 0.340209 0.947297 0.0503415 0.105405 0.401352
0 0.586546 0.693833 0.0511897 0.214105 0.345338
0 0.529527 0.88634 0.0453753 0.17329 0.330199
0 0.487155 0.977363 0.031709 0.045275 0.29595
0 0.921511 0.416594 0.0352093 0.154308 0.286717
