0 0.274207 0.47853 0.0436746 0.161502 0.771384
0 0.164346 0.462783 0.038782 0.146669 0.769078
0 0.406517 0.416214 0.0320568 0.135565 0.704803
0 0.326753 0.598126 0.0433562 0.179234 0.687458
0 0.433171 0.613714 0.0404243 0.186863 0.675664
0 0.3784 0.584016 0.0600569 0.163484 0.662214
0 0.908213 0.59804 0.0285244 0.164317 0.653067
0 0.7596 0.692515 0.0424434 0.169819 0.593758
0 0.623486 0.956113 0.0419339 0.0877733 0.555241
0 0.573262 0.959855 0.0398441 0.08029 0.551103
0 0.474946 0.627721 0.0493132 0.173378 0.52701
0 0.541487 0.662147 0.0468279 0.149571 0.514346
0 0.591832 0.793394 0.0665735 0.198131 0.465967
0 0.5231 0.971749 0.0406681 0.0565025 0.402712
0 0.611832 0.883862 0.0649113 0.140177 0.375344
0 0.687157 0.955356 0.0396994 0.0887544 0.371401
0 0.694256 0.493598 0.0327166 0.136937 0.366242
0 0.274207 0.47853 0.0436746 0.161502 0.771384
0 0.164346 0.462783 0.038782 0.146669 0.769078
0 0.406517 0.416214 0.0320568 0.135565 0.704803
0 0.326753 0.598126 0.0433562 0.179234 0.687458
0 0.433171 0.613714 0.0404243 0.186863 0.675664
0 0.3784 0.584016 0.0600569 0.163484 0.662214
0 0.908213 0.59804 0.0285244 0.164317 0.653067
0 0.7596 0.692515 0.0424434 0.169819 0.593758
0 0.623486 0.956113 0.0419339 0.0877733 0.555241
0 0.573262 0.959855 0.0398441 0.08029 0.551103
0 0.474946 0.627721 0.0493132 0.173378 0.52701
0 0.541487 0.662147 0.0468279 0.149571 0.514346
0 0.591832 0.793394 0.0665735 0.198131 0.465967
0 0.5231 0.971749 0.0406681 0.0565025 0.402712
0 0.611832 0.883862 0.0649113 0.140177 0.375344
0 0.687157 0.955356 0.0396994 0.0887544 0.371401
0 0.694256 0.493598 0.0327166 0.136937 0.366242
