0 0.600684 0.622918 0.414558 0.736806 0.932557
0 0.888419 0.787432 0.222342 0.412779 0.882327
0 0.425213 0.60353 0.102086 0.491244 0.583683
0 0.460792 0.348796 0.0893197 0.281033 0.531503
0 0.899535 0.348778 0.08708 0.241973 0.312109
0 0.872937 0.501725 0.108938 0.255578 0.281566
0 0.138718 0.291382 0.0808747 0.250767 0.265543
0 0.0960909 0.364927 0.059647 0.113178 0.255562
0 0.600684 0.622918 0.414558 0.736806 0.932557
0 0.888419 0.787432 0.222342 0.412779 0.882327
0 0.425213 0.60353 0.102086 0.491244 0.583683
0 0.460792 0.348796 0.0893197 0.281033 0.531503
0 0.899535 0.348778 0.08708 0.241973 0.312109
0 0.872937 0.501725 0.108938 0.255578 0.281566
0 0.138718 0.291382 0.0808747 0.250767 0.265543
0 0.0960909 0.364927 0.059647 0.113178 0.255562
