0 0.40783 0.711581 0.0396343 0.179075 0.808274
0 0.221673 0.475364 0.046173 0.133284 0.630247
0 0.162782 0.485334 0.0406935 0.172728 0.621483
0 0.666969 0.677439 0.0826244 0.256114 0.550154
0 0.538058 0.697906 0.0736303 0.148253 0.469915
0 0.597837 0.678537 0.0331455 0.168454 0.342933
0 0.617232 0.919185 0.0424371 0.154739 0.323836
0 0.757595 0.657975 0.0461558 0.162102 0.312172
0 0.857395 0.933327 0.0513973 0.133347 0.309238
0 0.40783 0.711581 0.0396343 0.179075 0.808274
0 0.221673 0.475364 0.046173 0.133284 0.630247
0 0.162782 0.485334 0.0406935 0.172728 0.621483
0 0.666969 0.677439 0.0826244 0.256114 0.550154
0 0.538058 0.697906 0.0736303 0.148253 0.469915
0 0.597837 0.678537 0.0331455 0.168454 0.342933
0 0.617232 0.919185 0.0424371 0.154739 0.323836
0 0.757595 0.657975 0.0461558 0.162102 0.312172
0 0.857395 0.933327 0.0513973 0.133347 0.309238
