0 0.415616 0.821234 0.097867 0.233527 0.803878
0 0.0298984 0.4091 0.0597922 0.159016 0.783399
0 0.504139 0.571706 0.064045 0.168358 0.737564
0 0.77266 0.370142 0.0302118 0.161137 0.701549
0 0.650464 0.940823 0.0448347 0.118355 0.695619
0 0.607458 0.950666 0.0461483 0.0986682 0.581365
0 0.0213684 0.956719 0.0365456 0.0856049 0.54423
0 0.227359 0.971511 0.0727952 0.0563388 0.534772
0 0.908971 0.563593 0.0360302 0.152803 0.534323
0 0.28155 0.681748 0.0437915 0.173516 0.456067
38 0.469248 0.574565 0.0339262 0.037848 0.451175
0 0.20474 0.436707 0.0553024 0.145781 0.450027
0 0.743877 0.929587 0.0449352 0.130045 0.327676
0 0.695302 0.936817 0.0475025 0.126182 0.319327
0 0.23793 0.382931 0.0316928 0.135512 0.290214
0 0.714874 0.85984 0.05923 0.208868 0.284144
0 0.307467 0.481916 0.0472947 0.138439 0.2807
0 0.525787 0.965706 0.036566 0.0680339 0.278926
0 0.560098 0.95652 0.0436491 0.086918 0.26149
0 0.329765 0.650149 0.0364542 0.126195 0.25657
0 0.415616 0.821234 0.097867 0.233527 0.803878
0 0.0298984 0.4091 0.0597922 0.159016 0.783399
0 0.504139 0.571706 0.064045 0.168358 0.737564
0 0.77266 0.370142 0.0302118 0.161137 0.701549
0 0.650464 0.940823 0.0448347 0.118355 0.695619
0 0.607458 0.950666 0.0461483 0.0986682 0.581365
0 0.0213684 0.956719 0.0365456 0.0856049 0.54423
0 0.227359 0.971511 0.0727952 0.0563388 0.534772
0 0.908971 0.563593 0.0360302 0.152803 0.534323
0 0.28155 0.681748 0.0437915 0.173516 0.456067
38 0.469248 0.574565 0.0339262 0.037848 0.451175
0 0.20474 0.436707 0.0553024 0.145781 0.450027
0 0.743877 0.929587 0.0449352 0.130045 0.327676
0 0.695302 0.936817 0.0475025 0.126182 0.319327
0 0.23793 0.382931 0.0316928 0.135512 0.290214
0 0.714874 0.85984 0.05923 0.208868 0.284144
0 0.307467 0.481916 0.0472947 0.138439 0.2807
0 0.525787 0.965706 0.036566 0.0680339 0.278926
0 0.560098 0.95652 0.0436491 0.086918 0.26149
0 0.329765 0.650149 0.0364542 0.126195 0.25657
