0 0.888605 0.584024 0.191274 0.812595 0.906661
0 0.423029 0.589136 0.193534 0.805178 0.901478
0 0.617311 0.554315 0.188973 0.875052 0.892013
0 0.0678372 0.581889 0.135674 0.834574 0.866879
0 0.837463 0.277365 0.0859112 0.219992 0.602656
0 0.286168 0.51244 0.0882566 0.261189 0.460127
0 0.237448 0.371965 0.074877 0.26275 0.427597
0 0.767776 0.177914 0.0940481 0.276549 0.426517
0 0.37618 0.315219 0.0697606 0.139808 0.335058
56 0.781445 0.471322 0.0634759 0.150768 0.270968
56 0.320065 0.251787 0.0734551 0.109561 0.258748
0 0.51089 0.176434 0.0936501 0.257307 0.256646
0 0.888605 0.584024 0.191274 0.812595 0.906661
0 0.423029 0.589136 0.193534 0.805178 0.901478
0 0.617311 0.554315 0.188973 0.875052 0.892013
0 0.0678372 0.581889 0.135674 0.834574 0.866879
0 0.837463 0.277365 0.0859112 0.219992 0.602656
0 0.286168 0.51244 0.0882566 0.261189 0.460127
0 0.237448 0.371965 0.074877 0.26275 0.427597
0 0.767776 0.177914 0.0940481 0.276549 0.426517
0 0.37618 0.315219 0.0697606 0.139808 0.335058
56 0.781445 0.471322 0.0634759 0.150768 0.270968
56 0.320065 0.251787 0.0734551 0.109561 0.258748
0 0.51089 0.176434 0.0936501 0.257307 0.256646
