0 0.937652 0.843233 0.0347963 0.185055 0.856157
0 0.310427 0.677324 0.0488541 0.19233 0.775952
0 0.617648 0.944266 0.0495861 0.111468 0.735642
0 0.774003 0.492103 0.0341721 0.150609 0.698445
0 0.729015 0.966633 0.0433313 0.066734 0.687693
0 0.567967 0.405771 0.0301872 0.141897 0.668656
0 0.558698 0.667777 0.0349777 0.158899 0.643252
0 0.475811 0.84729 0.0475241 0.197715 0.600499
0 0.330867 0.473356 0.0293036 0.147465 0.582118
0 0.522826 0.93432 0.0422102 0.12958 0.550479
0 0.367977 0.937075 0.0568413 0.125851 0.46654
0 0.417788 0.951432 0.0373463 0.0971359 0.428346
0 0.663549 0.580858 0.0706028 0.202452 0.372047
0 0.489566 0.969732 0.0365731 0.0605356 0.36918
0 0.326552 0.931568 0.0445178 0.131751 0.264778
0 0.937652 0.843233 0.0347963 0.185055 0.856157
0 0.310427 0.677324 0.0488541 0.19233 0.775952
0 0.617648 0.944266 0.0495861 0.111468 0.735642
0 0.774003 0.492103 0.0341721 0.150609 0.698445
0 0.729015 0.966633 0.0433313 0.066734 0.687693
0 0.567967 0.405771 0.0301872 0.141897 0.668656
0 0.558698 0.667777 0.0349777 0.158899 0.643252
0 0.475811 0.84729 0.0475241 0.197715 0.600499
0 0.330867 0.473356 0.0293036 0.147465 0.582118
0 0.522826 0.93432 0.0422102 0.12958 0.550479
0 0.367977 0.937075 0.0568413 0.125851 0.46654
0 0.417788 0.951432 0.0373463 0.0971359 0.428346
0 0.663549 0.580858 0.0706028 0.202452 0.372047
0 0.489566 0.969732 0.0365731 0.0605356 0.36918
0 0.326552 0.931568 0.0445178 0.131751 0.264778
