0 0.591922 0.621974 0.419265 0.735177 0.915909
0 0.684476 0.473074 0.108188 0.2306 0.532721
0 0.876792 0.829081 0.125541 0.331482 0.524912
0 0.0616269 0.657419 0.121888 0.332206 0.428876
0 0.0952575 0.46024 0.12421 0.307221 0.41343
0 0.288132 0.632718 0.131365 0.281551 0.409094
0 0.627559 0.312883 0.0852495 0.279125 0.34143
0 0.263882 0.769755 0.149574 0.217827 0.288845
0 0.333679 0.48244 0.123589 0.312038 0.280856
0 0.920033 0.681218 0.0960548 0.289707 0.250132
0 0.591922 0.621974 0.419265 0.735177 0.915909
0 0.684476 0.473074 0.108188 0.2306 0.532721
0 0.876792 0.829081 0.125541 0.331482 0.524912
0 0.0616269 0.657419 0.121888 0.332206 0.428876
0 0.0952575 0.46024 0.12421 0.307221 0.41343
0 0.288132 0.632718 0.131365 0.281551 0.409094
0 0.627559 0.312883 0.0852495 0.279125 0.34143
0 0.263882 0.769755 0.149574 0.217827 0.288845
0 0.333679 0.48244 0.123589 0.312038 0.280856
0 0.920033 0.681218 0.0960548 0.289707 0.250132
