0 0.311217 0.679046 0.0486072 0.187841 0.809052
0 0.932628 0.846904 0.0448818 0.189646 0.784668
0 0.617657 0.945519 0.0474487 0.108962 0.729547
0 0.776087 0.499899 0.0338465 0.13796 0.65835
0 0.567534 0.407474 0.0344254 0.13842 0.645929
0 0.731934 0.967903 0.0442776 0.0641945 0.626493
0 0.560657 0.666808 0.0381348 0.15682 0.619774
0 0.475048 0.844157 0.0481778 0.189957 0.606055
0 0.333821 0.473879 0.029702 0.149847 0.603402
0 0.524377 0.935182 0.0426714 0.126751 0.528301
0 0.369899 0.937551 0.0566471 0.124898 0.514602
0 0.654748 0.588523 0.0803008 0.183288 0.512906
0 0.419363 0.952751 0.0379114 0.0944973 0.369152
0 0.492045 0.970877 0.0347262 0.0582452 0.358437
0 0.457903 0.958203 0.0421669 0.0835941 0.284136
0 0.311217 0.679046 0.0486072 0.187841 0.809052
0 0.932628 0.846904 0.0448818 0.189646 0.784668
0 0.617657 0.945519 0.0474487 0.108962 0.729547
0 0.776087 0.499899 0.0338465 0.13796 0.65835
0 0.567534 0.407474 0.0344254 0.13842 0.645929
0 0.731934 0.967903 0.0442776 0.0641945 0.626493
0 0.560657 0.666808 0.0381348 0.15682 0.619774
0 0.475048 0.844157 0.0481778 0.189957 0.606055
0 0.333821 0.473879 0.029702 0.149847 0.603402
0 0.524377 0.935182 0.0426714 0.126751 0.528301
0 0.369899 0.937551 0.0566471 0.124898 0.514602
0 0.654748 0.588523 0.0803008 0.183288 0.512906
0 0.419363 0.952751 0.0379114 0.0944973 0.369152
0 0.492045 0.970877 0.0347262 0.0582452 0.358437
0 0.457903 0.958203 0.0421669 0.0835941 0.284136
