0 0.647715 0.551483 0.243386 0.881115 0.88422
0 0.933288 0.578388 0.132359 0.435298 0.777085
0 0.739551 0.358058 0.109126 0.342632 0.397398
0 0.3061 0.636123 0.0944215 0.308831 0.376119
0 0.132817 0.367276 0.1441 0.269339 0.352807
0 0.199212 0.584631 0.0817962 0.176025 0.283312
0 0.647715 0.551483 0.243386 0.881115 0.88422
0 0.933288 0.578388 0.132359 0.435298 0.777085
0 0.739551 0.358058 0.109126 0.342632 0.397398
0 0.3061 0.636123 0.0944215 0.308831 0.376119
0 0.132817 0.367276 0.1441 0.269339 0.352807
0 0.199212 0.584631 0.0817962 0.176025 0.283312
