0 0.137116 0.564673 0.274139 0.850253 0.897065
0 0.457378 0.621589 0.119504 0.237136 0.695286
0 0.914018 0.630489 0.139346 0.218027 0.678296
0 0.677596 0.490265 0.241047 0.495137 0.660397
0 0.33294 0.618375 0.122327 0.246966 0.625443
0 0.408427 0.472838 0.115538 0.296301 0.563067
0 0.80342 0.310156 0.11293 0.306434 0.536329
0 0.515016 0.459085 0.104521 0.315766 0.446237
0 0.203969 0.281953 0.0913354 0.237349 0.431173
0 0.832461 0.521144 0.0881178 0.23279 0.396697
0 0.496779 0.297755 0.127993 0.299621 0.339271
0 0.938606 0.488386 0.12175 0.32046 0.331036
0 0.874702 0.214526 0.103592 0.37975 0.291061
0 0.308916 0.484717 0.093234 0.27121 0.288964
0 0.137116 0.564673 0.274139 0.850253 0.897065
0 0.457378 0.621589 0.119504 0.237136 0.695286
0 0.914018 0.630489 0.139346 0.218027 0.678296
0 0.677596 0.490265 0.241047 0.495137 0.660397
0 0.33294 0.618375 0.122327 0.246966 0.625443
0 0.408427 0.472838 0.115538 0.296301 0.563067
0 0.80342 0.310156 0.11293 0.306434 0.536329
0 0.515016 0.459085 0.104521 0.315766 0.446237
0 0.203969 0.281953 0.0913354 0.237349 0.431173
0 0.832461 0.521144 0.0881178 0.23279 0.396697
0 0.496779 0.297755 0.127993 0.299621 0.339271
0 0.938606 0.488386 0.12175 0.32046 0.331036
0 0.874702 0.214526 0.103592 0.37975 0.291061
0 0.308916 0.484717 0.093234 0.27121 0.288964
