0 0.782199 0.517501 0.033575 0.134171 0.784247
0 0.928577 0.851452 0.0504934 0.198061 0.747972
0 0.571648 0.67576 0.0485602 0.151693 0.73597
0 0.322609 0.687422 0.0557718 0.189536 0.731113
0 0.632653 0.949978 0.0562803 0.100043 0.682408
0 0.573645 0.404164 0.0236374 0.13649 0.634339
0 0.483116 0.846764 0.0489056 0.190595 0.624456
0 0.339638 0.475892 0.032949 0.156984 0.587901
0 0.746427 0.972366 0.0380449 0.0552685 0.564478
0 0.536291 0.938387 0.043989 0.123227 0.503893
0 0.623319 0.365681 0.0321291 0.118367 0.404825
0 0.620839 0.588313 0.0597691 0.181238 0.391329
0 0.377027 0.93913 0.0525881 0.118719 0.32244
0 0.467195 0.962356 0.0426462 0.0752872 0.321147
0 0.782199 0.517501 0.033575 0.134171 0.784247
0 0.928577 0.851452 0.0504934 0.198061 0.747972
0 0.571648 0.67576 0.0485602 0.151693 0.73597
0 0.322609 0.687422 0.0557718 0.189536 0.731113
0 0.632653 0.949978 0.0562803 0.100043 0.682408
0 0.573645 0.404164 0.0236374 0.13649 0.634339
0 0.483116 0.846764 0.0489056 0.190595 0.624456
0 0.339638 0.475892 0.032949 0.156984 0.587901
0 0.746427 0.972366 0.0380449 0.0552685 0.564478
0 0.536291 0.938387 0.043989 0.123227 0.503893
0 0.623319 0.365681 0.0321291 0.118367 0.404825
0 0.620839 0.588313 0.0597691 0.181238 0.391329
0 0.377027 0.93913 0.0525881 0.118719 0.32244
0 0.467195 0.962356 0.0426462 0.0752872 0.321147
