0 0.655629 0.700095 0.0525459 0.182525 0.760275
0 0.437969 0.714855 0.0894142 0.180791 0.708767
0 0.359693 0.487823 0.0332288 0.172559 0.686074
0 0.579015 0.625532 0.0584248 0.213851 0.683107
0 0.738892 0.878676 0.0923691 0.19535 0.679462
0 0.627495 0.958735 0.0422304 0.0823425 0.591723
0 0.454529 0.95206 0.054917 0.0958793 0.552692
0 0.638693 0.550809 0.0327093 0.183507 0.541606
0 0.205633 0.782756 0.0878259 0.166616 0.463036
0 0.511915 0.971202 0.0369452 0.0575951 0.441576
0 0.41088 0.948069 0.0417249 0.102529 0.377366
0 0.780376 0.694961 0.0857971 0.133672 0.364834
0 0.672995 0.39052 0.022775 0.144449 0.364696
0 0.777768 0.571525 0.0411127 0.169459 0.289046
0 0.372199 0.94068 0.0426212 0.116555 0.251428
0 0.655629 0.700095 0.0525459 0.182525 0.760275
0 0.437969 0.714855 0.0894142 0.180791 0.708767
0 0.359693 0.487823 0.0332288 0.172559 0.686074
0 0.579015 0.625532 0.0584248 0.213851 0.683107
0 0.738892 0.878676 0.0923691 0.19535 0.679462
0 0.627495 0.958735 0.0422304 0.0823425 0.591723
0 0.454529 0.95206 0.054917 0.0958793 0.552692
0 0.638693 0.550809 0.0327093 0.183507 0.541606
0 0.205633 0.782756 0.0878259 0.166616 0.463036
0 0.511915 0.971202 0.0369452 0.0575951 0.441576
0 0.41088 0.948069 0.0417249 0.102529 0.377366
0 0.780376 0.694961 0.0857971 0.133672 0.364834
0 0.672995 0.39052 0.022775 0.144449 0.364696
0 0.777768 0.571525 0.0411127 0.169459 0.289046
0 0.372199 0.94068 0.0426212 0.116555 0.251428
