0 0.620995 0.94193 0.0629175 0.11614 0.829587
0 0.936728 0.845635 0.0524296 0.184969 0.747698
0 0.554407 0.660878 0.0352451 0.158133 0.734696
0 0.308065 0.676244 0.0534954 0.186345 0.704195
0 0.772407 0.475397 0.0317306 0.139974 0.689896
0 0.327537 0.478446 0.0348429 0.144443 0.646686
0 0.477777 0.84622 0.0478997 0.196639 0.624431
0 0.722673 0.963438 0.046447 0.0731234 0.616746
0 0.519104 0.932659 0.0402111 0.134683 0.552435
0 0.56914 0.407276 0.0231602 0.136821 0.521492
0 0.366846 0.933454 0.054901 0.133092 0.515618
0 0.415806 0.948283 0.0384665 0.0990933 0.466904
0 0.487191 0.966528 0.0379145 0.0669439 0.450373
30 0.936153 0.924586 0.0541061 0.0363025 0.336797
0 0.678679 0.608825 0.0401594 0.136283 0.326379
0 0.634236 0.503509 0.0364834 0.119392 0.267875
0 0.620995 0.94193 0.0629175 0.11614 0.829587
0 0.936728 0.845635 0.0524296 0.184969 0.747698
0 0.554407 0.660878 0.0352451 0.158133 0.734696
0 0.308065 0.676244 0.0534954 0.186345 0.704195
0 0.772407 0.475397 0.0317306 0.139974 0.689896
0 0.327537 0.478446 0.0348429 0.144443 0.646686
0 0.477777 0.84622 0.0478997 0.196639 0.624431
0 0.722673 0.963438 0.046447 0.0731234 0.616746
0 0.519104 0.932659 0.0402111 0.134683 0.552435
0 0.56914 0.407276 0.0231602 0.136821 0.521492
0 0.366846 0.933454 0.054901 0.133092 0.515618
0 0.415806 0.948283 0.0384665 0.0990933 0.466904
0 0.487191 0.966528 0.0379145 0.0669439 0.450373
30 0.936153 0.924586 0.0541061 0.0363025 0.336797
0 0.678679 0.608825 0.0401594 0.136283 0.326379
0 0.634236 0.503509 0.0364834 0.119392 0.267875
