0 0.262226 0.922358 0.126372 0.155284 0.88235
0 0.197833 0.364536 0.0322492 0.152414 0.776497
0 0.104341 0.522812 0.0394709 0.157785 0.753612
0 0.340915 0.395667 0.0350241 0.167628 0.718168
0 0.357526 0.968545 0.0426195 0.0629103 0.651808
0 0.55148 0.52513 0.0429304 0.178724 0.598245
0 0.604091 0.629167 0.0286028 0.160942 0.569014
0 0.419195 0.591292 0.100762 0.171333 0.557286
0 0.487058 0.544414 0.0363718 0.18478 0.554017
0 0.988256 0.501823 0.0229473 0.173073 0.54493
0 0.424589 0.332038 0.0281185 0.131934 0.539255
0 0.456695 0.529008 0.0361519 0.164853 0.477504
0 0.423405 0.966174 0.0435823 0.0676527 0.469477
0 0.628431 0.753812 0.0551994 0.198118 0.45934
0 0.462774 0.955651 0.0401325 0.0886989 0.446223
0 0.439454 0.492297 0.0362917 0.158175 0.374001
0 0.54332 0.934643 0.0493412 0.123188 0.368042
0 0.718463 0.804199 0.0542803 0.180524 0.29341
0 0.918608 0.948735 0.0799414 0.0995341 0.288477
0 0.61304 0.900353 0.0463785 0.112905 0.281555
0 0.504311 0.948494 0.0455386 0.103013 0.277196
0 0.386087 0.279598 0.0390285 0.113329 0.273966
0 0.656656 0.89514 0.0410816 0.124657 0.27247
0 0.262226 0.922358 0.126372 0.155284 0.88235
0 0.197833 0.364536 0.0322492 0.152414 0.776497
0 0.104341 0.522812 0.0394709 0.157785 0.753612
0 0.340915 0.395667 0.0350241 0.167628 0.718168
0 0.357526 0.968545 0.0426195 0.0629103 0.651808
0 0.55148 0.52513 0.0429304 0.178724 0.598245
0 0.604091 0.629167 0.0286028 0.160942 0.569014
0 0.419195 0.591292 0.100762 0.171333 0.557286
0 0.487058 0.544414 0.0363718 0.18478 0.554017
0 0.988256 0.501823 0.0229473 0.173073 0.54493
0 0.424589 0.332038 0.0281185 0.131934 0.539255
0 0.456695 0.529008 0.0361519 0.164853 0.477504
0 0.423405 0.966174 0.0435823 0.0676527 0.469477
0 0.628431 0.753812 0.0551994 0.198118 0.45934
0 0.462774 0.955651 0.0401325 0.0886989 0.446223
0 0.439454 0.492297 0.0362917 0.158175 0.374001
0 0.54332 0.934643 0.0493412 0.123188 0.368042
0 0.718463 0.804199 0.0542803 0.180524 0.29341
0 0.918608 0.948735 0.0799414 0.0995341 0.288477
0 0.61304 0.900353 0.0463785 0.112905 0.281555
0 0.504311 0.948494 0.0455386 0.103013 0.277196
0 0.386087 0.279598 0.0390285 0.113329 0.273966
0 0.656656 0.89514 0.0410816 0.124657 0.27247
