0 0.857682 0.576592 0.0510851 0.118663 0.785878
0 0.477317 0.744047 0.0472175 0.198469 0.784357
0 0.572704 0.682131 0.0536774 0.215994 0.738934
0 0.615474 0.685944 0.0478052 0.199596 0.687233
0 0.367542 0.800252 0.0461673 0.240899 0.612297
0 0.25972 0.969494 0.0362197 0.0610113 0.551931
0 0.337089 0.543367 0.0718356 0.176708 0.549971
0 0.925796 0.956308 0.040736 0.0873833 0.515487
0 0.683193 0.631184 0.0517479 0.250069 0.496697
0 0.131799 0.965642 0.0369221 0.0684436 0.395223
0 0.649688 0.504071 0.0347374 0.145878 0.389286
0 0.302219 0.973696 0.0308535 0.0526074 0.384308
0 0.0271118 0.517627 0.0539744 0.125904 0.262637
0 0.593159 0.431984 0.0301876 0.15288 0.256135
0 0.042125 0.965141 0.0377719 0.0674184 0.255117
0 0.857682 0.576592 0.0510851 0.118663 0.785878
0 0.477317 0.744047 0.0472175 0.198469 0.784357
0 0.572704 0.682131 0.0536774 0.215994 0.738934
0 0.615474 0.685944 0.0478052 0.199596 0.687233
0 0.367542 0.800252 0.0461673 0.240899 0.612297
0 0.25972 0.969494 0.0362197 0.0610113 0.551931
0 0.337089 0.543367 0.0718356 0.176708 0.549971
0 0.925796 0.956308 0.040736 0.0873833 0.515487
0 0.683193 0.631184 0.0517479 0.250069 0.496697
0 0.131799 0.965642 0.0369221 0.0684436 0.395223
0 0.649688 0.504071 0.0347374 0.145878 0.389286
0 0.302219 0.973696 0.0308535 0.0526074 0.384308
0 0.0271118 0.517627 0.0539744 0.125904 0.262637
0 0.593159 0.431984 0.0301876 0.15288 0.256135
0 0.042125 0.965141 0.0377719 0.0674184 0.255117
