0 0.267477 0.919569 0.130497 0.160862 0.845977
0 0.13964 0.52355 0.0272915 0.157067 0.727226
0 0.346558 0.39401 0.0348951 0.167772 0.703041
0 0.375124 0.575822 0.0475545 0.167889 0.698565
0 0.207034 0.359187 0.0351788 0.160293 0.660432
0 0.428253 0.329989 0.0240524 0.127377 0.623299
0 0.469452 0.952622 0.0429691 0.0947564 0.587665
0 0.364118 0.966982 0.0444559 0.065624 0.556519
0 0.767261 0.398753 0.0485172 0.1583 0.548271
0 0.631051 0.761972 0.0580044 0.207899 0.534934
0 0.428544 0.96326 0.0418219 0.0734797 0.474218
0 0.72291 0.804499 0.053364 0.185448 0.466258
0 0.439557 0.482521 0.0440619 0.161874 0.462288
0 0.560292 0.511821 0.0329445 0.176325 0.444443
0 0.920032 0.947071 0.0680031 0.101782 0.385624
0 0.613357 0.634923 0.0290206 0.149034 0.383693
0 0.38987 0.273817 0.0327458 0.11917 0.381638
0 0.547985 0.932594 0.0498963 0.127749 0.362442
0 0.470765 0.540597 0.0431259 0.190417 0.353937
0 0.510599 0.946613 0.0468264 0.106773 0.271332
0 0.6199 0.898486 0.0471832 0.12042 0.262222
0 0.267477 0.919569 0.130497 0.160862 0.845977
0 0.13964 0.52355 0.0272915 0.157067 0.727226
0 0.346558 0.39401 0.0348951 0.167772 0.703041
0 0.375124 0.575822 0.0475545 0.167889 0.698565
0 0.207034 0.359187 0.0351788 0.160293 0.660432
0 0.428253 0.329989 0.0240524 0.127377 0.623299
0 0.469452 0.952622 0.0429691 0.0947564 0.587665
0 0.364118 0.966982 0.0444559 0.065624 0.556519
0 0.767261 0.398753 0.0485172 0.1583 0.548271
0 0.631051 0.761972 0.0580044 0.207899 0.534934
0 0.428544 0.96326 0.0418219 0.0734797 0.474218
0 0.72291 0.804499 0.053364 0.185448 0.466258
0 0.439557 0.482521 0.0440619 0.161874 0.462288
0 0.560292 0.511821 0.0329445 0.176325 0.444443
0 0.920032 0.947071 0.0680031 0.101782 0.385624
0 0.613357 0.634923 0.0290206 0.149034 0.383693
0 0.38987 0.273817 0.0327458 0.11917 0.381638
0 0.547985 0.932594 0.0498963 0.127749 0.362442
0 0.470765 0.540597 0.0431259 0.190417 0.353937
0 0.510599 0.946613 0.0468264 0.106773 0.271332
0 0.6199 0.898486 0.0471832 0.12042 0.262222
