0 0.21271 0.498103 0.0381767 0.171698 0.789297
0 0.974231 0.734498 0.0509495 0.20854 0.756595
0 0.353576 0.440265 0.0299791 0.140228 0.708852
0 0.16709 0.713163 0.0393462 0.204132 0.692305
0 0.770977 0.692324 0.0464184 0.190122 0.687957
0 0.898962 0.603283 0.0302528 0.173072 0.686043
0 0.662287 0.521463 0.0523548 0.171835 0.676805
0 0.41463 0.61018 0.046495 0.185995 0.642275
0 0.617524 0.967311 0.0385315 0.0653779 0.507859
0 0.530667 0.644857 0.0815454 0.1311 0.481925
0 0.599053 0.65048 0.03008 0.147863 0.472692
0 0.704751 0.947963 0.0387743 0.100191 0.465328
0 0.0229869 0.515688 0.0453852 0.168365 0.451272
0 0.561557 0.970159 0.0352971 0.0596824 0.305696
0 0.611753 0.904425 0.0422261 0.132692 0.301082
0 0.682044 0.967556 0.038352 0.0648885 0.263873
0 0.21271 0.498103 0.0381767 0.171698 0.789297
0 0.974231 0.734498 0.0509495 0.20854 0.756595
0 0.353576 0.440265 0.0299791 0.140228 0.708852
0 0.16709 0.713163 0.0393462 0.204132 0.692305
0 0.770977 0.692324 0.0464184 0.190122 0.687957
0 0.898962 0.603283 0.0302528 0.173072 0.686043
0 0.662287 0.521463 0.0523548 0.171835 0.676805
0 0.41463 0.61018 0.046495 0.185995 0.642275
0 0.617524 0.967311 0.0385315 0.0653779 0.507859
0 0.530667 0.644857 0.0815454 0.1311 0.481925
0 0.599053 0.65048 0.03008 0.147863 0.472692
0 0.704751 0.947963 0.0387743 0.100191 0.465328
0 0.0229869 0.515688 0.0453852 0.168365 0.451272
0 0.561557 0.970159 0.0352971 0.0596824 0.305696
0 0.611753 0.904425 0.0422261 0.132692 0.301082
0 0.682044 0.967556 0.038352 0.0648885 0.263873
