0 0.257614 0.477781 0.0309838 0.161103 0.74584
0 0.381778 0.60112 0.0485677 0.180697 0.743212
0 0.506237 0.648245 0.0584824 0.161868 0.740938
0 0.397018 0.420013 0.0302769 0.135308 0.730656
0 0.318607 0.622106 0.0497247 0.161358 0.721801
0 0.901129 0.600347 0.0297619 0.163244 0.670727
0 0.148794 0.47136 0.0456034 0.158578 0.657294
0 0.455915 0.634229 0.0701622 0.172241 0.623888
0 0.580647 0.672229 0.0693724 0.158687 0.522308
0 0.696076 0.509057 0.0421988 0.169313 0.504603
0 0.695938 0.707254 0.077266 0.151262 0.502147
0 0.638336 0.761748 0.0756023 0.163603 0.456396
0 0.617893 0.956609 0.0406534 0.0867813 0.387995
0 0.611707 0.880941 0.0711571 0.146425 0.352201
0 0.519654 0.971863 0.0409668 0.0562746 0.317938
0 0.683896 0.955968 0.0428923 0.088065 0.27099
0 0.257614 0.477781 0.0309838 0.161103 0.74584
0 0.381778 0.60112 0.0485677 0.180697 0.743212
0 0.506237 0.648245 0.0584824 0.161868 0.740938
0 0.397018 0.420013 0.0302769 0.135308 0.730656
0 0.318607 0.622106 0.0497247 0.161358 0.721801
0 0.901129 0.600347 0.0297619 0.163244 0.670727
0 0.148794 0.47136 0.0456034 0.158578 0.657294
0 0.455915 0.634229 0.0701622 0.172241 0.623888
0 0.580647 0.672229 0.0693724 0.158687 0.522308
0 0.696076 0.509057 0.0421988 0.169313 0.504603
0 0.695938 0.707254 0.077266 0.151262 0.502147
0 0.638336 0.761748 0.0756023 0.163603 0.456396
0 0.617893 0.956609 0.0406534 0.0867813 0.387995
0 0.611707 0.880941 0.0711571 0.146425 0.352201
0 0.519654 0.971863 0.0409668 0.0562746 0.317938
0 0.683896 0.955968 0.0428923 0.088065 0.27099
