0 0.891823 0.900056 0.0488461 0.193992 0.776097
0 0.563854 0.487739 0.0266947 0.136367 0.714502
0 0.558484 0.695707 0.0345964 0.195297 0.693916
0 0.61548 0.553218 0.0447166 0.158032 0.693033
0 0.487163 0.605122 0.0546806 0.156564 0.671628
0 0.224382 0.5183 0.0357636 0.13717 0.666203
0 0.905387 0.562994 0.0389065 0.153376 0.660807
0 0.399547 0.639333 0.040187 0.187539 0.620758
0 0.37478 0.763954 0.0352302 0.200144 0.388905
0 0.542349 0.937611 0.0510243 0.110758 0.386946
0 0.301652 0.93892 0.0515514 0.118974 0.310469
0 0.891823 0.900056 0.0488461 0.193992 0.776097
0 0.563854 0.487739 0.0266947 0.136367 0.714502
0 0.558484 0.695707 0.0345964 0.195297 0.693916
0 0.61548 0.553218 0.0447166 0.158032 0.693033
0 0.487163 0.605122 0.0546806 0.156564 0.671628
0 0.224382 0.5183 0.0357636 0.13717 0.666203
0 0.905387 0.562994 0.0389065 0.153376 0.660807
0 0.399547 0.639333 0.040187 0.187539 0.620758
0 0.37478 0.763954 0.0352302 0.200144 0.388905
0 0.542349 0.937611 0.0510243 0.110758 0.386946
0 0.301652 0.93892 0.0515514 0.118974 0.310469
