0 0.837511 0.692857 0.061845 0.188109 0.807561
0 0.930134 0.597548 0.0276093 0.165882 0.734136
0 0.150035 0.452691 0.0264966 0.135939 0.685847
0 0.64539 0.950771 0.0443996 0.0984587 0.684729
0 0.427865 0.573768 0.0527416 0.165481 0.641067
0 0.442528 0.408296 0.0233979 0.127572 0.610724
0 0.596461 0.954561 0.0416395 0.0908778 0.556073
0 0.284503 0.611842 0.0494606 0.144541 0.543505
0 0.544707 0.68754 0.0566223 0.194706 0.52047
0 0.346103 0.486389 0.0352041 0.118393 0.482719
0 0.382467 0.615547 0.0397951 0.154881 0.413301
0 0.704352 0.953393 0.0420372 0.0932136 0.411748
0 0.600834 0.824405 0.0530451 0.167812 0.408964
0 0.547049 0.967119 0.0468278 0.0657629 0.387135
0 0.496007 0.978526 0.0330656 0.0429471 0.32404
0 0.400214 0.559882 0.0329578 0.1346 0.256306
0 0.837511 0.692857 0.061845 0.188109 0.807561
0 0.930134 0.597548 0.0276093 0.165882 0.734136
0 0.150035 0.452691 0.0264966 0.135939 0.685847
0 0.64539 0.950771 0.0443996 0.0984587 0.684729
0 0.427865 0.573768 0.0527416 0.165481 0.641067
0 0.442528 0.408296 0.0233979 0.127572 0.610724
0 0.596461 0.954561 0.0416395 0.0908778 0.556073
0 0.284503 0.611842 0.0494606 0.144541 0.543505
0 0.544707 0.68754 0.0566223 0.194706 0.52047
0 0.346103 0.486389 0.0352041 0.118393 0.482719
0 0.382467 0.615547 0.0397951 0.154881 0.413301
0 0.704352 0.953393 0.0420372 0.0932136 0.411748
0 0.600834 0.824405 0.0530451 0.167812 0.408964
0 0.547049 0.967119 0.0468278 0.0657629 0.387135
0 0.496007 0.978526 0.0330656 0.0429471 0.32404
0 0.400214 0.559882 0.0329578 0.1346 0.256306
