0 0.109414 0.562521 0.218546 0.857306 0.908295
0 0.632983 0.490252 0.240379 0.499395 0.748442
0 0.287101 0.618942 0.129316 0.244115 0.678728
0 0.871351 0.627759 0.137282 0.219472 0.678216
0 0.413597 0.623652 0.120769 0.238956 0.64115
0 0.154478 0.282326 0.102635 0.24756 0.626196
0 0.365629 0.46901 0.114443 0.293064 0.543808
0 0.759987 0.309701 0.115093 0.316733 0.515222
0 0.908925 0.489429 0.144489 0.316158 0.501604
0 0.471665 0.461744 0.105889 0.324319 0.484808
0 0.793931 0.521649 0.0815382 0.232522 0.450191
0 0.964715 0.317032 0.0700752 0.325662 0.449292
0 0.262503 0.314833 0.116084 0.262184 0.424961
0 0.265516 0.472658 0.100039 0.261338 0.361802
0 0.456346 0.305093 0.122775 0.311269 0.329775
0 0.753825 0.613523 0.104175 0.249159 0.322973
0 0.968669 0.664495 0.0620655 0.141595 0.300506
0 0.856997 0.214262 0.15605 0.375282 0.283057
0 0.109414 0.562521 0.218546 0.857306 0.908295
0 0.632983 0.490252 0.240379 0.499395 0.748442
0 0.287101 0.618942 0.129316 0.244115 0.678728
0 0.871351 0.627759 0.137282 0.219472 0.678216
0 0.413597 0.623652 0.120769 0.238956 0.64115
0 0.154478 0.282326 0.102635 0.24756 0.626196
0 0.365629 0.46901 0.114443 0.293064 0.543808
0 0.759987 0.309701 0.115093 0.316733 0.515222
0 0.908925 0.489429 0.144489 0.316158 0.501604
0 0.471665 0.461744 0.105889 0.324319 0.484808
0 0.793931 0.521649 0.0815382 0.232522 0.450191
0 0.964715 0.317032 0.0700752 0.325662 0.449292
0 0.262503 0.314833 0.116084 0.262184 0.424961
0 0.265516 0.472658 0.100039 0.261338 0.361802
0 0.456346 0.305093 0.122775 0.311269 0.329775
0 0.753825 0.613523 0.104175 0.249159 0.322973
0 0.968669 0.664495 0.0620655 0.141595 0.300506
0 0.856997 0.214262 0.15605 0.375282 0.283057
