0 0.697311 0.942204 0.045698 0.115592 0.796238
0 0.567531 0.960307 0.0434531 0.079386 0.713965
0 0.827333 0.600968 0.0439905 0.165028 0.689306
0 0.415529 0.608315 0.0472733 0.177525 0.669776
0 0.652526 0.952232 0.050333 0.095536 0.665035
0 0.805009 0.376657 0.0394394 0.174287 0.628633
0 0.27491 0.971505 0.0486764 0.0569906 0.581419
0 0.770908 0.863289 0.0541261 0.212855 0.571084
0 0.606279 0.956233 0.0397005 0.0875337 0.53611
0 0.129137 0.631548 0.0385159 0.183025 0.528944
0 0.22779 0.822686 0.0595273 0.231016 0.513367
0 0.737799 0.935794 0.0439119 0.128412 0.479163
0 0.193929 0.636197 0.0555586 0.175662 0.443333
0 0.163868 0.92571 0.0810632 0.147626 0.370435
0 0.122942 0.491134 0.0589878 0.123546 0.354296
0 0.126843 0.401461 0.0528976 0.161986 0.290681
0 0.522928 0.973636 0.0332195 0.0501828 0.290485
0 0.697311 0.942204 0.045698 0.115592 0.796238
0 0.567531 0.960307 0.0434531 0.079386 0.713965
0 0.827333 0.600968 0.0439905 0.165028 0.689306
0 0.415529 0.608315 0.0472733 0.177525 0.669776
0 0.652526 0.952232 0.050333 0.095536 0.665035
0 0.805009 0.376657 0.0394394 0.174287 0.628633
0 0.27491 0.971505 0.0486764 0.0569906 0.581419
0 0.770908 0.863289 0.0541261 0.212855 0.571084
0 0.606279 0.956233 0.0397005 0.0875337 0.53611
0 0.129137 0.631548 0.0385159 0.183025 0.528944
0 0.22779 0.822686 0.0595273 0.231016 0.513367
0 0.737799 0.935794 0.0439119 0.128412 0.479163
0 0.193929 0.636197 0.0555586 0.175662 0.443333
0 0.163868 0.92571 0.0810632 0.147626 0.370435
0 0.122942 0.491134 0.0589878 0.123546 0.354296
0 0.126843 0.401461 0.0528976 0.161986 0.290681
0 0.522928 0.973636 0.0332195 0.0501828 0.290485
