0 0.0898263 0.564327 0.179274 0.863714 0.889904
0 0.60366 0.491424 0.243998 0.502439 0.767518
0 0.841988 0.629973 0.135797 0.216236 0.756559
0 0.385428 0.621731 0.120322 0.23601 0.683373
0 0.258217 0.620354 0.129382 0.240471 0.649401
0 0.336323 0.469703 0.114508 0.299314 0.584631
0 0.730453 0.311296 0.117331 0.321549 0.576527
0 0.727099 0.608805 0.0988607 0.257628 0.518275
0 0.874289 0.490343 0.140334 0.318435 0.508695
0 0.123782 0.285205 0.107269 0.250776 0.507454
0 0.763442 0.523109 0.0824163 0.23136 0.467552
0 0.444005 0.460644 0.105328 0.321842 0.421513
0 0.827067 0.21702 0.155776 0.383386 0.418312
0 0.944651 0.665692 0.073267 0.146663 0.415208
0 0.235623 0.48306 0.0981635 0.280899 0.409337
0 0.949772 0.323096 0.0994123 0.336471 0.38897
0 0.232315 0.314518 0.113762 0.266771 0.288637
0 0.428566 0.296863 0.122139 0.297538 0.275683
0 0.178478 0.433849 0.0651198 0.221761 0.266483
0 0.187704 0.152799 0.105107 0.263764 0.254828
0 0.0898263 0.564327 0.179274 0.863714 0.889904
0 0.60366 0.491424 0.243998 0.502439 0.767518
0 0.841988 0.629973 0.135797 0.216236 0.756559
0 0.385428 0.621731 0.120322 0.23601 0.683373
0 0.258217 0.620354 0.129382 0.240471 0.649401
0 0.336323 0.469703 0.114508 0.299314 0.584631
0 0.730453 0.311296 0.117331 0.321549 0.576527
0 0.727099 0.608805 0.0988607 0.257628 0.518275
0 0.874289 0.490343 0.140334 0.318435 0.508695
0 0.123782 0.285205 0.107269 0.250776 0.507454
0 0.763442 0.523109 0.0824163 0.23136 0.467552
0 0.444005 0.460644 0.105328 0.321842 0.421513
0 0.827067 0.21702 0.155776 0.383386 0.418312
0 0.944651 0.665692 0.073267 0.146663 0.415208
0 0.235623 0.48306 0.0981635 0.280899 0.409337
0 0.949772 0.323096 0.0994123 0.336471 0.38897
0 0.232315 0.314518 0.113762 0.266771 0.288637
0 0.428566 0.296863 0.122139 0.297538 0.275683
0 0.178478 0.433849 0.0651198 0.221761 0.266483
0 0.187704 0.152799 0.105107 0.263764 0.254828
