0 0.272255 0.916881 0.129364 0.166238 0.856031
0 0.226535 0.52811 0.0291839 0.159876 0.720833
0 0.300999 0.581201 0.0488194 0.18111 0.658092
0 0.36383 0.967026 0.0441949 0.0659475 0.630397
0 0.2205 0.359407 0.0383625 0.154906 0.62878
0 0.775808 0.382939 0.0323892 0.168076 0.623901
0 0.57421 0.503888 0.0426586 0.175519 0.577428
0 0.625182 0.765108 0.0554657 0.199355 0.555792
0 0.352365 0.392223 0.0339108 0.161024 0.54937
0 0.433764 0.963002 0.0458645 0.0739958 0.537244
0 0.47582 0.951429 0.0427843 0.0971424 0.512503
0 0.504675 0.476152 0.0364086 0.175341 0.50951
0 0.625329 0.62789 0.0534121 0.147295 0.46504
0 0.418456 0.333009 0.0254696 0.134205 0.436854
0 0.718106 0.793729 0.0580367 0.164384 0.390712
0 0.670658 0.891188 0.0431797 0.122085 0.358112
0 0.456689 0.42453 0.0436443 0.102859 0.357682
0 0.555455 0.932953 0.0503238 0.13066 0.320736
0 0.463794 0.546425 0.0316086 0.203286 0.287242
0 0.624766 0.895231 0.0469339 0.121689 0.268171
0 0.517668 0.945479 0.0500257 0.108411 0.255008
0 0.272255 0.916881 0.129364 0.166238 0.856031
0 0.226535 0.52811 0.0291839 0.159876 0.720833
0 0.300999 0.581201 0.0488194 0.18111 0.658092
0 0.36383 0.967026 0.0441949 0.0659475 0.630397
0 0.2205 0.359407 0.0383625 0.154906 0.62878
0 0.775808 0.382939 0.0323892 0.168076 0.623901
0 0.57421 0.503888 0.0426586 0.175519 0.577428
0 0.625182 0.765108 0.0554657 0.199355 0.555792
0 0.352365 0.392223 0.0339108 0.161024 0.54937
0 0.433764 0.963002 0.0458645 0.0739958 0.537244
0 0.47582 0.951429 0.0427843 0.0971424 0.512503
0 0.504675 0.476152 0.0364086 0.175341 0.50951
0 0.625329 0.62789 0.0534121 0.147295 0.46504
0 0.418456 0.333009 0.0254696 0.134205 0.436854
0 0.718106 0.793729 0.0580367 0.164384 0.390712
0 0.670658 0.891188 0.0431797 0.122085 0.358112
0 0.456689 0.42453 0.0436443 0.102859 0.357682
0 0.555455 0.932953 0.0503238 0.13066 0.320736
0 0.463794 0.546425 0.0316086 0.203286 0.287242
0 0.624766 0.895231 0.0469339 0.121689 0.268171
0 0.517668 0.945479 0.0500257 0.108411 0.255008
