0 0.469181 0.37612 0.197467 0.566161 0.90925
0 0.790345 0.835544 0.128114 0.325578 0.894232
0 0.567652 0.637635 0.110862 0.604336 0.873008
0 0.800704 0.571839 0.205637 0.398486 0.859732
32 0.637941 0.389964 0.034137 0.0469013 0.694259
0 0.688976 0.0949038 0.0755791 0.164389 0.632795
0 0.761506 0.104693 0.0777626 0.121909 0.447549
0 0.951011 0.813664 0.0969194 0.153695 0.440878
0 0.61742 0.151516 0.0813256 0.260939 0.405375
0 0.10554 0.162831 0.0797453 0.233307 0.367856
0 0.955432 0.152405 0.0880976 0.267902 0.266974
