0 0.659714 0.705589 0.061106 0.174816 0.83424
0 0.749099 0.876555 0.101227 0.213214 0.802277
0 0.361412 0.486506 0.0311956 0.175475 0.716027
0 0.439634 0.716544 0.0840632 0.182543 0.705246
0 0.576992 0.628351 0.0627645 0.212982 0.66738
0 0.627645 0.959409 0.0418657 0.0811817 0.605202
0 0.638822 0.550029 0.0343252 0.184903 0.585232
0 0.454773 0.952231 0.0548685 0.095539 0.582112
0 0.235192 0.791308 0.0512762 0.171703 0.453625
0 0.67298 0.390752 0.0233567 0.149998 0.446162
0 0.512486 0.971313 0.0370218 0.0573734 0.435828
0 0.411077 0.948286 0.0419345 0.102268 0.41249
0 0.719168 0.968457 0.0415207 0.060651 0.282548
0 0.372516 0.941123 0.0429258 0.11693 0.262716
0 0.659714 0.705589 0.061106 0.174816 0.83424
0 0.749099 0.876555 0.101227 0.213214 0.802277
0 0.361412 0.486506 0.0311956 0.175475 0.716027
0 0.439634 0.716544 0.0840632 0.182543 0.705246
0 0.576992 0.628351 0.0627645 0.212982 0.66738
0 0.627645 0.959409 0.0418657 0.0811817 0.605202
0 0.638822 0.550029 0.0343252 0.184903 0.585232
0 0.454773 0.952231 0.0548685 0.095539 0.582112
0 0.235192 0.791308 0.0512762 0.171703 0.453625
0 0.67298 0.390752 0.0233567 0.149998 0.446162
0 0.512486 0.971313 0.0370218 0.0573734 0.435828
0 0.411077 0.948286 0.0419345 0.102268 0.41249
0 0.719168 0.968457 0.0415207 0.060651 0.282548
0 0.372516 0.941123 0.0429258 0.11693 0.262716
