0 0.36224 0.629429 0.0596559 0.173488 0.796224
0 0.385438 0.424096 0.0290132 0.131586 0.793136
0 0.505606 0.65105 0.0651791 0.189095 0.759659
0 0.685483 0.537608 0.0508064 0.167241 0.75506
0 0.268627 0.639951 0.0364707 0.187484 0.750557
0 0.231481 0.492415 0.0356306 0.170653 0.717513
0 0.894456 0.602472 0.0325295 0.167961 0.677041
0 0.656477 0.746572 0.0597469 0.156771 0.661358
0 0.607234 0.894744 0.0475122 0.141951 0.579395
0 0.109087 0.492401 0.0442876 0.163788 0.526135
0 0.730034 0.701137 0.0500428 0.184616 0.478521
0 0.61122 0.959117 0.0392361 0.0817663 0.476395
0 0.604324 0.683994 0.0661283 0.167525 0.465408
0 0.676023 0.959746 0.0408743 0.0805084 0.400485
0 0.560696 0.964108 0.0377577 0.0717846 0.379331
0 0.36224 0.629429 0.0596559 0.173488 0.796224
0 0.385438 0.424096 0.0290132 0.131586 0.793136
0 0.505606 0.65105 0.0651791 0.189095 0.759659
0 0.685483 0.537608 0.0508064 0.167241 0.75506
0 0.268627 0.639951 0.0364707 0.187484 0.750557
0 0.231481 0.492415 0.0356306 0.170653 0.717513
0 0.894456 0.602472 0.0325295 0.167961 0.677041
0 0.656477 0.746572 0.0597469 0.156771 0.661358
0 0.607234 0.894744 0.0475122 0.141951 0.579395
0 0.109087 0.492401 0.0442876 0.163788 0.526135
0 0.730034 0.701137 0.0500428 0.184616 0.478521
0 0.61122 0.959117 0.0392361 0.0817663 0.476395
0 0.604324 0.683994 0.0661283 0.167525 0.465408
0 0.676023 0.959746 0.0408743 0.0805084 0.400485
0 0.560696 0.964108 0.0377577 0.0717846 0.379331
