0 0.883392 0.929516 0.0337032 0.140967 0.79841
0 0.28204 0.529153 0.0467153 0.176945 0.738399
0 0.271815 0.959617 0.0371265 0.0807654 0.674385
0 0.363294 0.968254 0.0390543 0.0634923 0.604741
0 0.852421 0.47956 0.0338552 0.124657 0.582453
0 0.549308 0.422361 0.0289605 0.139253 0.574462
0 0.53702 0.897193 0.0779245 0.201597 0.563535
0 0.478752 0.755496 0.0524597 0.182636 0.5546
0 0.230549 0.956926 0.0424064 0.0843118 0.554449
0 0.326885 0.96685 0.0362355 0.0662991 0.537799
0 0.627583 0.578756 0.0453691 0.16354 0.474794
0 0.578941 0.746788 0.0643991 0.144338 0.456064
0 0.528434 0.701272 0.0448727 0.158027 0.390267
0 0.367668 0.399843 0.0244831 0.110207 0.273844
0 0.107956 0.953332 0.0456752 0.0893385 0.270397
0 0.883392 0.929516 0.0337032 0.140967 0.79841
0 0.28204 0.529153 0.0467153 0.176945 0.738399
0 0.271815 0.959617 0.0371265 0.0807654 0.674385
0 0.363294 0.968254 0.0390543 0.0634923 0.604741
0 0.852421 0.47956 0.0338552 0.124657 0.582453
0 0.549308 0.422361 0.0289605 0.139253 0.574462
0 0.53702 0.897193 0.0779245 0.201597 0.563535
0 0.478752 0.755496 0.0524597 0.182636 0.5546
0 0.230549 0.956926 0.0424064 0.0843118 0.554449
0 0.326885 0.96685 0.0362355 0.0662991 0.537799
0 0.627583 0.578756 0.0453691 0.16354 0.474794
0 0.578941 0.746788 0.0643991 0.144338 0.456064
0 0.528434 0.701272 0.0448727 0.158027 0.390267
0 0.367668 0.399843 0.0244831 0.110207 0.273844
0 0.107956 0.953332 0.0456752 0.0893385 0.270397
