0 0.606122 0.575608 0.401552 0.829659 0.922929
0 0.0571 0.857979 0.114051 0.282333 0.497376
0 0.0395473 0.453495 0.0789185 0.324422 0.489568
0 0.964872 0.45294 0.0698475 0.382345 0.458073
0 0.435315 0.291768 0.103007 0.272676 0.388393
0 0.856631 0.703418 0.098016 0.300279 0.369192
0 0.901531 0.235655 0.137693 0.314256 0.357172
0 0.398533 0.439649 0.115855 0.284503 0.356202
0 0.180067 0.77132 0.134602 0.221652 0.354462
0 0.349005 0.672117 0.132481 0.270163 0.333864
0 0.870342 0.48783 0.130992 0.414041 0.313648
0 0.264883 0.476038 0.135469 0.323956 0.28771
0 0.606122 0.575608 0.401552 0.829659 0.922929
0 0.0571 0.857979 0.114051 0.282333 0.497376
0 0.0395473 0.453495 0.0789185 0.324422 0.489568
0 0.964872 0.45294 0.0698475 0.382345 0.458073
0 0.435315 0.291768 0.103007 0.272676 0.388393
0 0.856631 0.703418 0.098016 0.300279 0.369192
0 0.901531 0.235655 0.137693 0.314256 0.357172
0 0.398533 0.439649 0.115855 0.284503 0.356202
0 0.180067 0.77132 0.134602 0.221652 0.354462
0 0.349005 0.672117 0.132481 0.270163 0.333864
0 0.870342 0.48783 0.130992 0.414041 0.313648
0 0.264883 0.476038 0.135469 0.323956 0.28771
