0 0.668605 0.515365 0.0568275 0.177494 0.800798
0 0.450604 0.610617 0.0434788 0.191337 0.789583
0 0.917637 0.755277 0.0664078 0.175616 0.75824
0 0.311478 0.453595 0.0348998 0.140885 0.75774
0 0.193088 0.494911 0.0301267 0.167687 0.738001
0 0.0743599 0.78103 0.0425641 0.215398 0.711927
0 0.593649 0.674013 0.0430113 0.190479 0.649455
0 0.394847 0.868783 0.083872 0.196495 0.629249
0 0.748777 0.699824 0.0447762 0.197421 0.608774
0 0.357393 0.399209 0.0398847 0.141653 0.60477
0 0.605727 0.917906 0.0478803 0.160179 0.516691
0 0.706255 0.948975 0.0350813 0.0977332 0.508621
0 0.873181 0.621943 0.0330299 0.159538 0.484599
0 0.542975 0.723491 0.0539635 0.132106 0.453103
0 0.561867 0.970696 0.0362396 0.0586077 0.430817
0 0.682647 0.970639 0.039772 0.0587213 0.329784
0 0.61207 0.97033 0.0370023 0.0593394 0.268593
32 0.940157 0.814322 0.0180336 0.0326511 0.261962
0 0.668605 0.515365 0.0568275 0.177494 0.800798
0 0.450604 0.610617 0.0434788 0.191337 0.789583
0 0.917637 0.755277 0.0664078 0.175616 0.75824
0 0.311478 0.453595 0.0348998 0.140885 0.75774
0 0.193088 0.494911 0.0301267 0.167687 0.738001
0 0.0743599 0.78103 0.0425641 0.215398 0.711927
0 0.593649 0.674013 0.0430113 0.190479 0.649455
0 0.394847 0.868783 0.083872 0.196495 0.629249
0 0.748777 0.699824 0.0447762 0.197421 0.608774
0 0.357393 0.399209 0.0398847 0.141653 0.60477
0 0.605727 0.917906 0.0478803 0.160179 0.516691
0 0.706255 0.948975 0.0350813 0.0977332 0.508621
0 0.873181 0.621943 0.0330299 0.159538 0.484599
0 0.542975 0.723491 0.0539635 0.132106 0.453103
0 0.561867 0.970696 0.0362396 0.0586077 0.430817
0 0.682647 0.970639 0.039772 0.0587213 0.329784
0 0.61207 0.97033 0.0370023 0.0593394 0.268593
32 0.940157 0.814322 0.0180336 0.0326511 0.261962
