0 0.40981 0.585548 0.186981 0.807631 0.911827
0 0.870218 0.586033 0.183485 0.809145 0.89958
0 0.606709 0.555481 0.18731 0.87082 0.887782
0 0.0581653 0.580233 0.116331 0.831276 0.811286
0 0.82389 0.279902 0.0863121 0.226011 0.522491
0 0.364105 0.317667 0.0747204 0.144025 0.447486
0 0.272599 0.510957 0.0878274 0.267587 0.447084
0 0.222107 0.383394 0.0723945 0.247871 0.385694
0 0.958816 0.363717 0.081636 0.220051 0.336382
0 0.754409 0.177439 0.0924247 0.27285 0.301709
0 0.984391 0.25477 0.0304018 0.194623 0.250917
0 0.40981 0.585548 0.186981 0.807631 0.911827
0 0.870218 0.586033 0.183485 0.809145 0.89958
0 0.606709 0.555481 0.18731 0.87082 0.887782
0 0.0581653 0.580233 0.116331 0.831276 0.811286
0 0.82389 0.279902 0.0863121 0.226011 0.522491
0 0.364105 0.317667 0.0747204 0.144025 0.447486
0 0.272599 0.510957 0.0878274 0.267587 0.447084
0 0.222107 0.383394 0.0723945 0.247871 0.385694
0 0.958816 0.363717 0.081636 0.220051 0.336382
0 0.754409 0.177439 0.0924247 0.27285 0.301709
0 0.984391 0.25477 0.0304018 0.194623 0.250917
