0 0.345399 0.690178 0.0630634 0.197125 0.761712
0 0.927484 0.854937 0.0494274 0.203162 0.70106
0 0.666842 0.955204 0.0489106 0.0895923 0.698289
0 0.557581 0.702223 0.0505112 0.150275 0.646201
0 0.497303 0.848721 0.0603314 0.224036 0.645071
0 0.567428 0.94396 0.0425793 0.11208 0.642254
0 0.404151 0.943587 0.057391 0.112826 0.480004
0 0.75239 0.518041 0.0650004 0.162972 0.460996
0 0.602892 0.39797 0.0199087 0.131754 0.405717
0 0.358664 0.478258 0.0363132 0.155142 0.403491
0 0.652524 0.5519 0.0534435 0.196822 0.350335
0 0.363026 0.93858 0.0468581 0.121572 0.33764
0 0.790421 0.982227 0.017743 0.0355469 0.291391
0 0.458246 0.961711 0.0409355 0.0765781 0.287166
0 0.601919 0.589348 0.0455222 0.170647 0.274831
0 0.574677 0.576696 0.0426975 0.159547 0.261861
0 0.323564 0.925234 0.0413857 0.119061 0.251368
0 0.345399 0.690178 0.0630634 0.197125 0.761712
0 0.927484 0.854937 0.0494274 0.203162 0.70106
0 0.666842 0.955204 0.0489106 0.0895923 0.698289
0 0.557581 0.702223 0.0505112 0.150275 0.646201
0 0.497303 0.848721 0.0603314 0.224036 0.645071
0 0.567428 0.94396 0.0425793 0.11208 0.642254
0 0.404151 0.943587 0.057391 0.112826 0.480004
0 0.75239 0.518041 0.0650004 0.162972 0.460996
0 0.602892 0.39797 0.0199087 0.131754 0.405717
0 0.358664 0.478258 0.0363132 0.155142 0.403491
0 0.652524 0.5519 0.0534435 0.196822 0.350335
0 0.363026 0.93858 0.0468581 0.121572 0.33764
0 0.790421 0.982227 0.017743 0.0355469 0.291391
0 0.458246 0.961711 0.0409355 0.0765781 0.287166
0 0.601919 0.589348 0.0455222 0.170647 0.274831
0 0.574677 0.576696 0.0426975 0.159547 0.261861
0 0.323564 0.925234 0.0413857 0.119061 0.251368
