0 0.588702 0.718749 0.0495571 0.19272 0.790578
0 0.53338 0.694099 0.0603205 0.171126 0.725383
0 0.723385 0.527343 0.0534257 0.15606 0.648268
0 0.673846 0.661337 0.0500792 0.186881 0.616952
0 0.606618 0.4365 0.0327181 0.134806 0.61628
0 0.451503 0.849294 0.0703203 0.195426 0.606144
0 0.286986 0.487885 0.0351604 0.162227 0.550499
0 0.450637 0.414932 0.0294491 0.137883 0.457907
0 0.801868 0.586319 0.0426432 0.129502 0.43955
0 0.653294 0.401977 0.0293782 0.123397 0.320175
0 0.873684 0.726152 0.0548697 0.138354 0.317743
0 0.588702 0.718749 0.0495571 0.19272 0.790578
0 0.53338 0.694099 0.0603205 0.171126 0.725383
0 0.723385 0.527343 0.0534257 0.15606 0.648268
0 0.673846 0.661337 0.0500792 0.186881 0.616952
0 0.606618 0.4365 0.0327181 0.134806 0.61628
0 0.451503 0.849294 0.0703203 0.195426 0.606144
0 0.286986 0.487885 0.0351604 0.162227 0.550499
0 0.450637 0.414932 0.0294491 0.137883 0.457907
0 0.801868 0.586319 0.0426432 0.129502 0.43955
0 0.653294 0.401977 0.0293782 0.123397 0.320175
0 0.873684 0.726152 0.0548697 0.138354 0.317743
