0 0.488421 0.746777 0.0422518 0.190105 0.820941
0 0.360324 0.814559 0.0737676 0.219143 0.802646
0 0.681985 0.66777 0.0476969 0.220238 0.701609
0 0.587999 0.666699 0.0563053 0.203216 0.682135
0 0.623443 0.691892 0.0506836 0.208116 0.62273
0 0.345487 0.517147 0.0426802 0.165064 0.557186
0 0.916105 0.617542 0.0438814 0.124941 0.541523
0 0.608369 0.43614 0.0282637 0.133236 0.515419
0 0.725162 0.587919 0.0506483 0.180486 0.495805
0 0.741242 0.68083 0.0644922 0.173293 0.478606
0 0.13122 0.968985 0.0343174 0.0588867 0.38802
0 0.694619 0.525278 0.047645 0.159081 0.338806
0 0.0286222 0.955311 0.046437 0.0891486 0.316668
0 0.0225638 0.516794 0.045031 0.124313 0.250075
0 0.488421 0.746777 0.0422518 0.190105 0.820941
0 0.360324 0.814559 0.0737676 0.219143 0.802646
0 0.681985 0.66777 0.0476969 0.220238 0.701609
0 0.587999 0.666699 0.0563053 0.203216 0.682135
0 0.623443 0.691892 0.0506836 0.208116 0.62273
0 0.345487 0.517147 0.0426802 0.165064 0.557186
0 0.916105 0.617542 0.0438814 0.124941 0.541523
0 0.608369 0.43614 0.0282637 0.133236 0.515419
0 0.725162 0.587919 0.0506483 0.180486 0.495805
0 0.741242 0.68083 0.0644922 0.173293 0.478606
0 0.13122 0.968985 0.0343174 0.0588867 0.38802
0 0.694619 0.525278 0.047645 0.159081 0.338806
0 0.0286222 0.955311 0.046437 0.0891486 0.316668
0 0.0225638 0.516794 0.045031 0.124313 0.250075
