0 0.288822 0.663581 0.0434478 0.183668 0.790858
0 0.953292 0.836476 0.039426 0.174689 0.787529
0 0.754891 0.451198 0.0385345 0.118893 0.721262
0 0.537996 0.659618 0.0431042 0.166876 0.653652
0 0.477184 0.847384 0.046265 0.212895 0.588542
0 0.468576 0.959755 0.0365656 0.0804908 0.556491
0 0.69883 0.955416 0.0468203 0.0891688 0.549664
0 0.691121 0.557776 0.0480906 0.149733 0.519719
0 0.50564 0.927227 0.0379373 0.145546 0.471666
0 0.565712 0.396501 0.0270723 0.129795 0.424925
0 0.59029 0.933358 0.0560999 0.133025 0.414487
0 0.354396 0.92547 0.051877 0.136454 0.372982
30 0.95208 0.915592 0.0463459 0.0329196 0.316684
0 0.0247705 0.752163 0.0495078 0.176799 0.316553
0 0.401214 0.94082 0.0370969 0.108861 0.312577
0 0.435272 0.949034 0.046163 0.100315 0.299995
0 0.31845 0.473905 0.0314642 0.133454 0.287586
0 0.632513 0.531017 0.0390614 0.171888 0.27521
0 0.288822 0.663581 0.0434478 0.183668 0.790858
0 0.953292 0.836476 0.039426 0.174689 0.787529
0 0.754891 0.451198 0.0385345 0.118893 0.721262
0 0.537996 0.659618 0.0431042 0.166876 0.653652
0 0.477184 0.847384 0.046265 0.212895 0.588542
0 0.468576 0.959755 0.0365656 0.0804908 0.556491
0 0.69883 0.955416 0.0468203 0.0891688 0.549664
0 0.691121 0.557776 0.0480906 0.149733 0.519719
0 0.50564 0.927227 0.0379373 0.145546 0.471666
0 0.565712 0.396501 0.0270723 0.129795 0.424925
0 0.59029 0.933358 0.0560999 0.133025 0.414487
0 0.354396 0.92547 0.051877 0.136454 0.372982
30 0.95208 0.915592 0.0463459 0.0329196 0.316684
0 0.0247705 0.752163 0.0495078 0.176799 0.316553
0 0.401214 0.94082 0.0370969 0.108861 0.312577
0 0.435272 0.949034 0.046163 0.100315 0.299995
0 0.31845 0.473905 0.0314642 0.133454 0.287586
0 0.632513 0.531017 0.0390614 0.171888 0.27521
