0 0.433049 0.837002 0.0741632 0.179501 0.809259
0 0.0881911 0.767079 0.0514225 0.221281 0.790147
0 0.920747 0.74148 0.0652695 0.199369 0.7727
0 0.44781 0.610862 0.0387527 0.183544 0.759478
0 0.322538 0.448753 0.0329728 0.141119 0.742094
0 0.196156 0.49533 0.0289615 0.170759 0.663329
0 0.752889 0.700502 0.0384497 0.199906 0.639369
0 0.66477 0.519012 0.0641689 0.183819 0.63558
0 0.607521 0.917817 0.0426952 0.161141 0.613324
0 0.599047 0.672524 0.0351532 0.187933 0.564998
0 0.368167 0.392504 0.034686 0.144052 0.546425
0 0.881894 0.617085 0.0275127 0.159644 0.535238
0 0.706367 0.948787 0.0352558 0.0980374 0.505628
0 0.542709 0.719246 0.0512234 0.138455 0.502116
0 0.562052 0.970738 0.0367126 0.0585234 0.430536
0 0.682734 0.970695 0.0397606 0.0586107 0.315586
38 0.402383 0.65873 0.0270313 0.0356888 0.250665
0 0.433049 0.837002 0.0741632 0.179501 0.809259
0 0.0881911 0.767079 0.0514225 0.221281 0.790147
0 0.920747 0.74148 0.0652695 0.199369 0.7727
0 0.44781 0.610862 0.0387527 0.183544 0.759478
0 0.322538 0.448753 0.0329728 0.141119 0.742094
0 0.196156 0.49533 0.0289615 0.170759 0.663329
0 0.752889 0.700502 0.0384497 0.199906 0.639369
0 0.66477 0.519012 0.0641689 0.183819 0.63558
0 0.607521 0.917817 0.0426952 0.161141 0.613324
0 0.599047 0.672524 0.0351532 0.187933 0.564998
0 0.368167 0.392504 0.034686 0.144052 0.546425
0 0.881894 0.617085 0.0275127 0.159644 0.535238
0 0.706367 0.948787 0.0352558 0.0980374 0.505628
0 0.542709 0.719246 0.0512234 0.138455 0.502116
0 0.562052 0.970738 0.0367126 0.0585234 0.430536
0 0.682734 0.970695 0.0397606 0.0586107 0.315586
38 0.402383 0.65873 0.0270313 0.0356888 0.250665
