0 0.480858 0.860797 0.0988194 0.222171 0.830342
0 0.599868 0.425714 0.0374807 0.148344 0.623626
0 0.920512 0.734484 0.056823 0.143267 0.568807
0 0.267841 0.482563 0.0323582 0.158797 0.545318
0 0.453006 0.403012 0.0484062 0.16525 0.526321
0 0.578269 0.724532 0.0532701 0.186787 0.416058
0 0.681751 0.660908 0.0671854 0.185893 0.41014
0 0.736064 0.527723 0.0653717 0.141863 0.346828
0 0.817499 0.598622 0.0572313 0.160733 0.262705
0 0.845713 0.534497 0.0414251 0.130656 0.253542
0 0.480858 0.860797 0.0988194 0.222171 0.830342
0 0.599868 0.425714 0.0374807 0.148344 0.623626
0 0.920512 0.734484 0.056823 0.143267 0.568807
0 0.267841 0.482563 0.0323582 0.158797 0.545318
0 0.453006 0.403012 0.0484062 0.16525 0.526321
0 0.578269 0.724532 0.0532701 0.186787 0.416058
0 0.681751 0.660908 0.0671854 0.185893 0.41014
0 0.736064 0.527723 0.0653717 0.141863 0.346828
0 0.817499 0.598622 0.0572313 0.160733 0.262705
0 0.845713 0.534497 0.0414251 0.130656 0.253542
