0 0.51541 0.919323 0.0645629 0.161355 0.72916
0 0.874914 0.918711 0.0311047 0.160295 0.723075
0 0.264629 0.511547 0.0337598 0.179705 0.682937
0 0.247064 0.956408 0.0380798 0.0871831 0.672596
0 0.801118 0.465008 0.0366589 0.133186 0.668784
0 0.596461 0.968426 0.0494788 0.0631476 0.643068
0 0.207189 0.953721 0.0419892 0.0925585 0.633307
0 0.334567 0.963619 0.0441905 0.0727614 0.578033
0 0.299217 0.962259 0.0366184 0.0754822 0.577825
0 0.687485 0.675544 0.0357081 0.148912 0.574602
0 0.520136 0.419634 0.0278811 0.135602 0.519132
0 0.491783 0.591748 0.0408703 0.14286 0.476301
0 0.612443 0.527623 0.0365429 0.130554 0.466188
0 0.65734 0.570451 0.0332295 0.160737 0.409651
0 0.494622 0.72808 0.0422146 0.199072 0.379873
0 0.609985 0.638917 0.0394145 0.137216 0.328313
0 0.0823328 0.950145 0.0420274 0.0953027 0.252271
0 0.51541 0.919323 0.0645629 0.161355 0.72916
0 0.874914 0.918711 0.0311047 0.160295 0.723075
0 0.264629 0.511547 0.0337598 0.179705 0.682937
0 0.247064 0.956408 0.0380798 0.0871831 0.672596
0 0.801118 0.465008 0.0366589 0.133186 0.668784
0 0.596461 0.968426 0.0494788 0.0631476 0.643068
0 0.207189 0.953721 0.0419892 0.0925585 0.633307
0 0.334567 0.963619 0.0441905 0.0727614 0.578033
0 0.299217 0.962259 0.0366184 0.0754822 0.577825
0 0.687485 0.675544 0.0357081 0.148912 0.574602
0 0.520136 0.419634 0.0278811 0.135602 0.519132
0 0.491783 0.591748 0.0408703 0.14286 0.476301
0 0.612443 0.527623 0.0365429 0.130554 0.466188
0 0.65734 0.570451 0.0332295 0.160737 0.409651
0 0.494622 0.72808 0.0422146 0.199072 0.379873
0 0.609985 0.638917 0.0394145 0.137216 0.328313
0 0.0823328 0.950145 0.0420274 0.0953027 0.252271
