0 0.8832 0.927078 0.0292633 0.145844 0.781383
0 0.522355 0.900836 0.0591272 0.198329 0.769995
0 0.276 0.524851 0.0426399 0.176069 0.727217
0 0.263803 0.959245 0.0368729 0.0815105 0.60242
0 0.223828 0.956607 0.0418684 0.0858582 0.59081
0 0.528246 0.694386 0.040909 0.152888 0.56049
0 0.639946 0.581024 0.0596827 0.167525 0.539639
0 0.481006 0.757658 0.0567446 0.177487 0.528589
0 0.841944 0.475443 0.0278482 0.116705 0.525789
0 0.355837 0.966801 0.0407743 0.0663981 0.508553
0 0.60063 0.722896 0.0486977 0.209735 0.430204
0 0.61089 0.522251 0.0500539 0.141613 0.424682
0 0.484707 0.344001 0.0246162 0.130748 0.380108
0 0.541129 0.41991 0.0313711 0.138789 0.371502
0 0.318266 0.966112 0.0367574 0.0677756 0.368547
0 0.620317 0.974599 0.0431934 0.0508018 0.330059
0 0.492565 0.628038 0.0563438 0.184646 0.324222
0 0.8832 0.927078 0.0292633 0.145844 0.781383
0 0.522355 0.900836 0.0591272 0.198329 0.769995
0 0.276 0.524851 0.0426399 0.176069 0.727217
0 0.263803 0.959245 0.0368729 0.0815105 0.60242
0 0.223828 0.956607 0.0418684 0.0858582 0.59081
0 0.528246 0.694386 0.040909 0.152888 0.56049
0 0.639946 0.581024 0.0596827 0.167525 0.539639
0 0.481006 0.757658 0.0567446 0.177487 0.528589
0 0.841944 0.475443 0.0278482 0.116705 0.525789
0 0.355837 0.966801 0.0407743 0.0663981 0.508553
0 0.60063 0.722896 0.0486977 0.209735 0.430204
0 0.61089 0.522251 0.0500539 0.141613 0.424682
0 0.484707 0.344001 0.0246162 0.130748 0.380108
0 0.541129 0.41991 0.0313711 0.138789 0.371502
0 0.318266 0.966112 0.0367574 0.0677756 0.368547
0 0.620317 0.974599 0.0431934 0.0508018 0.330059
0 0.492565 0.628038 0.0563438 0.184646 0.324222
