0 0.169976 0.561433 0.280179 0.85424 0.904105
0 0.484434 0.620729 0.119039 0.238638 0.756429
0 0.936355 0.627589 0.125995 0.217765 0.63843
0 0.363433 0.617711 0.119076 0.245765 0.601262
0 0.706959 0.49149 0.240214 0.498292 0.584792
0 0.832816 0.311844 0.113098 0.316276 0.571742
0 0.0329686 0.659793 0.0659371 0.677599 0.541664
0 0.435639 0.470945 0.113972 0.294323 0.539304
0 0.542584 0.461087 0.107147 0.321501 0.470871
0 0.953247 0.487055 0.093071 0.320834 0.398617
0 0.862773 0.522781 0.0862856 0.234739 0.391381
0 0.234806 0.282531 0.0865224 0.235219 0.380428
0 0.338112 0.472226 0.0895397 0.24986 0.339118
0 0.902683 0.217254 0.102288 0.38647 0.334107
0 0.527798 0.292594 0.118238 0.280975 0.282032
0 0.169976 0.561433 0.280179 0.85424 0.904105
0 0.484434 0.620729 0.119039 0.238638 0.756429
0 0.936355 0.627589 0.125995 0.217765 0.63843
0 0.363433 0.617711 0.119076 0.245765 0.601262
0 0.706959 0.49149 0.240214 0.498292 0.584792
0 0.832816 0.311844 0.113098 0.316276 0.571742
0 0.0329686 0.659793 0.0659371 0.677599 0.541664
0 0.435639 0.470945 0.113972 0.294323 0.539304
0 0.542584 0.461087 0.107147 0.321501 0.470871
0 0.953247 0.487055 0.093071 0.320834 0.398617
0 0.862773 0.522781 0.0862856 0.234739 0.391381
0 0.234806 0.282531 0.0865224 0.235219 0.380428
0 0.338112 0.472226 0.0895397 0.24986 0.339118
0 0.902683 0.217254 0.102288 0.38647 0.334107
0 0.527798 0.292594 0.118238 0.280975 0.282032
