0 0.928076 0.849466 0.0508928 0.191483 0.812192
0 0.313184 0.681949 0.0492394 0.184899 0.77672
0 0.563968 0.672625 0.0390854 0.151366 0.631072
0 0.619411 0.947231 0.049563 0.105457 0.616796
0 0.735237 0.969604 0.0451457 0.0607915 0.61594
0 0.475443 0.849625 0.0492369 0.200387 0.575184
0 0.5692 0.405965 0.0310311 0.136473 0.568361
0 0.337818 0.472717 0.0375736 0.152294 0.510727
0 0.52626 0.936829 0.0421727 0.124107 0.412564
0 0.370791 0.938222 0.0552073 0.122115 0.370259
0 0.778126 0.512633 0.0333632 0.128434 0.35273
0 0.459785 0.961389 0.0423017 0.0772227 0.307464
30 0.9213 0.926042 0.0480686 0.0501168 0.277278
0 0.495215 0.971241 0.0343473 0.0575189 0.275586
0 0.928076 0.849466 0.0508928 0.191483 0.812192
0 0.313184 0.681949 0.0492394 0.184899 0.77672
0 0.563968 0.672625 0.0390854 0.151366 0.631072
0 0.619411 0.947231 0.049563 0.105457 0.616796
0 0.735237 0.969604 0.0451457 0.0607915 0.61594
0 0.475443 0.849625 0.0492369 0.200387 0.575184
0 0.5692 0.405965 0.0310311 0.136473 0.568361
0 0.337818 0.472717 0.0375736 0.152294 0.510727
0 0.52626 0.936829 0.0421727 0.124107 0.412564
0 0.370791 0.938222 0.0552073 0.122115 0.370259
0 0.778126 0.512633 0.0333632 0.128434 0.35273
0 0.459785 0.961389 0.0423017 0.0772227 0.307464
30 0.9213 0.926042 0.0480686 0.0501168 0.277278
0 0.495215 0.971241 0.0343473 0.0575189 0.275586
