0 0.565455 0.75832 0.0549896 0.194356 0.82407
0 0.591801 0.432158 0.0322071 0.160657 0.764789
0 0.634278 0.878433 0.0645063 0.223437 0.722855
0 0.660747 0.708537 0.0457149 0.17149 0.679333
0 0.456872 0.432058 0.0370579 0.126712 0.61061
0 0.88025 0.615499 0.0569828 0.128263 0.496153
38 0.61967 0.707341 0.0231766 0.047403 0.364074
0 0.786896 0.512239 0.0445246 0.138541 0.338086
0 0.78013 0.608789 0.0609531 0.119374 0.29375
0 0.565455 0.75832 0.0549896 0.194356 0.82407
0 0.591801 0.432158 0.0322071 0.160657 0.764789
0 0.634278 0.878433 0.0645063 0.223437 0.722855
0 0.660747 0.708537 0.0457149 0.17149 0.679333
0 0.456872 0.432058 0.0370579 0.126712 0.61061
0 0.88025 0.615499 0.0569828 0.128263 0.496153
38 0.61967 0.707341 0.0231766 0.047403 0.364074
0 0.786896 0.512239 0.0445246 0.138541 0.338086
0 0.78013 0.608789 0.0609531 0.119374 0.29375
