0 0.929631 0.849777 0.0412212 0.196662 0.822118
0 0.326655 0.685748 0.0531153 0.190531 0.732816
0 0.783995 0.526678 0.0335868 0.124029 0.67556
0 0.577855 0.403119 0.0236094 0.137298 0.674577
0 0.638246 0.951512 0.0559388 0.096976 0.653968
0 0.489232 0.865145 0.0510784 0.224165 0.609074
0 0.570282 0.670001 0.0471184 0.152954 0.59844
0 0.539998 0.939157 0.045167 0.121686 0.542099
0 0.623329 0.364701 0.0274036 0.116904 0.532826
0 0.341998 0.474085 0.0292822 0.158712 0.515711
0 0.749658 0.973556 0.0360806 0.0528883 0.485132
0 0.38142 0.93975 0.0544088 0.118425 0.354029
0 0.619099 0.608529 0.0509819 0.141736 0.31146
0 0.638205 0.494821 0.0322451 0.120592 0.298792
0 0.929631 0.849777 0.0412212 0.196662 0.822118
0 0.326655 0.685748 0.0531153 0.190531 0.732816
0 0.783995 0.526678 0.0335868 0.124029 0.67556
0 0.577855 0.403119 0.0236094 0.137298 0.674577
0 0.638246 0.951512 0.0559388 0.096976 0.653968
0 0.489232 0.865145 0.0510784 0.224165 0.609074
0 0.570282 0.670001 0.0471184 0.152954 0.59844
0 0.539998 0.939157 0.045167 0.121686 0.542099
0 0.623329 0.364701 0.0274036 0.116904 0.532826
0 0.341998 0.474085 0.0292822 0.158712 0.515711
0 0.749658 0.973556 0.0360806 0.0528883 0.485132
0 0.38142 0.93975 0.0544088 0.118425 0.354029
0 0.619099 0.608529 0.0509819 0.141736 0.31146
0 0.638205 0.494821 0.0322451 0.120592 0.298792
