0 0.2807 0.917739 0.134888 0.164522 0.898375
0 0.237224 0.372305 0.0337655 0.161761 0.702385
0 0.586965 0.505689 0.048306 0.181486 0.683746
0 0.786378 0.381501 0.0342387 0.170537 0.665385
0 0.482741 0.951433 0.0418882 0.0971332 0.644778
0 0.367698 0.395506 0.0341935 0.160796 0.6421
0 0.378044 0.968976 0.0441761 0.0620487 0.64024
0 0.464901 0.557359 0.0378111 0.186888 0.575372
0 0.441896 0.961889 0.0444376 0.0762224 0.55662
0 0.728521 0.797958 0.0588848 0.173678 0.491925
0 0.298098 0.567985 0.0337836 0.211455 0.483148
0 0.512325 0.478342 0.0358242 0.17576 0.479609
0 0.634687 0.642822 0.0352075 0.182469 0.467118
0 0.462428 0.439882 0.0375187 0.15145 0.441128
0 0.612369 0.773358 0.0627138 0.217227 0.407108
0 0.408377 0.328771 0.0294358 0.155408 0.393114
0 0.562401 0.933403 0.0501432 0.129113 0.364038
0 0.287458 0.51084 0.0299011 0.132356 0.284266
0 0.633671 0.8979 0.0483524 0.119514 0.279061
0 0.525024 0.945914 0.0484367 0.108172 0.263553
0 0.720372 0.886961 0.0430098 0.124201 0.252667
0 0.2807 0.917739 0.134888 0.164522 0.898375
0 0.237224 0.372305 0.0337655 0.161761 0.702385
0 0.586965 0.505689 0.048306 0.181486 0.683746
0 0.786378 0.381501 0.0342387 0.170537 0.665385
0 0.482741 0.951433 0.0418882 0.0971332 0.644778
0 0.367698 0.395506 0.0341935 0.160796 0.6421
0 0.378044 0.968976 0.0441761 0.0620487 0.64024
0 0.464901 0.557359 0.0378111 0.186888 0.575372
0 0.441896 0.961889 0.0444376 0.0762224 0.55662
0 0.728521 0.797958 0.0588848 0.173678 0.491925
0 0.298098 0.567985 0.0337836 0.211455 0.483148
0 0.512325 0.478342 0.0358242 0.17576 0.479609
0 0.634687 0.642822 0.0352075 0.182469 0.467118
0 0.462428 0.439882 0.0375187 0.15145 0.441128
0 0.612369 0.773358 0.0627138 0.217227 0.407108
0 0.408377 0.328771 0.0294358 0.155408 0.393114
0 0.562401 0.933403 0.0501432 0.129113 0.364038
0 0.287458 0.51084 0.0299011 0.132356 0.284266
0 0.633671 0.8979 0.0483524 0.119514 0.279061
0 0.525024 0.945914 0.0484367 0.108172 0.263553
0 0.720372 0.886961 0.0430098 0.124201 0.252667
