0 0.238215 0.664407 0.171525 0.625711 0.90514
0 0.165459 0.291595 0.139925 0.450512 0.8835
0 0.717605 0.444458 0.145664 0.433522 0.882192
0 0.879197 0.359414 0.116347 0.42397 0.881259
0 0.95227 0.488148 0.0947933 0.375384 0.879747
0 0.692923 0.185991 0.0776644 0.252113 0.768937
0 0.479882 0.532833 0.108249 0.395532 0.604596
0 0.339291 0.058012 0.0624566 0.112975 0.362016
0 0.399667 0.0592544 0.0631586 0.100246 0.361756
0 0.541402 0.494315 0.114315 0.4305 0.311931
0 0.53083 0.380922 0.0897785 0.21322 0.29955
0 0.962099 0.119251 0.0465897 0.148696 0.25047
