0 0.835845 0.910471 0.0482698 0.179057 0.85795
0 0.563008 0.955085 0.0557493 0.0898298 0.778003
0 0.505179 0.893 0.0561367 0.213066 0.744084
0 0.315891 0.95078 0.0557586 0.0984399 0.615508
0 0.258077 0.500138 0.0277265 0.159889 0.602241
0 0.742581 0.604531 0.0358911 0.121247 0.569463
0 0.276208 0.948046 0.0436618 0.102836 0.523075
0 0.446456 0.69579 0.054538 0.271003 0.510351
0 0.403985 0.971224 0.0399207 0.0575514 0.419627
0 0.637769 0.557124 0.0437715 0.143725 0.413065
0 0.229611 0.943372 0.0372052 0.108317 0.400984
0 0.771668 0.453109 0.0288349 0.121464 0.349026
0 0.600364 0.558894 0.0335411 0.206302 0.307645
0 0.182956 0.93904 0.0567664 0.11362 0.276941
0 0.368731 0.966499 0.0352271 0.0670014 0.257023
0 0.491795 0.417732 0.0272148 0.133593 0.25428
0 0.835845 0.910471 0.0482698 0.179057 0.85795
0 0.563008 0.955085 0.0557493 0.0898298 0.778003
0 0.505179 0.893 0.0561367 0.213066 0.744084
0 0.315891 0.95078 0.0557586 0.0984399 0.615508
0 0.258077 0.500138 0.0277265 0.159889 0.602241
0 0.742581 0.604531 0.0358911 0.121247 0.569463
0 0.276208 0.948046 0.0436618 0.102836 0.523075
0 0.446456 0.69579 0.054538 0.271003 0.510351
0 0.403985 0.971224 0.0399207 0.0575514 0.419627
0 0.637769 0.557124 0.0437715 0.143725 0.413065
0 0.229611 0.943372 0.0372052 0.108317 0.400984
0 0.771668 0.453109 0.0288349 0.121464 0.349026
0 0.600364 0.558894 0.0335411 0.206302 0.307645
0 0.182956 0.93904 0.0567664 0.11362 0.276941
0 0.368731 0.966499 0.0352271 0.0670014 0.257023
0 0.491795 0.417732 0.0272148 0.133593 0.25428
