0 0.541815 0.686176 0.0485663 0.19646 0.732388
0 0.71369 0.671582 0.041608 0.1758 0.713533
0 0.0984839 0.477127 0.0426676 0.151709 0.654925
0 0.380352 0.750655 0.0507198 0.165381 0.485282
0 0.622817 0.922255 0.0367891 0.150469 0.48295
0 0.706813 0.476465 0.0365292 0.177801 0.431137
0 0.86772 0.96526 0.0524168 0.0694797 0.400659
0 0.185457 0.478246 0.0473137 0.149605 0.398708
0 0.648601 0.734725 0.0486595 0.18943 0.354262
0 0.15808 0.487213 0.0590914 0.168789 0.351086
0 0.60171 0.697436 0.0540964 0.186695 0.346535
0 0.514069 0.865698 0.0466475 0.188794 0.340883
0 0.541815 0.686176 0.0485663 0.19646 0.732388
0 0.71369 0.671582 0.041608 0.1758 0.713533
0 0.0984839 0.477127 0.0426676 0.151709 0.654925
0 0.380352 0.750655 0.0507198 0.165381 0.485282
0 0.622817 0.922255 0.0367891 0.150469 0.48295
0 0.706813 0.476465 0.0365292 0.177801 0.431137
0 0.86772 0.96526 0.0524168 0.0694797 0.400659
0 0.185457 0.478246 0.0473137 0.149605 0.398708
0 0.648601 0.734725 0.0486595 0.18943 0.354262
0 0.15808 0.487213 0.0590914 0.168789 0.351086
0 0.60171 0.697436 0.0540964 0.186695 0.346535
0 0.514069 0.865698 0.0466475 0.188794 0.340883
