0 0.619042 0.577482 0.436212 0.822093 0.933691
0 0.374939 0.774217 0.25168 0.439816 0.807708
0 0.188407 0.824488 0.145993 0.348563 0.646379
0 0.223415 0.6323 0.139742 0.37354 0.604458
0 0.941908 0.57015 0.114633 0.264229 0.485684
0 0.264894 0.453394 0.125558 0.334462 0.44204
0 0.0730593 0.658466 0.1455 0.311454 0.436522
0 0.315233 0.218143 0.13392 0.352298 0.413113
0 0.844167 0.383878 0.130349 0.286876 0.383438
0 0.722364 0.36069 0.13151 0.269372 0.347275
0 0.866366 0.225804 0.139523 0.314686 0.326355
0 0.747213 0.188403 0.120094 0.311246 0.29631
0 0.833226 0.657841 0.104409 0.487088 0.278831
0 0.0571422 0.815675 0.109879 0.243757 0.274343
0 0.619042 0.577482 0.436212 0.822093 0.933691
0 0.374939 0.774217 0.25168 0.439816 0.807708
0 0.188407 0.824488 0.145993 0.348563 0.646379
0 0.223415 0.6323 0.139742 0.37354 0.604458
0 0.941908 0.57015 0.114633 0.264229 0.485684
0 0.264894 0.453394 0.125558 0.334462 0.44204
0 0.0730593 0.658466 0.1455 0.311454 0.436522
0 0.315233 0.218143 0.13392 0.352298 0.413113
0 0.844167 0.383878 0.130349 0.286876 0.383438
0 0.722364 0.36069 0.13151 0.269372 0.347275
0 0.866366 0.225804 0.139523 0.314686 0.326355
0 0.747213 0.188403 0.120094 0.311246 0.29631
0 0.833226 0.657841 0.104409 0.487088 0.278831
0 0.0571422 0.815675 0.109879 0.243757 0.274343
