0 0.645053 0.55177 0.0531595 0.171343 0.701095
0 0.667739 0.386597 0.0263048 0.139633 0.642375
0 0.770376 0.68049 0.0526374 0.186916 0.630237
0 0.868672 0.601657 0.0473885 0.180136 0.600898
0 0.525413 0.769245 0.0786152 0.185013 0.578911
0 0.539159 0.402288 0.0381773 0.136033 0.561325
0 0.445799 0.955935 0.0517417 0.0881292 0.464275
0 0.40226 0.95048 0.0416982 0.0990395 0.445833
0 0.622353 0.96079 0.042311 0.0782344 0.43429
0 0.365912 0.468488 0.0300187 0.131819 0.361377
0 0.682012 0.963074 0.0376801 0.0738115 0.347103
0 0.363037 0.943207 0.0423498 0.112455 0.313273
0 0.503407 0.973775 0.0351681 0.0524495 0.277314
0 0.966037 0.917804 0.0444801 0.151597 0.263538
0 0.42572 0.858161 0.0464285 0.202132 0.2599
0 0.645053 0.55177 0.0531595 0.171343 0.701095
0 0.667739 0.386597 0.0263048 0.139633 0.642375
0 0.770376 0.68049 0.0526374 0.186916 0.630237
0 0.868672 0.601657 0.0473885 0.180136 0.600898
0 0.525413 0.769245 0.0786152 0.185013 0.578911
0 0.539159 0.402288 0.0381773 0.136033 0.561325
0 0.445799 0.955935 0.0517417 0.0881292 0.464275
0 0.40226 0.95048 0.0416982 0.0990395 0.445833
0 0.622353 0.96079 0.042311 0.0782344 0.43429
0 0.365912 0.468488 0.0300187 0.131819 0.361377
0 0.682012 0.963074 0.0376801 0.0738115 0.347103
0 0.363037 0.943207 0.0423498 0.112455 0.313273
0 0.503407 0.973775 0.0351681 0.0524495 0.277314
0 0.966037 0.917804 0.0444801 0.151597 0.263538
0 0.42572 0.858161 0.0464285 0.202132 0.2599
