0 0.253087 0.927069 0.12825 0.145862 0.820169
0 0.329823 0.405117 0.0354714 0.168942 0.790349
0 0.0579465 0.529173 0.0343721 0.153757 0.783675
0 0.180204 0.377219 0.0367795 0.154215 0.696794
0 0.42115 0.34004 0.0286282 0.129188 0.598682
0 0.978814 0.509042 0.0274502 0.172338 0.594758
0 0.753918 0.418806 0.0518913 0.143266 0.58387
0 0.414309 0.970181 0.0395531 0.0596378 0.506246
0 0.62233 0.765987 0.0532572 0.187037 0.503622
0 0.493363 0.536904 0.038653 0.190374 0.493242
0 0.430809 0.535255 0.056564 0.170383 0.472619
0 0.593801 0.62943 0.0281113 0.156409 0.421226
0 0.349291 0.973781 0.0424127 0.0524385 0.42079
0 0.452866 0.959913 0.04032 0.0801737 0.414631
0 0.4532 0.581767 0.0446608 0.181816 0.39543
0 0.907407 0.952067 0.0780079 0.0934479 0.301689
30 0.446698 0.651661 0.050847 0.0552734 0.289733
0 0.646241 0.903121 0.0435982 0.124011 0.256301
0 0.253087 0.927069 0.12825 0.145862 0.820169
0 0.329823 0.405117 0.0354714 0.168942 0.790349
0 0.0579465 0.529173 0.0343721 0.153757 0.783675
0 0.180204 0.377219 0.0367795 0.154215 0.696794
0 0.42115 0.34004 0.0286282 0.129188 0.598682
0 0.978814 0.509042 0.0274502 0.172338 0.594758
0 0.753918 0.418806 0.0518913 0.143266 0.58387
0 0.414309 0.970181 0.0395531 0.0596378 0.506246
0 0.62233 0.765987 0.0532572 0.187037 0.503622
0 0.493363 0.536904 0.038653 0.190374 0.493242
0 0.430809 0.535255 0.056564 0.170383 0.472619
0 0.593801 0.62943 0.0281113 0.156409 0.421226
0 0.349291 0.973781 0.0424127 0.0524385 0.42079
0 0.452866 0.959913 0.04032 0.0801737 0.414631
0 0.4532 0.581767 0.0446608 0.181816 0.39543
0 0.907407 0.952067 0.0780079 0.0934479 0.301689
30 0.446698 0.651661 0.050847 0.0552734 0.289733
0 0.646241 0.903121 0.0435982 0.124011 0.256301
