0 0.427478 0.842144 0.0769327 0.182562 0.820704
0 0.918158 0.742586 0.07066 0.195816 0.787208
0 0.318778 0.44764 0.029638 0.137037 0.772169
0 0.0849176 0.767926 0.0472841 0.220503 0.761992
0 0.447788 0.610149 0.0385468 0.183529 0.74799
0 0.195439 0.495203 0.0285066 0.169916 0.710942
0 0.66421 0.519116 0.066016 0.183057 0.697718
0 0.593974 0.670619 0.0430161 0.185787 0.650915
0 0.75181 0.69909 0.0427884 0.202881 0.625427
0 0.88014 0.61835 0.0269079 0.161935 0.573352
0 0.606565 0.917682 0.0443125 0.160724 0.55265
0 0.365007 0.39884 0.0346666 0.129586 0.534516
0 0.706438 0.948799 0.0352971 0.0980425 0.482313
0 0.542771 0.719002 0.0532034 0.136097 0.473871
0 0.56205 0.970655 0.0366774 0.0586909 0.406571
0 0.682727 0.970642 0.0397415 0.0587156 0.315428
38 0.402345 0.659176 0.0269359 0.036321 0.258255
0 0.427478 0.842144 0.0769327 0.182562 0.820704
0 0.918158 0.742586 0.07066 0.195816 0.787208
0 0.318778 0.44764 0.029638 0.137037 0.772169
0 0.0849176 0.767926 0.0472841 0.220503 0.761992
0 0.447788 0.610149 0.0385468 0.183529 0.74799
0 0.195439 0.495203 0.0285066 0.169916 0.710942
0 0.66421 0.519116 0.066016 0.183057 0.697718
0 0.593974 0.670619 0.0430161 0.185787 0.650915
0 0.75181 0.69909 0.0427884 0.202881 0.625427
0 0.88014 0.61835 0.0269079 0.161935 0.573352
0 0.606565 0.917682 0.0443125 0.160724 0.55265
0 0.365007 0.39884 0.0346666 0.129586 0.534516
0 0.706438 0.948799 0.0352971 0.0980425 0.482313
0 0.542771 0.719002 0.0532034 0.136097 0.473871
0 0.56205 0.970655 0.0366774 0.0586909 0.406571
0 0.682727 0.970642 0.0397415 0.0587156 0.315428
38 0.402345 0.659176 0.0269359 0.036321 0.258255
