0 0.89596 0.869214 0.036541 0.187014 0.800005
0 0.549472 0.485344 0.0445189 0.142801 0.774024
0 0.91894 0.52359 0.0312817 0.159521 0.740075
0 0.23738 0.496647 0.0264641 0.159792 0.693004
0 0.451139 0.608235 0.0659069 0.15799 0.690671
0 0.527829 0.936663 0.0501007 0.126053 0.638676
0 0.808406 0.499861 0.0315342 0.139952 0.63689
0 0.606633 0.546414 0.0492956 0.154917 0.625749
0 0.374745 0.617043 0.0329668 0.176933 0.492117
0 0.264611 0.935615 0.0419322 0.123984 0.344192
0 0.453321 0.972763 0.0323933 0.0544746 0.328605
0 0.349385 0.952935 0.0342062 0.0916823 0.267076
0 0.89596 0.869214 0.036541 0.187014 0.800005
0 0.549472 0.485344 0.0445189 0.142801 0.774024
0 0.91894 0.52359 0.0312817 0.159521 0.740075
0 0.23738 0.496647 0.0264641 0.159792 0.693004
0 0.451139 0.608235 0.0659069 0.15799 0.690671
0 0.527829 0.936663 0.0501007 0.126053 0.638676
0 0.808406 0.499861 0.0315342 0.139952 0.63689
0 0.606633 0.546414 0.0492956 0.154917 0.625749
0 0.374745 0.617043 0.0329668 0.176933 0.492117
0 0.264611 0.935615 0.0419322 0.123984 0.344192
0 0.453321 0.972763 0.0323933 0.0544746 0.328605
0 0.349385 0.952935 0.0342062 0.0916823 0.267076
