0 0.6079 0.569866 0.377893 0.841193 0.944132
0 0.9199 0.544989 0.154388 0.576572 0.565908
0 0.786164 0.575448 0.127493 0.624723 0.402198
0 0.319477 0.846174 0.156237 0.304563 0.324721
0 0.347184 0.671426 0.135501 0.28088 0.324153
0 0.820394 0.177734 0.124224 0.230933 0.294319
0 0.335304 0.285243 0.108349 0.279161 0.291771
0 0.951752 0.309957 0.0957298 0.429935 0.289819
0 0.6079 0.569866 0.377893 0.841193 0.944132
0 0.9199 0.544989 0.154388 0.576572 0.565908
0 0.786164 0.575448 0.127493 0.624723 0.402198
0 0.319477 0.846174 0.156237 0.304563 0.324721
0 0.347184 0.671426 0.135501 0.28088 0.324153
0 0.820394 0.177734 0.124224 0.230933 0.294319
0 0.335304 0.285243 0.108349 0.279161 0.291771
0 0.951752 0.309957 0.0957298 0.429935 0.289819
