0 0.276423 0.33299 0.150752 0.474475 0.897457
0 0.417084 0.748722 0.14411 0.498639 0.865535
0 0.616301 0.556268 0.12668 0.411972 0.861977
0 0.813689 0.495113 0.137996 0.493574 0.824047
0 0.716372 0.643865 0.243688 0.303833 0.772283
0 0.36325 0.626522 0.119298 0.543495 0.752527
0 0.846458 0.208573 0.0828331 0.24114 0.745779
0 0.4744 0.0779735 0.0646105 0.137614 0.56506
0 0.536511 0.0917634 0.0639735 0.108043 0.364405
32 0.65834 0.772855 0.0304348 0.0507553 0.343644
0 0.982438 0.348226 0.0340422 0.0792278 0.278491
