0 0.277973 0.917268 0.134227 0.165464 0.889421
0 0.233938 0.367113 0.0345833 0.159157 0.7147
0 0.578918 0.504011 0.0488604 0.181319 0.687704
0 0.463387 0.546162 0.0352965 0.206602 0.681512
0 0.361865 0.393202 0.033532 0.163213 0.674424
0 0.273874 0.509018 0.0269074 0.114804 0.607896
0 0.783948 0.382843 0.0346195 0.168822 0.603598
0 0.508692 0.478786 0.0401459 0.187436 0.587751
0 0.368474 0.967602 0.0441976 0.064797 0.585396
0 0.296619 0.580098 0.032436 0.192841 0.584116
0 0.480667 0.950703 0.0411247 0.0985936 0.579913
0 0.724186 0.800071 0.0589879 0.178325 0.53532
0 0.439411 0.961846 0.0440968 0.076307 0.516479
0 0.613931 0.773051 0.0450666 0.216141 0.47473
0 0.408383 0.329925 0.0290841 0.158748 0.410346
0 0.463614 0.432483 0.0317458 0.136406 0.409027
0 0.632936 0.641973 0.0345612 0.192637 0.366044
0 0.558083 0.933024 0.0481614 0.126543 0.320901
0 0.630432 0.895917 0.0476599 0.121606 0.278301
0 0.277973 0.917268 0.134227 0.165464 0.889421
0 0.233938 0.367113 0.0345833 0.159157 0.7147
0 0.578918 0.504011 0.0488604 0.181319 0.687704
0 0.463387 0.546162 0.0352965 0.206602 0.681512
0 0.361865 0.393202 0.033532 0.163213 0.674424
0 0.273874 0.509018 0.0269074 0.114804 0.607896
0 0.783948 0.382843 0.0346195 0.168822 0.603598
0 0.508692 0.478786 0.0401459 0.187436 0.587751
0 0.368474 0.967602 0.0441976 0.064797 0.585396
0 0.296619 0.580098 0.032436 0.192841 0.584116
0 0.480667 0.950703 0.0411247 0.0985936 0.579913
0 0.724186 0.800071 0.0589879 0.178325 0.53532
0 0.439411 0.961846 0.0440968 0.076307 0.516479
0 0.613931 0.773051 0.0450666 0.216141 0.47473
0 0.408383 0.329925 0.0290841 0.158748 0.410346
0 0.463614 0.432483 0.0317458 0.136406 0.409027
0 0.632936 0.641973 0.0345612 0.192637 0.366044
0 0.558083 0.933024 0.0481614 0.126543 0.320901
0 0.630432 0.895917 0.0476599 0.121606 0.278301
