0 0.64982 0.586873 0.300189 0.807831 0.928026
0 0.903183 0.570959 0.193104 0.841735 0.917569
0 0.195624 0.581971 0.253123 0.816379 0.893516
0 0.849601 0.312974 0.101314 0.273044 0.565536
0 0.0328414 0.454113 0.0655946 0.257507 0.473409
0 0.0280376 0.578841 0.056052 0.240677 0.439103
0 0.358276 0.468933 0.107459 0.255872 0.422813
0 0.525056 0.331269 0.094668 0.247567 0.402127
0 0.437654 0.641669 0.107106 0.341743 0.389997
0 0.364722 0.654871 0.110469 0.325678 0.290395
0 0.279822 0.332283 0.103706 0.250452 0.280342
0 0.521992 0.531391 0.0762182 0.373837 0.252226
0 0.64982 0.586873 0.300189 0.807831 0.928026
0 0.903183 0.570959 0.193104 0.841735 0.917569
0 0.195624 0.581971 0.253123 0.816379 0.893516
0 0.849601 0.312974 0.101314 0.273044 0.565536
0 0.0328414 0.454113 0.0655946 0.257507 0.473409
0 0.0280376 0.578841 0.056052 0.240677 0.439103
0 0.358276 0.468933 0.107459 0.255872 0.422813
0 0.525056 0.331269 0.094668 0.247567 0.402127
0 0.437654 0.641669 0.107106 0.341743 0.389997
0 0.364722 0.654871 0.110469 0.325678 0.290395
0 0.279822 0.332283 0.103706 0.250452 0.280342
0 0.521992 0.531391 0.0762182 0.373837 0.252226
