0 0.88546 0.932821 0.0319021 0.134357 0.770489
0 0.606449 0.825016 0.0420425 0.232674 0.767871
0 0.301747 0.52764 0.0413604 0.186655 0.710635
0 0.28866 0.961242 0.0356297 0.0775158 0.687657
0 0.47777 0.737859 0.0551707 0.195666 0.639085
0 0.248002 0.958169 0.0425422 0.0836616 0.634908
0 0.344614 0.969678 0.037186 0.0606441 0.537742
0 0.655664 0.520851 0.028913 0.145863 0.501693
0 0.620413 0.546045 0.055003 0.201488 0.484379
0 0.382984 0.971805 0.0336307 0.0563907 0.455294
0 0.569877 0.423025 0.0270401 0.133653 0.416837
0 0.537315 0.702109 0.039454 0.185521 0.400184
0 0.123293 0.954013 0.045935 0.0889031 0.384367
0 0.889936 0.495702 0.0287964 0.109756 0.358132
0 0.50334 0.75636 0.0418455 0.171535 0.352138
0 0.523241 0.351034 0.0261697 0.120165 0.349815
0 0.560706 0.649693 0.047139 0.149076 0.344686
0 0.0256205 0.938324 0.0510018 0.119038 0.250578
0 0.88546 0.932821 0.0319021 0.134357 0.770489
0 0.606449 0.825016 0.0420425 0.232674 0.767871
0 0.301747 0.52764 0.0413604 0.186655 0.710635
0 0.28866 0.961242 0.0356297 0.0775158 0.687657
0 0.47777 0.737859 0.0551707 0.195666 0.639085
0 0.248002 0.958169 0.0425422 0.0836616 0.634908
0 0.344614 0.969678 0.037186 0.0606441 0.537742
0 0.655664 0.520851 0.028913 0.145863 0.501693
0 0.620413 0.546045 0.055003 0.201488 0.484379
0 0.382984 0.971805 0.0336307 0.0563907 0.455294
0 0.569877 0.423025 0.0270401 0.133653 0.416837
0 0.537315 0.702109 0.039454 0.185521 0.400184
0 0.123293 0.954013 0.045935 0.0889031 0.384367
0 0.889936 0.495702 0.0287964 0.109756 0.358132
0 0.50334 0.75636 0.0418455 0.171535 0.352138
0 0.523241 0.351034 0.0261697 0.120165 0.349815
0 0.560706 0.649693 0.047139 0.149076 0.344686
0 0.0256205 0.938324 0.0510018 0.119038 0.250578
