0 0.279968 0.918212 0.134275 0.163577 0.896177
0 0.236391 0.371036 0.0333881 0.160011 0.685301
0 0.376949 0.968813 0.0438542 0.0623744 0.673807
0 0.482317 0.951233 0.0411888 0.0975333 0.647965
0 0.786038 0.381434 0.0345465 0.168581 0.644764
0 0.58549 0.505256 0.0458904 0.18029 0.637887
0 0.465538 0.547881 0.0362129 0.197919 0.587211
0 0.298886 0.568985 0.0316382 0.204351 0.572832
0 0.441234 0.961788 0.0442072 0.0764241 0.555401
0 0.727629 0.801134 0.0590214 0.1788 0.543786
0 0.366991 0.394559 0.0345588 0.161023 0.543206
0 0.284308 0.505684 0.02564 0.120999 0.507622
0 0.51124 0.47902 0.0363042 0.178095 0.50006
0 0.634749 0.642146 0.0345579 0.180603 0.460945
0 0.40882 0.329852 0.0311311 0.158071 0.4446
0 0.462583 0.440213 0.03658 0.15212 0.428229
0 0.610852 0.77079 0.057075 0.21819 0.398591
0 0.562103 0.933412 0.0501255 0.129109 0.365408
0 0.719557 0.886864 0.0433371 0.125648 0.313597
0 0.632957 0.89715 0.0477727 0.11923 0.269696
0 0.279968 0.918212 0.134275 0.163577 0.896177
0 0.236391 0.371036 0.0333881 0.160011 0.685301
0 0.376949 0.968813 0.0438542 0.0623744 0.673807
0 0.482317 0.951233 0.0411888 0.0975333 0.647965
0 0.786038 0.381434 0.0345465 0.168581 0.644764
0 0.58549 0.505256 0.0458904 0.18029 0.637887
0 0.465538 0.547881 0.0362129 0.197919 0.587211
0 0.298886 0.568985 0.0316382 0.204351 0.572832
0 0.441234 0.961788 0.0442072 0.0764241 0.555401
0 0.727629 0.801134 0.0590214 0.1788 0.543786
0 0.366991 0.394559 0.0345588 0.161023 0.543206
0 0.284308 0.505684 0.02564 0.120999 0.507622
0 0.51124 0.47902 0.0363042 0.178095 0.50006
0 0.634749 0.642146 0.0345579 0.180603 0.460945
0 0.40882 0.329852 0.0311311 0.158071 0.4446
0 0.462583 0.440213 0.03658 0.15212 0.428229
0 0.610852 0.77079 0.057075 0.21819 0.398591
0 0.562103 0.933412 0.0501255 0.129109 0.365408
0 0.719557 0.886864 0.0433371 0.125648 0.313597
0 0.632957 0.89715 0.0477727 0.11923 0.269696
