0 0.426535 0.86366 0.0973146 0.181316 0.748445
0 0.397201 0.594859 0.0453495 0.195406 0.698026
0 0.27906 0.429519 0.056722 0.16652 0.692436
0 0.447921 0.63978 0.0639921 0.205552 0.676087
0 0.0749041 0.451192 0.0468572 0.131436 0.56649
0 0.622206 0.934394 0.0455725 0.12741 0.542143
0 0.685052 0.843413 0.05473 0.192024 0.514786
0 0.95382 0.524868 0.033169 0.176017 0.514448
0 0.575991 0.939964 0.0500895 0.119749 0.480533
0 0.760277 0.414682 0.0308865 0.179131 0.433478
0 0.517824 0.526806 0.0344879 0.154159 0.42542
0 0.374125 0.383843 0.0505711 0.11559 0.424862
0 0.553815 0.670203 0.0530199 0.184094 0.396299
0 0.50264 0.957212 0.0449239 0.0855755 0.36783
0 0.210071 0.370466 0.0364692 0.133347 0.359248
0 0.714077 0.915749 0.0413464 0.131745 0.306431
0 0.536875 0.95024 0.0343004 0.099251 0.264105
0 0.426535 0.86366 0.0973146 0.181316 0.748445
0 0.397201 0.594859 0.0453495 0.195406 0.698026
0 0.27906 0.429519 0.056722 0.16652 0.692436
0 0.447921 0.63978 0.0639921 0.205552 0.676087
0 0.0749041 0.451192 0.0468572 0.131436 0.56649
0 0.622206 0.934394 0.0455725 0.12741 0.542143
0 0.685052 0.843413 0.05473 0.192024 0.514786
0 0.95382 0.524868 0.033169 0.176017 0.514448
0 0.575991 0.939964 0.0500895 0.119749 0.480533
0 0.760277 0.414682 0.0308865 0.179131 0.433478
0 0.517824 0.526806 0.0344879 0.154159 0.42542
0 0.374125 0.383843 0.0505711 0.11559 0.424862
0 0.553815 0.670203 0.0530199 0.184094 0.396299
0 0.50264 0.957212 0.0449239 0.0855755 0.36783
0 0.210071 0.370466 0.0364692 0.133347 0.359248
0 0.714077 0.915749 0.0413464 0.131745 0.306431
0 0.536875 0.95024 0.0343004 0.099251 0.264105
