0 0.0752986 0.570984 0.150597 0.835026 0.910238
0 0.292983 0.566321 0.280707 0.848445 0.90533
0 0.804623 0.618901 0.291335 0.745174 0.88635
0 0.94874 0.307263 0.102034 0.302103 0.620127
0 0.0566107 0.201959 0.112592 0.34424 0.516984
0 0.482661 0.676731 0.118416 0.358388 0.484378
0 0.553318 0.482187 0.112619 0.307216 0.433625
0 0.660267 0.463032 0.109633 0.327659 0.400574
0 0.356349 0.284164 0.0816788 0.228088 0.371829
0 0.641907 0.296552 0.130078 0.305144 0.334214
0 0.900432 0.44843 0.0942118 0.27183 0.323756
0 0.602921 0.628827 0.116461 0.250009 0.298903
0 0.0752986 0.570984 0.150597 0.835026 0.910238
0 0.292983 0.566321 0.280707 0.848445 0.90533
0 0.804623 0.618901 0.291335 0.745174 0.88635
0 0.94874 0.307263 0.102034 0.302103 0.620127
0 0.0566107 0.201959 0.112592 0.34424 0.516984
0 0.482661 0.676731 0.118416 0.358388 0.484378
0 0.553318 0.482187 0.112619 0.307216 0.433625
0 0.660267 0.463032 0.109633 0.327659 0.400574
0 0.356349 0.284164 0.0816788 0.228088 0.371829
0 0.641907 0.296552 0.130078 0.305144 0.334214
0 0.900432 0.44843 0.0942118 0.27183 0.323756
0 0.602921 0.628827 0.116461 0.250009 0.298903
