0 0.853677 0.902498 0.048897 0.190685 0.747001
0 0.524911 0.596404 0.0545629 0.145596 0.671983
0 0.580111 0.492056 0.0322521 0.127263 0.646403
0 0.496894 0.856697 0.0478985 0.199065 0.633985
0 0.244148 0.499786 0.0367388 0.16133 0.624982
0 0.623083 0.60814 0.0372078 0.142363 0.5631
0 0.851177 0.581162 0.0469101 0.150812 0.552506
0 0.418025 0.643199 0.0576317 0.174239 0.548773
0 0.479954 0.413872 0.0221464 0.127225 0.511222
0 0.540777 0.940678 0.0558762 0.114901 0.496405
0 0.269455 0.938258 0.0443583 0.123485 0.487939
0 0.373297 0.639562 0.0463179 0.168409 0.463884
0 0.307081 0.938771 0.0525119 0.121484 0.400852
0 0.391005 0.959406 0.0428644 0.0811883 0.381009
0 0.462505 0.972975 0.0357726 0.0540493 0.365802
0 0.402559 0.75675 0.0294672 0.177603 0.335851
0 0.426406 0.972162 0.035207 0.0556753 0.330872
0 0.354398 0.95475 0.03646 0.0905004 0.320243
0 0.223467 0.931647 0.0413796 0.132788 0.292164
0 0.853677 0.902498 0.048897 0.190685 0.747001
0 0.524911 0.596404 0.0545629 0.145596 0.671983
0 0.580111 0.492056 0.0322521 0.127263 0.646403
0 0.496894 0.856697 0.0478985 0.199065 0.633985
0 0.244148 0.499786 0.0367388 0.16133 0.624982
0 0.623083 0.60814 0.0372078 0.142363 0.5631
0 0.851177 0.581162 0.0469101 0.150812 0.552506
0 0.418025 0.643199 0.0576317 0.174239 0.548773
0 0.479954 0.413872 0.0221464 0.127225 0.511222
0 0.540777 0.940678 0.0558762 0.114901 0.496405
0 0.269455 0.938258 0.0443583 0.123485 0.487939
0 0.373297 0.639562 0.0463179 0.168409 0.463884
0 0.307081 0.938771 0.0525119 0.121484 0.400852
0 0.391005 0.959406 0.0428644 0.0811883 0.381009
0 0.462505 0.972975 0.0357726 0.0540493 0.365802
0 0.402559 0.75675 0.0294672 0.177603 0.335851
0 0.426406 0.972162 0.035207 0.0556753 0.330872
0 0.354398 0.95475 0.03646 0.0905004 0.320243
0 0.223467 0.931647 0.0413796 0.132788 0.292164
