0 0.370527 0.640266 0.0857125 0.163273 0.816088
0 0.374565 0.430692 0.035764 0.13523 0.794754
0 0.771461 0.687659 0.0656424 0.184618 0.751376
0 0.217776 0.496739 0.0411767 0.176329 0.749979
0 0.657598 0.746028 0.0670937 0.188806 0.683923
0 0.664942 0.523609 0.0487349 0.169304 0.678097
0 0.0631692 0.50504 0.0500247 0.160588 0.65342
0 0.507005 0.669881 0.0453039 0.17506 0.60057
0 0.540107 0.682419 0.0539111 0.144231 0.520441
0 0.620693 0.965479 0.040204 0.0690414 0.512648
0 0.901893 0.607289 0.0286942 0.17318 0.51163
0 0.221915 0.673212 0.0385808 0.219169 0.498258
0 0.429897 0.356481 0.0342554 0.137811 0.483526
0 0.606955 0.913976 0.0444317 0.158826 0.405127
0 0.704827 0.946458 0.0410715 0.101713 0.364007
0 0.561239 0.969489 0.0358678 0.0610219 0.336683
0 0.370527 0.640266 0.0857125 0.163273 0.816088
0 0.374565 0.430692 0.035764 0.13523 0.794754
0 0.771461 0.687659 0.0656424 0.184618 0.751376
0 0.217776 0.496739 0.0411767 0.176329 0.749979
0 0.657598 0.746028 0.0670937 0.188806 0.683923
0 0.664942 0.523609 0.0487349 0.169304 0.678097
0 0.0631692 0.50504 0.0500247 0.160588 0.65342
0 0.507005 0.669881 0.0453039 0.17506 0.60057
0 0.540107 0.682419 0.0539111 0.144231 0.520441
0 0.620693 0.965479 0.040204 0.0690414 0.512648
0 0.901893 0.607289 0.0286942 0.17318 0.51163
0 0.221915 0.673212 0.0385808 0.219169 0.498258
0 0.429897 0.356481 0.0342554 0.137811 0.483526
0 0.606955 0.913976 0.0444317 0.158826 0.405127
0 0.704827 0.946458 0.0410715 0.101713 0.364007
0 0.561239 0.969489 0.0358678 0.0610219 0.336683
