0 0.591446 0.565545 0.406875 0.846098 0.924232
0 0.256573 0.476398 0.118175 0.300426 0.713194
0 0.810857 0.669295 0.0760447 0.321633 0.643863
0 0.654004 0.288427 0.0987576 0.204566 0.551124
0 0.221129 0.663725 0.123524 0.315315 0.540954
0 0.822723 0.498771 0.105652 0.237803 0.524554
0 0.149389 0.483638 0.114674 0.335205 0.465785
0 0.893158 0.851302 0.136816 0.290747 0.426219
0 0.907077 0.667552 0.125473 0.311038 0.415171
0 0.762709 0.320835 0.0910839 0.251544 0.40616
0 0.372331 0.492347 0.106634 0.289405 0.394988
0 0.197377 0.308902 0.11465 0.30382 0.361557
0 0.301989 0.331995 0.0992151 0.305903 0.357513
0 0.180022 0.853832 0.123569 0.289227 0.346988
0 0.864041 0.30214 0.113578 0.237459 0.322007
0 0.975431 0.836741 0.0479134 0.306563 0.309291
0 0.591446 0.565545 0.406875 0.846098 0.924232
0 0.256573 0.476398 0.118175 0.300426 0.713194
0 0.810857 0.669295 0.0760447 0.321633 0.643863
0 0.654004 0.288427 0.0987576 0.204566 0.551124
0 0.221129 0.663725 0.123524 0.315315 0.540954
0 0.822723 0.498771 0.105652 0.237803 0.524554
0 0.149389 0.483638 0.114674 0.335205 0.465785
0 0.893158 0.851302 0.136816 0.290747 0.426219
0 0.907077 0.667552 0.125473 0.311038 0.415171
0 0.762709 0.320835 0.0910839 0.251544 0.40616
0 0.372331 0.492347 0.106634 0.289405 0.394988
0 0.197377 0.308902 0.11465 0.30382 0.361557
0 0.301989 0.331995 0.0992151 0.305903 0.357513
0 0.180022 0.853832 0.123569 0.289227 0.346988
0 0.864041 0.30214 0.113578 0.237459 0.322007
0 0.975431 0.836741 0.0479134 0.306563 0.309291
