0 0.516683 0.914296 0.0560893 0.171408 0.825571
0 0.877135 0.92096 0.0335136 0.153833 0.825265
0 0.266628 0.516933 0.0376529 0.181203 0.751496
0 0.599251 0.658982 0.0825855 0.164016 0.716044
0 0.667213 0.640935 0.0823225 0.288367 0.702547
0 0.604757 0.971285 0.0446192 0.0574305 0.664995
0 0.25198 0.957697 0.0365697 0.0845964 0.616002
0 0.615343 0.523476 0.0370806 0.148359 0.58317
0 0.813755 0.476149 0.0389171 0.114978 0.551951
0 0.495133 0.615943 0.0601558 0.176525 0.536573
0 0.21132 0.955044 0.0436645 0.0880836 0.527404
0 0.527753 0.412638 0.0316928 0.14741 0.511514
0 0.305975 0.963521 0.0387518 0.0729575 0.464586
0 0.340914 0.965915 0.0423299 0.06817 0.457741
0 0.491822 0.754442 0.0564312 0.172407 0.254067
0 0.516683 0.914296 0.0560893 0.171408 0.825571
0 0.877135 0.92096 0.0335136 0.153833 0.825265
0 0.266628 0.516933 0.0376529 0.181203 0.751496
0 0.599251 0.658982 0.0825855 0.164016 0.716044
0 0.667213 0.640935 0.0823225 0.288367 0.702547
0 0.604757 0.971285 0.0446192 0.0574305 0.664995
0 0.25198 0.957697 0.0365697 0.0845964 0.616002
0 0.615343 0.523476 0.0370806 0.148359 0.58317
0 0.813755 0.476149 0.0389171 0.114978 0.551951
0 0.495133 0.615943 0.0601558 0.176525 0.536573
0 0.21132 0.955044 0.0436645 0.0880836 0.527404
0 0.527753 0.412638 0.0316928 0.14741 0.511514
0 0.305975 0.963521 0.0387518 0.0729575 0.464586
0 0.340914 0.965915 0.0423299 0.06817 0.457741
0 0.491822 0.754442 0.0564312 0.172407 0.254067
