0 0.950908 0.838819 0.0374582 0.182787 0.80081
0 0.290922 0.664089 0.0445475 0.184405 0.756295
0 0.759677 0.453486 0.0346142 0.120669 0.723773
0 0.539244 0.657442 0.0415958 0.167416 0.707356
0 0.701404 0.955769 0.0466162 0.0884628 0.621596
0 0.476014 0.845194 0.0435545 0.202699 0.531461
0 0.693928 0.548759 0.0531378 0.172783 0.490414
0 0.566051 0.404131 0.0306967 0.142827 0.465103
0 0.506987 0.927028 0.0375051 0.145943 0.458722
0 0.594143 0.933344 0.0541921 0.132975 0.430163
0 0.470453 0.960498 0.0376632 0.0790047 0.42964
0 0.318903 0.474125 0.0325235 0.132811 0.427802
0 0.633263 0.546132 0.0419101 0.1889 0.307018
0 0.403059 0.94192 0.0377882 0.10688 0.277617
0 0.438593 0.949054 0.0412474 0.100078 0.255422
0 0.950908 0.838819 0.0374582 0.182787 0.80081
0 0.290922 0.664089 0.0445475 0.184405 0.756295
0 0.759677 0.453486 0.0346142 0.120669 0.723773
0 0.539244 0.657442 0.0415958 0.167416 0.707356
0 0.701404 0.955769 0.0466162 0.0884628 0.621596
0 0.476014 0.845194 0.0435545 0.202699 0.531461
0 0.693928 0.548759 0.0531378 0.172783 0.490414
0 0.566051 0.404131 0.0306967 0.142827 0.465103
0 0.506987 0.927028 0.0375051 0.145943 0.458722
0 0.594143 0.933344 0.0541921 0.132975 0.430163
0 0.470453 0.960498 0.0376632 0.0790047 0.42964
0 0.318903 0.474125 0.0325235 0.132811 0.427802
0 0.633263 0.546132 0.0419101 0.1889 0.307018
0 0.403059 0.94192 0.0377882 0.10688 0.277617
0 0.438593 0.949054 0.0412474 0.100078 0.255422
