0 0.647032 0.940183 0.0451189 0.119633 0.752881
0 0.45505 0.667162 0.0470566 0.15803 0.6648
0 0.706072 0.964146 0.0444504 0.0717084 0.651868
0 0.293571 0.659474 0.0839539 0.165424 0.640842
0 0.190662 0.788984 0.04112 0.178903 0.568136
0 0.609482 0.539147 0.0370815 0.143913 0.555654
0 0.544751 0.422366 0.026362 0.127465 0.550531
0 0.461791 0.915158 0.0382473 0.167483 0.52135
0 0.518433 0.849924 0.047288 0.178346 0.454827
0 0.793593 0.533894 0.0271396 0.12027 0.425418
0 0.545009 0.922583 0.0447432 0.149944 0.422097
0 0.570345 0.529617 0.0464485 0.158517 0.417922
0 0.555877 0.966556 0.0378763 0.0668881 0.404964
0 0.582032 0.43178 0.0246645 0.0837045 0.379343
0 0.42743 0.938603 0.0439535 0.121441 0.353408
0 0.512578 0.969572 0.0372803 0.0608565 0.331612
0 0.647032 0.940183 0.0451189 0.119633 0.752881
0 0.45505 0.667162 0.0470566 0.15803 0.6648
0 0.706072 0.964146 0.0444504 0.0717084 0.651868
0 0.293571 0.659474 0.0839539 0.165424 0.640842
0 0.190662 0.788984 0.04112 0.178903 0.568136
0 0.609482 0.539147 0.0370815 0.143913 0.555654
0 0.544751 0.422366 0.026362 0.127465 0.550531
0 0.461791 0.915158 0.0382473 0.167483 0.52135
0 0.518433 0.849924 0.047288 0.178346 0.454827
0 0.793593 0.533894 0.0271396 0.12027 0.425418
0 0.545009 0.922583 0.0447432 0.149944 0.422097
0 0.570345 0.529617 0.0464485 0.158517 0.417922
0 0.555877 0.966556 0.0378763 0.0668881 0.404964
0 0.582032 0.43178 0.0246645 0.0837045 0.379343
0 0.42743 0.938603 0.0439535 0.121441 0.353408
0 0.512578 0.969572 0.0372803 0.0608565 0.331612
