0 0.453392 0.609754 0.0607698 0.156303 0.765678
0 0.899785 0.878567 0.0459126 0.194812 0.705954
0 0.549158 0.483854 0.0441051 0.145449 0.702685
0 0.921321 0.537144 0.0270153 0.149627 0.694299
0 0.230803 0.505332 0.0314781 0.160056 0.689363
0 0.607353 0.54934 0.0498514 0.159558 0.654657
0 0.804791 0.495755 0.0296648 0.124132 0.597807
0 0.531723 0.937942 0.0503622 0.120353 0.513305
0 0.321362 0.754284 0.0450234 0.168976 0.471329
0 0.479293 0.408147 0.0239943 0.113194 0.394509
0 0.263182 0.936871 0.043179 0.122405 0.325993
0 0.300595 0.938493 0.0520518 0.119577 0.264265
0 0.453392 0.609754 0.0607698 0.156303 0.765678
0 0.899785 0.878567 0.0459126 0.194812 0.705954
0 0.549158 0.483854 0.0441051 0.145449 0.702685
0 0.921321 0.537144 0.0270153 0.149627 0.694299
0 0.230803 0.505332 0.0314781 0.160056 0.689363
0 0.607353 0.54934 0.0498514 0.159558 0.654657
0 0.804791 0.495755 0.0296648 0.124132 0.597807
0 0.531723 0.937942 0.0503622 0.120353 0.513305
0 0.321362 0.754284 0.0450234 0.168976 0.471329
0 0.479293 0.408147 0.0239943 0.113194 0.394509
0 0.263182 0.936871 0.043179 0.122405 0.325993
0 0.300595 0.938493 0.0520518 0.119577 0.264265
