0 0.674259 0.709423 0.0756027 0.174589 0.715492
0 0.364911 0.473876 0.0317765 0.165454 0.662739
0 0.800653 0.890818 0.063087 0.218365 0.625418
0 0.446312 0.725803 0.0752308 0.193167 0.622238
0 0.796467 0.626076 0.0725275 0.270213 0.612233
0 0.263918 0.786164 0.0638592 0.144537 0.608601
0 0.573998 0.627367 0.0660481 0.211155 0.584207
0 0.638007 0.550478 0.0333433 0.183985 0.581118
0 0.71723 0.970231 0.0358713 0.0595373 0.490978
0 0.672738 0.391465 0.0232178 0.150523 0.458686
0 0.62786 0.960699 0.0412165 0.078601 0.434307
0 0.455145 0.952694 0.0544326 0.0946113 0.4322
0 0.51245 0.971683 0.035976 0.0566332 0.347473
0 0.41141 0.948431 0.0406861 0.102456 0.345405
0 0.674259 0.709423 0.0756027 0.174589 0.715492
0 0.364911 0.473876 0.0317765 0.165454 0.662739
0 0.800653 0.890818 0.063087 0.218365 0.625418
0 0.446312 0.725803 0.0752308 0.193167 0.622238
0 0.796467 0.626076 0.0725275 0.270213 0.612233
0 0.263918 0.786164 0.0638592 0.144537 0.608601
0 0.573998 0.627367 0.0660481 0.211155 0.584207
0 0.638007 0.550478 0.0333433 0.183985 0.581118
0 0.71723 0.970231 0.0358713 0.0595373 0.490978
0 0.672738 0.391465 0.0232178 0.150523 0.458686
0 0.62786 0.960699 0.0412165 0.078601 0.434307
0 0.455145 0.952694 0.0544326 0.0946113 0.4322
0 0.51245 0.971683 0.035976 0.0566332 0.347473
0 0.41141 0.948431 0.0406861 0.102456 0.345405
