0 0.824883 0.698414 0.0627508 0.17926 0.73687
0 0.631789 0.955217 0.0416635 0.0895655 0.716552
0 0.579287 0.83624 0.049617 0.201178 0.703736
0 0.459596 0.601551 0.037851 0.165022 0.675151
0 0.918653 0.59716 0.0263287 0.166145 0.64485
0 0.503992 0.653849 0.0341111 0.170228 0.617645
0 0.164492 0.455421 0.0370444 0.117507 0.575103
0 0.695419 0.955435 0.0436049 0.0876244 0.53106
0 0.612053 0.90684 0.0644279 0.185736 0.527949
0 0.425651 0.412019 0.0204504 0.128812 0.490607
0 0.367361 0.559032 0.0477976 0.149782 0.437171
0 0.5333 0.970148 0.0437412 0.0597047 0.432096
0 0.386086 0.592161 0.0275758 0.16742 0.413512
0 0.582321 0.95738 0.0452302 0.0852395 0.371598
0 0.303549 0.577163 0.0400075 0.161426 0.354875
0 0.693072 0.483058 0.0380413 0.155972 0.339512
0 0.719722 0.921356 0.0357924 0.095615 0.301436
0 0.297379 0.468871 0.0482967 0.0937427 0.295734
0 0.306681 0.515948 0.0637431 0.1887 0.25251
0 0.824883 0.698414 0.0627508 0.17926 0.73687
0 0.631789 0.955217 0.0416635 0.0895655 0.716552
0 0.579287 0.83624 0.049617 0.201178 0.703736
0 0.459596 0.601551 0.037851 0.165022 0.675151
0 0.918653 0.59716 0.0263287 0.166145 0.64485
0 0.503992 0.653849 0.0341111 0.170228 0.617645
0 0.164492 0.455421 0.0370444 0.117507 0.575103
0 0.695419 0.955435 0.0436049 0.0876244 0.53106
0 0.612053 0.90684 0.0644279 0.185736 0.527949
0 0.425651 0.412019 0.0204504 0.128812 0.490607
0 0.367361 0.559032 0.0477976 0.149782 0.437171
0 0.5333 0.970148 0.0437412 0.0597047 0.432096
0 0.386086 0.592161 0.0275758 0.16742 0.413512
0 0.582321 0.95738 0.0452302 0.0852395 0.371598
0 0.303549 0.577163 0.0400075 0.161426 0.354875
0 0.693072 0.483058 0.0380413 0.155972 0.339512
0 0.719722 0.921356 0.0357924 0.095615 0.301436
0 0.297379 0.468871 0.0482967 0.0937427 0.295734
0 0.306681 0.515948 0.0637431 0.1887 0.25251
