0 0.577994 0.556503 0.426573 0.867957 0.932419
0 0.80979 0.757346 0.160446 0.47083 0.685009
0 0.365582 0.470674 0.0998349 0.24657 0.639115
0 0.334632 0.672487 0.0980976 0.3038 0.579707
0 0.266268 0.498614 0.106943 0.332923 0.572342
0 0.894641 0.677025 0.106802 0.31826 0.501867
0 0.315043 0.3259 0.109868 0.289325 0.493705
0 0.920416 0.516271 0.103559 0.24595 0.441163
0 0.755698 0.339562 0.0977409 0.267423 0.422199
0 0.32783 0.157856 0.11324 0.291022 0.404562
0 0.862053 0.337968 0.0924255 0.245772 0.359425
0 0.812153 0.492437 0.124132 0.227114 0.298301
0 0.969975 0.670934 0.0590439 0.314673 0.292042
0 0.413392 0.328763 0.0955918 0.25847 0.280325
0 0.292131 0.855616 0.117949 0.285607 0.275539
0 0.577994 0.556503 0.426573 0.867957 0.932419
0 0.80979 0.757346 0.160446 0.47083 0.685009
0 0.365582 0.470674 0.0998349 0.24657 0.639115
0 0.334632 0.672487 0.0980976 0.3038 0.579707
0 0.266268 0.498614 0.106943 0.332923 0.572342
0 0.894641 0.677025 0.106802 0.31826 0.501867
0 0.315043 0.3259 0.109868 0.289325 0.493705
0 0.920416 0.516271 0.103559 0.24595 0.441163
0 0.755698 0.339562 0.0977409 0.267423 0.422199
0 0.32783 0.157856 0.11324 0.291022 0.404562
0 0.862053 0.337968 0.0924255 0.245772 0.359425
0 0.812153 0.492437 0.124132 0.227114 0.298301
0 0.969975 0.670934 0.0590439 0.314673 0.292042
0 0.413392 0.328763 0.0955918 0.25847 0.280325
0 0.292131 0.855616 0.117949 0.285607 0.275539
