0 0.107293 0.662129 0.136676 0.567299 0.868025
0 0.828496 0.481175 0.103931 0.349374 0.852946
0 0.0953823 0.277499 0.110697 0.461101 0.848803
0 0.755643 0.359708 0.0741156 0.402965 0.836285
0 0.597905 0.432623 0.169676 0.428657 0.823916
0 0.389124 0.511068 0.152634 0.43412 0.736208
0 0.588603 0.176908 0.0765028 0.239952 0.567127
0 0.8488 0.118635 0.0460484 0.144614 0.407612
0 0.238254 0.0559608 0.0624867 0.107098 0.360024
0 0.300737 0.0584517 0.0643831 0.100547 0.333822
38 0.798811 0.486879 0.0533001 0.112761 0.275536
0 0.56949 0.237532 0.117898 0.36148 0.265319
