0 0.0276716 0.535467 0.029599 0.159712 0.835225
0 0.324088 0.41321 0.0328587 0.160578 0.770834
0 0.246185 0.929148 0.127792 0.141704 0.770673
0 0.167272 0.383509 0.0381072 0.14854 0.647902
0 0.414877 0.346645 0.0339177 0.138789 0.627082
0 0.74965 0.41551 0.0551979 0.145842 0.582984
0 0.588974 0.627068 0.0292627 0.171836 0.576979
0 0.544307 0.497266 0.0336683 0.190134 0.526773
0 0.440216 0.558758 0.0435825 0.21078 0.476063
0 0.700591 0.821422 0.0514755 0.18526 0.473478
0 0.444528 0.962097 0.0377254 0.0758061 0.459929
0 0.611045 0.768083 0.0534439 0.180863 0.457231
0 0.489588 0.528206 0.0469508 0.196021 0.405368
0 0.526214 0.941976 0.0473238 0.113353 0.363215
0 0.900591 0.953106 0.0751299 0.0917023 0.337428
0 0.970218 0.507515 0.029855 0.180682 0.321176
0 0.40689 0.969797 0.0386892 0.060406 0.300547
0 0.597453 0.913388 0.0469343 0.123933 0.296493
0 0.34074 0.976123 0.0228247 0.0443151 0.271665
0 0.0276716 0.535467 0.029599 0.159712 0.835225
0 0.324088 0.41321 0.0328587 0.160578 0.770834
0 0.246185 0.929148 0.127792 0.141704 0.770673
0 0.167272 0.383509 0.0381072 0.14854 0.647902
0 0.414877 0.346645 0.0339177 0.138789 0.627082
0 0.74965 0.41551 0.0551979 0.145842 0.582984
0 0.588974 0.627068 0.0292627 0.171836 0.576979
0 0.544307 0.497266 0.0336683 0.190134 0.526773
0 0.440216 0.558758 0.0435825 0.21078 0.476063
0 0.700591 0.821422 0.0514755 0.18526 0.473478
0 0.444528 0.962097 0.0377254 0.0758061 0.459929
0 0.611045 0.768083 0.0534439 0.180863 0.457231
0 0.489588 0.528206 0.0469508 0.196021 0.405368
0 0.526214 0.941976 0.0473238 0.113353 0.363215
0 0.900591 0.953106 0.0751299 0.0917023 0.337428
0 0.970218 0.507515 0.029855 0.180682 0.321176
0 0.40689 0.969797 0.0386892 0.060406 0.300547
0 0.597453 0.913388 0.0469343 0.123933 0.296493
0 0.34074 0.976123 0.0228247 0.0443151 0.271665
