0 0.452907 0.4898 0.245994 0.505811 0.717644
0 0.713088 0.631644 0.134858 0.211071 0.695803
0 0.595078 0.609789 0.107538 0.257736 0.638395
0 0.746748 0.498073 0.137758 0.327716 0.609599
0 0.951076 0.494131 0.0973991 0.47467 0.590235
0 0.25665 0.625127 0.122861 0.230896 0.580716
56 0.830338 0.152434 0.102812 0.131769 0.557508
0 0.127448 0.677535 0.12546 0.351046 0.547054
0 0.873605 0.471346 0.1257 0.33423 0.489372
0 0.599817 0.326655 0.120218 0.34227 0.455812
0 0.315252 0.453942 0.110071 0.301501 0.440054
0 0.634786 0.525318 0.0835652 0.232254 0.417649
0 0.20643 0.477453 0.116356 0.307183 0.403559
56 0.913158 0.152165 0.0687927 0.133375 0.389884
0 0.822993 0.327031 0.114006 0.3351 0.350174
0 0.0374591 0.457246 0.074589 0.263535 0.337339
0 0.819804 0.674494 0.0845264 0.132005 0.334179
0 0.0443755 0.69009 0.0862115 0.336897 0.324708
0 0.890174 0.63811 0.0593227 0.197238 0.307832
0 0.452907 0.4898 0.245994 0.505811 0.717644
0 0.713088 0.631644 0.134858 0.211071 0.695803
0 0.595078 0.609789 0.107538 0.257736 0.638395
0 0.746748 0.498073 0.137758 0.327716 0.609599
0 0.951076 0.494131 0.0973991 0.47467 0.590235
0 0.25665 0.625127 0.122861 0.230896 0.580716
56 0.830338 0.152434 0.102812 0.131769 0.557508
0 0.127448 0.677535 0.12546 0.351046 0.547054
0 0.873605 0.471346 0.1257 0.33423 0.489372
0 0.599817 0.326655 0.120218 0.34227 0.455812
0 0.315252 0.453942 0.110071 0.301501 0.440054
0 0.634786 0.525318 0.0835652 0.232254 0.417649
0 0.20643 0.477453 0.116356 0.307183 0.403559
56 0.913158 0.152165 0.0687927 0.133375 0.389884
0 0.822993 0.327031 0.114006 0.3351 0.350174
0 0.0374591 0.457246 0.074589 0.263535 0.337339
0 0.819804 0.674494 0.0845264 0.132005 0.334179
0 0.0443755 0.69009 0.0862115 0.336897 0.324708
0 0.890174 0.63811 0.0593227 0.197238 0.307832
