0 0.0817964 0.450542 0.0634787 0.135095 0.759539
0 0.396992 0.578375 0.041568 0.175444 0.756171
0 0.449353 0.637953 0.0599716 0.203796 0.635314
0 0.279231 0.429034 0.0573154 0.166523 0.633224
0 0.621914 0.934138 0.0450605 0.127667 0.586525
0 0.438374 0.842065 0.0941051 0.150626 0.582015
0 0.760514 0.414091 0.0302299 0.180394 0.572662
0 0.515168 0.528446 0.0363791 0.161167 0.528276
0 0.575779 0.939852 0.0500146 0.120296 0.50818
0 0.953936 0.523907 0.0305214 0.169321 0.503641
0 0.685788 0.843073 0.055204 0.192304 0.491224
0 0.378439 0.382537 0.0510407 0.111113 0.481465
0 0.501675 0.957041 0.0442722 0.0859172 0.439511
0 0.570021 0.630716 0.0740968 0.174464 0.41569
0 0.228165 0.366274 0.0556555 0.134323 0.328644
0 0.714063 0.914829 0.0415028 0.130706 0.310492
0 0.743098 0.891631 0.0352951 0.13385 0.26111
0 0.0817964 0.450542 0.0634787 0.135095 0.759539
0 0.396992 0.578375 0.041568 0.175444 0.756171
0 0.449353 0.637953 0.0599716 0.203796 0.635314
0 0.279231 0.429034 0.0573154 0.166523 0.633224
0 0.621914 0.934138 0.0450605 0.127667 0.586525
0 0.438374 0.842065 0.0941051 0.150626 0.582015
0 0.760514 0.414091 0.0302299 0.180394 0.572662
0 0.515168 0.528446 0.0363791 0.161167 0.528276
0 0.575779 0.939852 0.0500146 0.120296 0.50818
0 0.953936 0.523907 0.0305214 0.169321 0.503641
0 0.685788 0.843073 0.055204 0.192304 0.491224
0 0.378439 0.382537 0.0510407 0.111113 0.481465
0 0.501675 0.957041 0.0442722 0.0859172 0.439511
0 0.570021 0.630716 0.0740968 0.174464 0.41569
0 0.228165 0.366274 0.0556555 0.134323 0.328644
0 0.714063 0.914829 0.0415028 0.130706 0.310492
0 0.743098 0.891631 0.0352951 0.13385 0.26111
