0 0.199565 0.494844 0.0340872 0.168413 0.786427
0 0.447958 0.610568 0.0403189 0.183656 0.777267
0 0.329585 0.448914 0.0386057 0.143456 0.773941
0 0.449527 0.841201 0.0511971 0.180959 0.761961
0 0.0983503 0.766272 0.0587054 0.221312 0.759285
0 0.664393 0.518089 0.0657888 0.184926 0.737838
0 0.754276 0.700211 0.0310549 0.199769 0.672272
0 0.378016 0.393894 0.0385708 0.139238 0.652967
0 0.608238 0.917536 0.0414282 0.161035 0.606087
0 0.932255 0.738793 0.0408756 0.199458 0.57407
0 0.883531 0.613743 0.0288082 0.156096 0.563814
0 0.600019 0.673539 0.0301902 0.192013 0.532698
0 0.706296 0.9489 0.034717 0.098371 0.498897
0 0.562137 0.970735 0.036739 0.0585297 0.426372
0 0.541937 0.722862 0.0512455 0.132048 0.39087
0 0.683092 0.969015 0.0389831 0.0619698 0.307791
0 0.199565 0.494844 0.0340872 0.168413 0.786427
0 0.447958 0.610568 0.0403189 0.183656 0.777267
0 0.329585 0.448914 0.0386057 0.143456 0.773941
0 0.449527 0.841201 0.0511971 0.180959 0.761961
0 0.0983503 0.766272 0.0587054 0.221312 0.759285
0 0.664393 0.518089 0.0657888 0.184926 0.737838
0 0.754276 0.700211 0.0310549 0.199769 0.672272
0 0.378016 0.393894 0.0385708 0.139238 0.652967
0 0.608238 0.917536 0.0414282 0.161035 0.606087
0 0.932255 0.738793 0.0408756 0.199458 0.57407
0 0.883531 0.613743 0.0288082 0.156096 0.563814
0 0.600019 0.673539 0.0301902 0.192013 0.532698
0 0.706296 0.9489 0.034717 0.098371 0.498897
0 0.562137 0.970735 0.036739 0.0585297 0.426372
0 0.541937 0.722862 0.0512455 0.132048 0.39087
0 0.683092 0.969015 0.0389831 0.0619698 0.307791
