0 0.907567 0.893495 0.0443844 0.200529 0.794038
0 0.548902 0.485917 0.0411737 0.140402 0.75622
0 0.223501 0.513855 0.0349585 0.143253 0.739055
0 0.604218 0.550831 0.041329 0.163959 0.724732
0 0.920843 0.551737 0.0280682 0.144326 0.724225
0 0.456757 0.610703 0.0598415 0.151488 0.674797
0 0.386882 0.615728 0.026468 0.185408 0.565752
0 0.541956 0.939747 0.0551139 0.114503 0.525881
0 0.350618 0.762591 0.0254908 0.190095 0.506317
0 0.29991 0.939995 0.0546997 0.119237 0.433462
0 0.801953 0.480158 0.0296413 0.125429 0.39988
0 0.420994 0.348275 0.0204376 0.121029 0.376279
0 0.452712 0.973418 0.0331076 0.0513101 0.368002
0 0.261858 0.937534 0.0423795 0.123335 0.357707
0 0.384024 0.958745 0.0411244 0.0825096 0.33244
0 0.346992 0.955384 0.0362291 0.0892309 0.303844
0 0.504482 0.864756 0.0451841 0.191753 0.261334
0 0.907567 0.893495 0.0443844 0.200529 0.794038
0 0.548902 0.485917 0.0411737 0.140402 0.75622
0 0.223501 0.513855 0.0349585 0.143253 0.739055
0 0.604218 0.550831 0.041329 0.163959 0.724732
0 0.920843 0.551737 0.0280682 0.144326 0.724225
0 0.456757 0.610703 0.0598415 0.151488 0.674797
0 0.386882 0.615728 0.026468 0.185408 0.565752
0 0.541956 0.939747 0.0551139 0.114503 0.525881
0 0.350618 0.762591 0.0254908 0.190095 0.506317
0 0.29991 0.939995 0.0546997 0.119237 0.433462
0 0.801953 0.480158 0.0296413 0.125429 0.39988
0 0.420994 0.348275 0.0204376 0.121029 0.376279
0 0.452712 0.973418 0.0331076 0.0513101 0.368002
0 0.261858 0.937534 0.0423795 0.123335 0.357707
0 0.384024 0.958745 0.0411244 0.0825096 0.33244
0 0.346992 0.955384 0.0362291 0.0892309 0.303844
0 0.504482 0.864756 0.0451841 0.191753 0.261334
