0 0.351004 0.367936 0.190473 0.494721 0.914824
0 0.74595 0.623407 0.159773 0.429578 0.896003
0 0.46191 0.604403 0.125552 0.571255 0.88055
0 0.578057 0.785642 0.142287 0.421759 0.855967
0 0.870345 0.736058 0.207355 0.267735 0.774537
0 0.938875 0.542083 0.120451 0.546322 0.74296
0 0.958814 0.226788 0.0822193 0.228799 0.639423
0 0.572625 0.106257 0.0656528 0.143908 0.620479
38 0.480519 0.586606 0.0404516 0.0740897 0.481733
0 0.640441 0.16737 0.0768976 0.217528 0.361067
0 0.816777 0.15789 0.0797272 0.231557 0.289362
0 0.91111 0.137468 0.0866795 0.209166 0.251058
