0 0.714378 0.671082 0.047241 0.179149 0.75772
0 0.543302 0.684192 0.0471786 0.196364 0.729764
0 0.0964768 0.476561 0.0511553 0.152393 0.706387
0 0.624949 0.922977 0.0351317 0.15015 0.605129
0 0.378327 0.751481 0.0474929 0.162448 0.591014
0 0.870969 0.963679 0.0544727 0.0726427 0.505761
0 0.647756 0.730173 0.0482665 0.197343 0.49578
0 0.182512 0.484263 0.0558192 0.151746 0.421264
0 0.594343 0.668716 0.0395821 0.122895 0.380481
0 0.161734 0.486383 0.0521903 0.168849 0.348278
0 0.707223 0.471604 0.0348559 0.185238 0.32765
0 0.812302 0.953672 0.0433134 0.0926551 0.311563
0 0.714378 0.671082 0.047241 0.179149 0.75772
0 0.543302 0.684192 0.0471786 0.196364 0.729764
0 0.0964768 0.476561 0.0511553 0.152393 0.706387
0 0.624949 0.922977 0.0351317 0.15015 0.605129
0 0.378327 0.751481 0.0474929 0.162448 0.591014
0 0.870969 0.963679 0.0544727 0.0726427 0.505761
0 0.647756 0.730173 0.0482665 0.197343 0.49578
0 0.182512 0.484263 0.0558192 0.151746 0.421264
0 0.594343 0.668716 0.0395821 0.122895 0.380481
0 0.161734 0.486383 0.0521903 0.168849 0.348278
0 0.707223 0.471604 0.0348559 0.185238 0.32765
0 0.812302 0.953672 0.0433134 0.0926551 0.311563
