0 0.392371 0.628089 0.0853376 0.176909 0.81905
0 0.0420947 0.507445 0.0514798 0.178912 0.781706
0 0.217097 0.495064 0.0348257 0.175831 0.74682
0 0.661944 0.5196 0.0486372 0.179084 0.743582
0 0.364248 0.43646 0.0300059 0.137095 0.732644
0 0.777197 0.693264 0.0538956 0.183085 0.715565
0 0.59534 0.669584 0.0494285 0.182606 0.687525
0 0.6513 0.769907 0.0602146 0.160813 0.662736
0 0.18768 0.69385 0.0487445 0.206641 0.618629
0 0.903639 0.606494 0.0305126 0.17543 0.570195
0 0.621569 0.966475 0.0403503 0.0670498 0.569921
0 0.608778 0.915615 0.0420626 0.161311 0.507101
0 0.421254 0.357968 0.0272952 0.135824 0.479652
0 0.705267 0.947422 0.0412571 0.100253 0.447221
0 0.541544 0.706171 0.0477518 0.142627 0.402669
0 0.561563 0.970046 0.0352058 0.0599077 0.370027
0 0.516704 0.657089 0.0491106 0.160977 0.310859
0 0.682627 0.967438 0.0391045 0.0651241 0.307775
0 0.392371 0.628089 0.0853376 0.176909 0.81905
0 0.0420947 0.507445 0.0514798 0.178912 0.781706
0 0.217097 0.495064 0.0348257 0.175831 0.74682
0 0.661944 0.5196 0.0486372 0.179084 0.743582
0 0.364248 0.43646 0.0300059 0.137095 0.732644
0 0.777197 0.693264 0.0538956 0.183085 0.715565
0 0.59534 0.669584 0.0494285 0.182606 0.687525
0 0.6513 0.769907 0.0602146 0.160813 0.662736
0 0.18768 0.69385 0.0487445 0.206641 0.618629
0 0.903639 0.606494 0.0305126 0.17543 0.570195
0 0.621569 0.966475 0.0403503 0.0670498 0.569921
0 0.608778 0.915615 0.0420626 0.161311 0.507101
0 0.421254 0.357968 0.0272952 0.135824 0.479652
0 0.705267 0.947422 0.0412571 0.100253 0.447221
0 0.541544 0.706171 0.0477518 0.142627 0.402669
0 0.561563 0.970046 0.0352058 0.0599077 0.370027
0 0.516704 0.657089 0.0491106 0.160977 0.310859
0 0.682627 0.967438 0.0391045 0.0651241 0.307775
