0 0.342733 0.691949 0.0604331 0.189546 0.763986
0 0.663783 0.954956 0.0510399 0.0900877 0.71413
0 0.929145 0.854667 0.0511286 0.203227 0.673754
0 0.564843 0.944118 0.0458698 0.111763 0.653543
0 0.493838 0.855343 0.063127 0.229186 0.653081
0 0.560613 0.703323 0.0487452 0.15073 0.594905
0 0.752126 0.52152 0.0667909 0.155885 0.508093
0 0.654533 0.542227 0.0594919 0.203272 0.485118
0 0.400432 0.943474 0.0553121 0.113053 0.452481
0 0.357016 0.478256 0.0364055 0.153206 0.447099
0 0.60053 0.397534 0.0189398 0.131318 0.439026
0 0.603741 0.591449 0.0475548 0.174852 0.38438
0 0.455548 0.961433 0.0409295 0.0771335 0.367018
0 0.575803 0.571407 0.0386927 0.1509 0.362692
0 0.361443 0.937909 0.0435134 0.119983 0.347655
0 0.632594 0.359317 0.0272303 0.105928 0.278854
0 0.321596 0.925771 0.043938 0.118149 0.251412
0 0.342733 0.691949 0.0604331 0.189546 0.763986
0 0.663783 0.954956 0.0510399 0.0900877 0.71413
0 0.929145 0.854667 0.0511286 0.203227 0.673754
0 0.564843 0.944118 0.0458698 0.111763 0.653543
0 0.493838 0.855343 0.063127 0.229186 0.653081
0 0.560613 0.703323 0.0487452 0.15073 0.594905
0 0.752126 0.52152 0.0667909 0.155885 0.508093
0 0.654533 0.542227 0.0594919 0.203272 0.485118
0 0.400432 0.943474 0.0553121 0.113053 0.452481
0 0.357016 0.478256 0.0364055 0.153206 0.447099
0 0.60053 0.397534 0.0189398 0.131318 0.439026
0 0.603741 0.591449 0.0475548 0.174852 0.38438
0 0.455548 0.961433 0.0409295 0.0771335 0.367018
0 0.575803 0.571407 0.0386927 0.1509 0.362692
0 0.361443 0.937909 0.0435134 0.119983 0.347655
0 0.632594 0.359317 0.0272303 0.105928 0.278854
0 0.321596 0.925771 0.043938 0.118149 0.251412
