0 0.483576 0.738945 0.0420211 0.199485 0.854644
0 0.356819 0.81062 0.0630892 0.229311 0.773259
0 0.582217 0.673395 0.0499256 0.210689 0.688763
0 0.623373 0.685589 0.0425227 0.207394 0.672901
0 0.964879 0.96238 0.0538563 0.0749403 0.671167
0 0.865192 0.604922 0.0847298 0.131789 0.652715
0 0.702142 0.633235 0.0710747 0.290506 0.62781
0 0.349898 0.53231 0.0518975 0.145595 0.60075
0 0.670363 0.522367 0.0570763 0.169123 0.585854
0 0.0339197 0.953168 0.0498341 0.092628 0.438616
0 0.130488 0.96769 0.0390651 0.0641239 0.417107
0 0.260196 0.972222 0.033845 0.0555567 0.377622
0 0.602231 0.441739 0.032568 0.139798 0.266569
0 0.483576 0.738945 0.0420211 0.199485 0.854644
0 0.356819 0.81062 0.0630892 0.229311 0.773259
0 0.582217 0.673395 0.0499256 0.210689 0.688763
0 0.623373 0.685589 0.0425227 0.207394 0.672901
0 0.964879 0.96238 0.0538563 0.0749403 0.671167
0 0.865192 0.604922 0.0847298 0.131789 0.652715
0 0.702142 0.633235 0.0710747 0.290506 0.62781
0 0.349898 0.53231 0.0518975 0.145595 0.60075
0 0.670363 0.522367 0.0570763 0.169123 0.585854
0 0.0339197 0.953168 0.0498341 0.092628 0.438616
0 0.130488 0.96769 0.0390651 0.0641239 0.417107
0 0.260196 0.972222 0.033845 0.0555567 0.377622
0 0.602231 0.441739 0.032568 0.139798 0.266569
