0 0.920907 0.497059 0.157685 0.469491 0.825266
0 0.645011 0.633915 0.132373 0.206633 0.692683
0 0.0602873 0.687776 0.120236 0.362755 0.678766
0 0.356779 0.486688 0.238671 0.508282 0.661038
0 0.521619 0.607024 0.119422 0.262382 0.607727
0 0.182874 0.633819 0.1184 0.241748 0.531409
0 0.678103 0.498217 0.133088 0.324024 0.514129
0 0.798927 0.479453 0.121347 0.350992 0.497022
0 0.956757 0.283529 0.0856415 0.198082 0.495669
56 0.758698 0.16083 0.110182 0.138957 0.476395
0 0.249135 0.46549 0.112613 0.31816 0.470395
56 0.845611 0.15467 0.0662102 0.133375 0.469619
0 0.752715 0.329593 0.11057 0.331545 0.445414
0 0.13372 0.478785 0.122035 0.315024 0.441218
0 0.533318 0.327797 0.120426 0.329005 0.408145
0 0.605028 0.226232 0.10008 0.377563 0.382947
0 0.901446 0.140253 0.0908108 0.245897 0.368441
0 0.833496 0.602342 0.0749929 0.271804 0.352132
0 0.566534 0.531424 0.0870636 0.236556 0.340223
56 0.703792 0.275809 0.073592 0.0679328 0.339244
0 0.744954 0.670502 0.0709173 0.134947 0.309932
0 0.0401371 0.482637 0.0802741 0.283803 0.259656
0 0.920907 0.497059 0.157685 0.469491 0.825266
0 0.645011 0.633915 0.132373 0.206633 0.692683
0 0.0602873 0.687776 0.120236 0.362755 0.678766
0 0.356779 0.486688 0.238671 0.508282 0.661038
0 0.521619 0.607024 0.119422 0.262382 0.607727
0 0.182874 0.633819 0.1184 0.241748 0.531409
0 0.678103 0.498217 0.133088 0.324024 0.514129
0 0.798927 0.479453 0.121347 0.350992 0.497022
0 0.956757 0.283529 0.0856415 0.198082 0.495669
56 0.758698 0.16083 0.110182 0.138957 0.476395
0 0.249135 0.46549 0.112613 0.31816 0.470395
56 0.845611 0.15467 0.0662102 0.133375 0.469619
0 0.752715 0.329593 0.11057 0.331545 0.445414
0 0.13372 0.478785 0.122035 0.315024 0.441218
0 0.533318 0.327797 0.120426 0.329005 0.408145
0 0.605028 0.226232 0.10008 0.377563 0.382947
0 0.901446 0.140253 0.0908108 0.245897 0.368441
0 0.833496 0.602342 0.0749929 0.271804 0.352132
0 0.566534 0.531424 0.0870636 0.236556 0.340223
56 0.703792 0.275809 0.073592 0.0679328 0.339244
0 0.744954 0.670502 0.0709173 0.134947 0.309932
0 0.0401371 0.482637 0.0802741 0.283803 0.259656
