0 0.892891 0.867524 0.0345177 0.185915 0.857345
0 0.549723 0.484948 0.0435764 0.14313 0.788554
0 0.917744 0.522711 0.0305504 0.158047 0.749547
0 0.44791 0.603385 0.0664728 0.165402 0.718032
0 0.238686 0.496458 0.0268208 0.157698 0.705115
0 0.605132 0.547585 0.0498886 0.156518 0.67131
0 0.527701 0.935309 0.0501942 0.12771 0.649636
0 0.810278 0.505765 0.0292083 0.146927 0.576408
0 0.373094 0.621411 0.0318632 0.186107 0.511023
0 0.478702 0.408467 0.0230507 0.110348 0.451456
0 0.453477 0.972548 0.0325916 0.0549042 0.44754
0 0.264938 0.935446 0.0410248 0.125188 0.353011
0 0.349907 0.953082 0.0336015 0.0908532 0.342014
0 0.419276 0.97018 0.0351551 0.0596391 0.322557
0 0.385704 0.956965 0.0401405 0.0849494 0.308728
0 0.304063 0.935915 0.0505076 0.124786 0.288006
0 0.892891 0.867524 0.0345177 0.185915 0.857345
0 0.549723 0.484948 0.0435764 0.14313 0.788554
0 0.917744 0.522711 0.0305504 0.158047 0.749547
0 0.44791 0.603385 0.0664728 0.165402 0.718032
0 0.238686 0.496458 0.0268208 0.157698 0.705115
0 0.605132 0.547585 0.0498886 0.156518 0.67131
0 0.527701 0.935309 0.0501942 0.12771 0.649636
0 0.810278 0.505765 0.0292083 0.146927 0.576408
0 0.373094 0.621411 0.0318632 0.186107 0.511023
0 0.478702 0.408467 0.0230507 0.110348 0.451456
0 0.453477 0.972548 0.0325916 0.0549042 0.44754
0 0.264938 0.935446 0.0410248 0.125188 0.353011
0 0.349907 0.953082 0.0336015 0.0908532 0.342014
0 0.419276 0.97018 0.0351551 0.0596391 0.322557
0 0.385704 0.956965 0.0401405 0.0849494 0.308728
0 0.304063 0.935915 0.0505076 0.124786 0.288006
