0 0.691425 0.541323 0.0550688 0.136503 0.832104
0 0.315938 0.538325 0.0351459 0.173009 0.782277
0 0.674582 0.784102 0.0532377 0.181284 0.761082
0 0.4579 0.767686 0.0713837 0.205234 0.742235
0 0.890765 0.94088 0.0380129 0.11535 0.650163
0 0.900687 0.531202 0.0460955 0.13738 0.639888
0 0.256092 0.96576 0.0378174 0.0684803 0.561771
0 0.299074 0.969225 0.036106 0.0615495 0.522757
0 0.6293 0.527732 0.0468958 0.172196 0.503272
0 0.58477 0.43201 0.0300497 0.145948 0.49452
0 0.532796 0.654452 0.0373734 0.128129 0.331956
0 0.5412 0.364715 0.0297385 0.116614 0.298016
0 0.128679 0.960099 0.042401 0.0756263 0.297307
0 0.590769 0.657805 0.0519819 0.164251 0.29711
0 0.552334 0.69325 0.0401812 0.167834 0.287361
0 0.691425 0.541323 0.0550688 0.136503 0.832104
0 0.315938 0.538325 0.0351459 0.173009 0.782277
0 0.674582 0.784102 0.0532377 0.181284 0.761082
0 0.4579 0.767686 0.0713837 0.205234 0.742235
0 0.890765 0.94088 0.0380129 0.11535 0.650163
0 0.900687 0.531202 0.0460955 0.13738 0.639888
0 0.256092 0.96576 0.0378174 0.0684803 0.561771
0 0.299074 0.969225 0.036106 0.0615495 0.522757
0 0.6293 0.527732 0.0468958 0.172196 0.503272
0 0.58477 0.43201 0.0300497 0.145948 0.49452
0 0.532796 0.654452 0.0373734 0.128129 0.331956
0 0.5412 0.364715 0.0297385 0.116614 0.298016
0 0.128679 0.960099 0.042401 0.0756263 0.297307
0 0.590769 0.657805 0.0519819 0.164251 0.29711
0 0.552334 0.69325 0.0401812 0.167834 0.287361
