0 0.852792 0.9113 0.0391222 0.1774 0.809323
0 0.510253 0.910326 0.0557521 0.177111 0.669973
0 0.261221 0.509667 0.0367585 0.170839 0.661835
0 0.577235 0.961749 0.0530069 0.0760271 0.651397
0 0.286475 0.955562 0.0411719 0.0888752 0.546216
0 0.198897 0.946496 0.0432433 0.103626 0.540988
0 0.238633 0.949611 0.0421506 0.0985492 0.539853
0 0.481145 0.67919 0.0462214 0.273287 0.498162
0 0.505533 0.418546 0.0299614 0.135143 0.486876
0 0.719968 0.6261 0.0434477 0.129694 0.439705
0 0.779832 0.466165 0.0423756 0.118873 0.439146
0 0.324086 0.957794 0.0471924 0.0844128 0.379132
0 0.651906 0.562873 0.0422106 0.148922 0.338181
0 0.378101 0.973963 0.0311134 0.0520736 0.252797
0 0.852792 0.9113 0.0391222 0.1774 0.809323
0 0.510253 0.910326 0.0557521 0.177111 0.669973
0 0.261221 0.509667 0.0367585 0.170839 0.661835
0 0.577235 0.961749 0.0530069 0.0760271 0.651397
0 0.286475 0.955562 0.0411719 0.0888752 0.546216
0 0.198897 0.946496 0.0432433 0.103626 0.540988
0 0.238633 0.949611 0.0421506 0.0985492 0.539853
0 0.481145 0.67919 0.0462214 0.273287 0.498162
0 0.505533 0.418546 0.0299614 0.135143 0.486876
0 0.719968 0.6261 0.0434477 0.129694 0.439705
0 0.779832 0.466165 0.0423756 0.118873 0.439146
0 0.324086 0.957794 0.0471924 0.0844128 0.379132
0 0.651906 0.562873 0.0422106 0.148922 0.338181
0 0.378101 0.973963 0.0311134 0.0520736 0.252797
