0 0.460226 0.757648 0.0767113 0.208225 0.825634
0 0.688944 0.535999 0.0558323 0.143701 0.816116
0 0.666063 0.78086 0.0521944 0.180791 0.769353
0 0.31495 0.532096 0.0384812 0.184977 0.769252
0 0.890046 0.940009 0.036665 0.117632 0.722367
0 0.254605 0.963517 0.0387515 0.0729652 0.629458
0 0.29809 0.967557 0.036119 0.064886 0.586285
0 0.583141 0.429053 0.0317676 0.147627 0.570275
0 0.63449 0.528316 0.0367842 0.169696 0.502118
0 0.904735 0.521042 0.0328985 0.118648 0.448547
0 0.587832 0.6583 0.0620599 0.157202 0.444772
0 0.354655 0.976407 0.0353161 0.0471856 0.404304
0 0.13089 0.958915 0.0467054 0.0785168 0.323808
0 0.528501 0.657509 0.0344769 0.159661 0.317233
0 0.538421 0.35706 0.0265125 0.127393 0.307622
0 0.549527 0.691891 0.0409012 0.196402 0.299894
0 0.460226 0.757648 0.0767113 0.208225 0.825634
0 0.688944 0.535999 0.0558323 0.143701 0.816116
0 0.666063 0.78086 0.0521944 0.180791 0.769353
0 0.31495 0.532096 0.0384812 0.184977 0.769252
0 0.890046 0.940009 0.036665 0.117632 0.722367
0 0.254605 0.963517 0.0387515 0.0729652 0.629458
0 0.29809 0.967557 0.036119 0.064886 0.586285
0 0.583141 0.429053 0.0317676 0.147627 0.570275
0 0.63449 0.528316 0.0367842 0.169696 0.502118
0 0.904735 0.521042 0.0328985 0.118648 0.448547
0 0.587832 0.6583 0.0620599 0.157202 0.444772
0 0.354655 0.976407 0.0353161 0.0471856 0.404304
0 0.13089 0.958915 0.0467054 0.0785168 0.323808
0 0.528501 0.657509 0.0344769 0.159661 0.317233
0 0.538421 0.35706 0.0265125 0.127393 0.307622
0 0.549527 0.691891 0.0409012 0.196402 0.299894
