0 0.695352 0.942984 0.0438635 0.114032 0.750017
0 0.830657 0.602333 0.0372381 0.167942 0.706322
0 0.566422 0.95994 0.0435658 0.0801205 0.657529
0 0.272784 0.970193 0.0488855 0.0596149 0.651757
0 0.650894 0.952094 0.0501699 0.0958113 0.644376
0 0.804268 0.375973 0.044879 0.175873 0.612482
0 0.769676 0.86204 0.0541104 0.2113 0.586392
0 0.422469 0.608415 0.0454159 0.181044 0.584203
0 0.604624 0.957094 0.0389202 0.0858119 0.517989
0 0.737921 0.937579 0.046178 0.124841 0.4979
0 0.151465 0.610517 0.0574396 0.217795 0.477809
0 0.187933 0.925999 0.100005 0.148002 0.425276
0 0.521877 0.973652 0.0334963 0.0499247 0.32418
0 0.1959 0.632961 0.0531532 0.17052 0.278252
0 0.232304 0.827194 0.0553787 0.211383 0.261309
0 0.695352 0.942984 0.0438635 0.114032 0.750017
0 0.830657 0.602333 0.0372381 0.167942 0.706322
0 0.566422 0.95994 0.0435658 0.0801205 0.657529
0 0.272784 0.970193 0.0488855 0.0596149 0.651757
0 0.650894 0.952094 0.0501699 0.0958113 0.644376
0 0.804268 0.375973 0.044879 0.175873 0.612482
0 0.769676 0.86204 0.0541104 0.2113 0.586392
0 0.422469 0.608415 0.0454159 0.181044 0.584203
0 0.604624 0.957094 0.0389202 0.0858119 0.517989
0 0.737921 0.937579 0.046178 0.124841 0.4979
0 0.151465 0.610517 0.0574396 0.217795 0.477809
0 0.187933 0.925999 0.100005 0.148002 0.425276
0 0.521877 0.973652 0.0334963 0.0499247 0.32418
0 0.1959 0.632961 0.0531532 0.17052 0.278252
0 0.232304 0.827194 0.0553787 0.211383 0.261309
