0 0.84166 0.902235 0.029348 0.19553 0.750901
0 0.495419 0.867406 0.066152 0.224972 0.694981
0 0.624403 0.564779 0.0355113 0.155239 0.675685
0 0.543893 0.943976 0.0567488 0.109729 0.614623
0 0.246467 0.492697 0.0270237 0.163731 0.549331
0 0.562301 0.596876 0.0311122 0.147255 0.483923
0 0.391274 0.96158 0.0427339 0.0768398 0.482667
0 0.790569 0.566636 0.0355127 0.10699 0.442355
0 0.765519 0.438474 0.027332 0.106475 0.384019
0 0.305628 0.941718 0.0590454 0.114475 0.381748
0 0.266329 0.939171 0.0451811 0.118714 0.381483
0 0.477324 0.413918 0.0231374 0.124546 0.374776
0 0.464047 0.976983 0.0371906 0.0460346 0.343954
0 0.425365 0.759261 0.037862 0.171237 0.335005
0 0.380716 0.636954 0.0485552 0.18128 0.334812
0 0.588937 0.484774 0.0365482 0.109481 0.304094
0 0.355609 0.956953 0.0358511 0.0860931 0.298367
0 0.427682 0.97472 0.031671 0.0505607 0.286476
0 0.223438 0.934386 0.0444304 0.124454 0.282406
0 0.84166 0.902235 0.029348 0.19553 0.750901
0 0.495419 0.867406 0.066152 0.224972 0.694981
0 0.624403 0.564779 0.0355113 0.155239 0.675685
0 0.543893 0.943976 0.0567488 0.109729 0.614623
0 0.246467 0.492697 0.0270237 0.163731 0.549331
0 0.562301 0.596876 0.0311122 0.147255 0.483923
0 0.391274 0.96158 0.0427339 0.0768398 0.482667
0 0.790569 0.566636 0.0355127 0.10699 0.442355
0 0.765519 0.438474 0.027332 0.106475 0.384019
0 0.305628 0.941718 0.0590454 0.114475 0.381748
0 0.266329 0.939171 0.0451811 0.118714 0.381483
0 0.477324 0.413918 0.0231374 0.124546 0.374776
0 0.464047 0.976983 0.0371906 0.0460346 0.343954
0 0.425365 0.759261 0.037862 0.171237 0.335005
0 0.380716 0.636954 0.0485552 0.18128 0.334812
0 0.588937 0.484774 0.0365482 0.109481 0.304094
0 0.355609 0.956953 0.0358511 0.0860931 0.298367
0 0.427682 0.97472 0.031671 0.0505607 0.286476
0 0.223438 0.934386 0.0444304 0.124454 0.282406
