0 0.339208 0.444868 0.0346908 0.137083 0.79115
0 0.674923 0.521261 0.0460218 0.177399 0.764544
0 0.444242 0.609237 0.0496101 0.176223 0.745919
0 0.211096 0.499789 0.0487299 0.168731 0.741373
0 0.580813 0.667551 0.0711712 0.204487 0.714776
0 0.128692 0.7353 0.0326015 0.221514 0.713858
0 0.894854 0.607278 0.0277273 0.168889 0.654521
0 0.959685 0.730014 0.0563305 0.208899 0.645514
0 0.759217 0.70091 0.0286922 0.199862 0.625473
0 0.706423 0.948227 0.0342382 0.0987907 0.574463
0 0.609088 0.91228 0.0392202 0.150697 0.563494
0 0.0131537 0.52631 0.0262445 0.153579 0.494058
0 0.390379 0.379682 0.0269188 0.14269 0.486813
0 0.561889 0.970158 0.0367316 0.0596845 0.417396
0 0.682709 0.969598 0.0396276 0.0608042 0.390222
0 0.611097 0.96878 0.0361187 0.0624402 0.321799
38 0.401767 0.658283 0.0260408 0.0359706 0.294772
0 0.544695 0.779027 0.0741086 0.211492 0.285152
0 0.538055 0.803918 0.0427629 0.137171 0.268596
0 0.339208 0.444868 0.0346908 0.137083 0.79115
0 0.674923 0.521261 0.0460218 0.177399 0.764544
0 0.444242 0.609237 0.0496101 0.176223 0.745919
0 0.211096 0.499789 0.0487299 0.168731 0.741373
0 0.580813 0.667551 0.0711712 0.204487 0.714776
0 0.128692 0.7353 0.0326015 0.221514 0.713858
0 0.894854 0.607278 0.0277273 0.168889 0.654521
0 0.959685 0.730014 0.0563305 0.208899 0.645514
0 0.759217 0.70091 0.0286922 0.199862 0.625473
0 0.706423 0.948227 0.0342382 0.0987907 0.574463
0 0.609088 0.91228 0.0392202 0.150697 0.563494
0 0.0131537 0.52631 0.0262445 0.153579 0.494058
0 0.390379 0.379682 0.0269188 0.14269 0.486813
0 0.561889 0.970158 0.0367316 0.0596845 0.417396
0 0.682709 0.969598 0.0396276 0.0608042 0.390222
0 0.611097 0.96878 0.0361187 0.0624402 0.321799
38 0.401767 0.658283 0.0260408 0.0359706 0.294772
0 0.544695 0.779027 0.0741086 0.211492 0.285152
0 0.538055 0.803918 0.0427629 0.137171 0.268596
