0 0.335505 0.445756 0.0418313 0.136096 0.808809
0 0.44636 0.606965 0.0474693 0.175223 0.758371
0 0.674966 0.518911 0.0463244 0.180093 0.754758
0 0.209015 0.497927 0.0469637 0.176117 0.734772
0 0.89171 0.610951 0.0269152 0.160238 0.693122
0 0.586008 0.671127 0.0617662 0.200362 0.676423
0 0.608722 0.91666 0.0403927 0.160028 0.656935
0 0.758844 0.700972 0.0266554 0.203573 0.654609
0 0.123149 0.737776 0.0412657 0.18669 0.653171
0 0.955031 0.730882 0.0533657 0.203836 0.636054
0 0.526945 0.802536 0.0698494 0.170448 0.586313
0 0.706511 0.948727 0.0343643 0.0984965 0.584188
0 0.562026 0.970201 0.0368689 0.0595981 0.449933
0 0.38695 0.382624 0.0333518 0.141188 0.403062
0 0.682743 0.970083 0.0394028 0.059834 0.388892
32 0.980141 0.812088 0.015723 0.0369142 0.292491
0 0.335505 0.445756 0.0418313 0.136096 0.808809
0 0.44636 0.606965 0.0474693 0.175223 0.758371
0 0.674966 0.518911 0.0463244 0.180093 0.754758
0 0.209015 0.497927 0.0469637 0.176117 0.734772
0 0.89171 0.610951 0.0269152 0.160238 0.693122
0 0.586008 0.671127 0.0617662 0.200362 0.676423
0 0.608722 0.91666 0.0403927 0.160028 0.656935
0 0.758844 0.700972 0.0266554 0.203573 0.654609
0 0.123149 0.737776 0.0412657 0.18669 0.653171
0 0.955031 0.730882 0.0533657 0.203836 0.636054
0 0.526945 0.802536 0.0698494 0.170448 0.586313
0 0.706511 0.948727 0.0343643 0.0984965 0.584188
0 0.562026 0.970201 0.0368689 0.0595981 0.449933
0 0.38695 0.382624 0.0333518 0.141188 0.403062
0 0.682743 0.970083 0.0394028 0.059834 0.388892
32 0.980141 0.812088 0.015723 0.0369142 0.292491
