0 0.258508 0.923672 0.128982 0.152656 0.854123
0 0.0872946 0.529257 0.0294778 0.154661 0.798268
0 0.191088 0.368405 0.0316267 0.154847 0.756345
0 0.337585 0.40078 0.0352437 0.166826 0.753183
0 0.352895 0.971114 0.0417282 0.0577716 0.579562
0 0.423878 0.333136 0.0260905 0.13256 0.546309
0 0.495166 0.536907 0.040208 0.174101 0.523554
0 0.984826 0.508087 0.0295055 0.175428 0.504973
0 0.600567 0.628064 0.0322498 0.16398 0.503291
0 0.459534 0.956755 0.0382065 0.0864905 0.492503
0 0.436705 0.594104 0.0816156 0.178795 0.488244
0 0.624512 0.760659 0.0595901 0.207796 0.428943
0 0.419436 0.966995 0.0419118 0.0660099 0.42014
0 0.555665 0.529294 0.0290791 0.170695 0.387627
0 0.759438 0.413604 0.0527973 0.14743 0.338964
0 0.539395 0.937487 0.0507071 0.119872 0.337723
0 0.714126 0.799457 0.0515051 0.161809 0.331816
0 0.500145 0.950324 0.0493538 0.0993524 0.302357
0 0.654606 0.916364 0.0448837 0.160229 0.259594
0 0.611153 0.918668 0.0514286 0.147418 0.252461
0 0.258508 0.923672 0.128982 0.152656 0.854123
0 0.0872946 0.529257 0.0294778 0.154661 0.798268
0 0.191088 0.368405 0.0316267 0.154847 0.756345
0 0.337585 0.40078 0.0352437 0.166826 0.753183
0 0.352895 0.971114 0.0417282 0.0577716 0.579562
0 0.423878 0.333136 0.0260905 0.13256 0.546309
0 0.495166 0.536907 0.040208 0.174101 0.523554
0 0.984826 0.508087 0.0295055 0.175428 0.504973
0 0.600567 0.628064 0.0322498 0.16398 0.503291
0 0.459534 0.956755 0.0382065 0.0864905 0.492503
0 0.436705 0.594104 0.0816156 0.178795 0.488244
0 0.624512 0.760659 0.0595901 0.207796 0.428943
0 0.419436 0.966995 0.0419118 0.0660099 0.42014
0 0.555665 0.529294 0.0290791 0.170695 0.387627
0 0.759438 0.413604 0.0527973 0.14743 0.338964
0 0.539395 0.937487 0.0507071 0.119872 0.337723
0 0.714126 0.799457 0.0515051 0.161809 0.331816
0 0.500145 0.950324 0.0493538 0.0993524 0.302357
0 0.654606 0.916364 0.0448837 0.160229 0.259594
0 0.611153 0.918668 0.0514286 0.147418 0.252461
