0 0.123065 0.417183 0.0445718 0.146903 0.824528
0 0.400587 0.374365 0.0475539 0.133958 0.817199
0 0.486857 0.508716 0.0374113 0.193399 0.809375
0 0.223671 0.937111 0.12083 0.123553 0.769197
0 0.957537 0.522417 0.028153 0.170787 0.623204
0 0.594445 0.644112 0.0500685 0.182912 0.599466
0 0.747932 0.427737 0.0531443 0.158742 0.557877
0 0.506266 0.951245 0.045017 0.0975093 0.550058
0 0.304217 0.419035 0.0353425 0.171961 0.532438
0 0.581271 0.933472 0.048947 0.127888 0.468149
0 0.447276 0.613452 0.0496959 0.209804 0.446361
0 0.686783 0.835373 0.0557478 0.186018 0.436495
0 0.425674 0.9718 0.0384493 0.0564002 0.410795
0 0.536914 0.616247 0.0385044 0.1534 0.407945
0 0.626911 0.93095 0.0442692 0.136438 0.38312
0 0.534848 0.810593 0.0884493 0.155235 0.35543
0 0.535576 0.518041 0.0334354 0.142463 0.329874
0 0.418115 0.538743 0.0446305 0.132713 0.3272
0 0.467068 0.963756 0.0424041 0.0724879 0.30642
0 0.541229 0.943982 0.0357391 0.108282 0.298448
0 0.383919 0.983726 0.016432 0.0325482 0.254319
0 0.123065 0.417183 0.0445718 0.146903 0.824528
0 0.400587 0.374365 0.0475539 0.133958 0.817199
0 0.486857 0.508716 0.0374113 0.193399 0.809375
0 0.223671 0.937111 0.12083 0.123553 0.769197
0 0.957537 0.522417 0.028153 0.170787 0.623204
0 0.594445 0.644112 0.0500685 0.182912 0.599466
0 0.747932 0.427737 0.0531443 0.158742 0.557877
0 0.506266 0.951245 0.045017 0.0975093 0.550058
0 0.304217 0.419035 0.0353425 0.171961 0.532438
0 0.581271 0.933472 0.048947 0.127888 0.468149
0 0.447276 0.613452 0.0496959 0.209804 0.446361
0 0.686783 0.835373 0.0557478 0.186018 0.436495
0 0.425674 0.9718 0.0384493 0.0564002 0.410795
0 0.536914 0.616247 0.0385044 0.1534 0.407945
0 0.626911 0.93095 0.0442692 0.136438 0.38312
0 0.534848 0.810593 0.0884493 0.155235 0.35543
0 0.535576 0.518041 0.0334354 0.142463 0.329874
0 0.418115 0.538743 0.0446305 0.132713 0.3272
0 0.467068 0.963756 0.0424041 0.0724879 0.30642
0 0.541229 0.943982 0.0357391 0.108282 0.298448
0 0.383919 0.983726 0.016432 0.0325482 0.254319
