0 0.100731 0.394056 0.0539724 0.134931 0.698923
0 0.510695 0.557787 0.0347888 0.172947 0.589425
0 0.294304 0.393078 0.0367661 0.136436 0.530866
0 0.62858 0.937501 0.0430501 0.122107 0.498232
0 0.509569 0.96473 0.0403486 0.07054 0.458202
0 0.189081 0.920379 0.056717 0.154978 0.437953
0 0.752678 0.399192 0.0384302 0.148642 0.436528
0 0.583334 0.945549 0.049634 0.108903 0.431127
0 0.49302 0.749364 0.0834309 0.196297 0.384255
0 0.234613 0.424545 0.0375146 0.112545 0.381016
0 0.692761 0.855434 0.060918 0.201677 0.301693
0 0.379755 0.669853 0.0382353 0.164507 0.300696
0 0.541808 0.954777 0.0420729 0.0904451 0.299133
0 0.724604 0.927784 0.0414469 0.1395 0.274852
0 0.100731 0.394056 0.0539724 0.134931 0.698923
0 0.510695 0.557787 0.0347888 0.172947 0.589425
0 0.294304 0.393078 0.0367661 0.136436 0.530866
0 0.62858 0.937501 0.0430501 0.122107 0.498232
0 0.509569 0.96473 0.0403486 0.07054 0.458202
0 0.189081 0.920379 0.056717 0.154978 0.437953
0 0.752678 0.399192 0.0384302 0.148642 0.436528
0 0.583334 0.945549 0.049634 0.108903 0.431127
0 0.49302 0.749364 0.0834309 0.196297 0.384255
0 0.234613 0.424545 0.0375146 0.112545 0.381016
0 0.692761 0.855434 0.060918 0.201677 0.301693
0 0.379755 0.669853 0.0382353 0.164507 0.300696
0 0.541808 0.954777 0.0420729 0.0904451 0.299133
0 0.724604 0.927784 0.0414469 0.1395 0.274852
