0 0.278661 0.917262 0.134299 0.165475 0.89409
0 0.234828 0.370727 0.0344784 0.160761 0.739421
0 0.785637 0.384044 0.0351495 0.167927 0.694221
0 0.279927 0.508574 0.0252267 0.119692 0.651736
0 0.583377 0.504877 0.0462265 0.181546 0.632257
0 0.481456 0.95133 0.0413394 0.0973403 0.620296
0 0.371496 0.968278 0.0443989 0.063445 0.61578
0 0.364949 0.396428 0.0338817 0.157165 0.607129
0 0.463894 0.547813 0.0366766 0.200897 0.606944
0 0.725688 0.799762 0.0588856 0.177916 0.593999
0 0.510135 0.479354 0.0371534 0.182003 0.541564
0 0.440095 0.962055 0.0445085 0.0758909 0.534501
0 0.296906 0.573879 0.0317236 0.204719 0.498292
0 0.614301 0.772993 0.0556356 0.214908 0.469355
0 0.462853 0.440542 0.0341749 0.151269 0.452889
0 0.633687 0.64681 0.0342941 0.191751 0.441267
0 0.409047 0.330385 0.0290116 0.158842 0.388095
0 0.560296 0.934244 0.0507483 0.129435 0.38789
0 0.632088 0.896984 0.0477492 0.119968 0.318535
0 0.718675 0.887045 0.0438098 0.123811 0.291731
0 0.278661 0.917262 0.134299 0.165475 0.89409
0 0.234828 0.370727 0.0344784 0.160761 0.739421
0 0.785637 0.384044 0.0351495 0.167927 0.694221
0 0.279927 0.508574 0.0252267 0.119692 0.651736
0 0.583377 0.504877 0.0462265 0.181546 0.632257
0 0.481456 0.95133 0.0413394 0.0973403 0.620296
0 0.371496 0.968278 0.0443989 0.063445 0.61578
0 0.364949 0.396428 0.0338817 0.157165 0.607129
0 0.463894 0.547813 0.0366766 0.200897 0.606944
0 0.725688 0.799762 0.0588856 0.177916 0.593999
0 0.510135 0.479354 0.0371534 0.182003 0.541564
0 0.440095 0.962055 0.0445085 0.0758909 0.534501
0 0.296906 0.573879 0.0317236 0.204719 0.498292
0 0.614301 0.772993 0.0556356 0.214908 0.469355
0 0.462853 0.440542 0.0341749 0.151269 0.452889
0 0.633687 0.64681 0.0342941 0.191751 0.441267
0 0.409047 0.330385 0.0290116 0.158842 0.388095
0 0.560296 0.934244 0.0507483 0.129435 0.38789
0 0.632088 0.896984 0.0477492 0.119968 0.318535
0 0.718675 0.887045 0.0438098 0.123811 0.291731
