0 0.235672 0.497515 0.0275475 0.161735 0.818051
0 0.898672 0.872283 0.0378063 0.186696 0.776552
0 0.450614 0.609875 0.0675203 0.155007 0.756531
0 0.549621 0.484259 0.044857 0.144942 0.7385
0 0.920275 0.533379 0.026926 0.139276 0.630904
0 0.606841 0.546803 0.050909 0.155706 0.616627
0 0.52866 0.93682 0.0495863 0.125653 0.599415
0 0.805962 0.504668 0.0368076 0.133625 0.579486
0 0.375362 0.613426 0.0329776 0.172848 0.499297
0 0.31749 0.752947 0.0420702 0.168325 0.383141
0 0.264413 0.935732 0.0418915 0.123653 0.361384
0 0.453136 0.972874 0.0322419 0.0542036 0.297095
0 0.235672 0.497515 0.0275475 0.161735 0.818051
0 0.898672 0.872283 0.0378063 0.186696 0.776552
0 0.450614 0.609875 0.0675203 0.155007 0.756531
0 0.549621 0.484259 0.044857 0.144942 0.7385
0 0.920275 0.533379 0.026926 0.139276 0.630904
0 0.606841 0.546803 0.050909 0.155706 0.616627
0 0.52866 0.93682 0.0495863 0.125653 0.599415
0 0.805962 0.504668 0.0368076 0.133625 0.579486
0 0.375362 0.613426 0.0329776 0.172848 0.499297
0 0.31749 0.752947 0.0420702 0.168325 0.383141
0 0.264413 0.935732 0.0418915 0.123653 0.361384
0 0.453136 0.972874 0.0322419 0.0542036 0.297095
