0 0.113169 0.546708 0.22516 0.889318 0.935106
0 0.856515 0.621271 0.286473 0.738536 0.923352
0 0.351245 0.567152 0.279809 0.847074 0.899237
0 0.961605 0.446614 0.0762558 0.255435 0.503704
0 0.675978 0.631794 0.118765 0.251821 0.496372
0 0.0282848 0.181469 0.0565532 0.3534 0.462696
0 0.627847 0.480797 0.114076 0.303201 0.441815
0 0.548246 0.676127 0.133834 0.355536 0.423163
0 0.735363 0.467053 0.110454 0.333345 0.420171
0 0.427492 0.285496 0.0918689 0.231929 0.32746
0 0.717676 0.292191 0.130806 0.30965 0.312788
0 0.528645 0.491263 0.0928928 0.291869 0.281415
0 0.113169 0.546708 0.22516 0.889318 0.935106
0 0.856515 0.621271 0.286473 0.738536 0.923352
0 0.351245 0.567152 0.279809 0.847074 0.899237
0 0.961605 0.446614 0.0762558 0.255435 0.503704
0 0.675978 0.631794 0.118765 0.251821 0.496372
0 0.0282848 0.181469 0.0565532 0.3534 0.462696
0 0.627847 0.480797 0.114076 0.303201 0.441815
0 0.548246 0.676127 0.133834 0.355536 0.423163
0 0.735363 0.467053 0.110454 0.333345 0.420171
0 0.427492 0.285496 0.0918689 0.231929 0.32746
0 0.717676 0.292191 0.130806 0.30965 0.312788
0 0.528645 0.491263 0.0928928 0.291869 0.281415
