0 0.415516 0.490256 0.245069 0.510993 0.684817
0 0.685278 0.633565 0.134363 0.207915 0.678768
0 0.565341 0.608481 0.113018 0.259952 0.668817
56 0.802114 0.154682 0.102682 0.133451 0.603699
0 0.939024 0.497735 0.121435 0.482209 0.598149
0 0.228066 0.626145 0.121704 0.228532 0.573357
0 0.720412 0.500905 0.138948 0.329302 0.556935
0 0.0956271 0.68461 0.128051 0.362119 0.487442
56 0.888519 0.154058 0.0637043 0.139839 0.449122
0 0.839831 0.472271 0.122857 0.341364 0.445671
0 0.573665 0.324754 0.118156 0.327868 0.442254
0 0.174592 0.475379 0.120387 0.297081 0.417452
0 0.605011 0.526166 0.0891675 0.231237 0.400407
0 0.288154 0.468544 0.10997 0.328241 0.396125
0 0.794716 0.324045 0.113309 0.327779 0.395247
0 0.0289641 0.69202 0.0578235 0.337008 0.349715
0 0.793429 0.671732 0.0862371 0.137974 0.336515
0 0.896386 0.242681 0.0611755 0.102075 0.297914
0 0.940514 0.138036 0.0897631 0.251321 0.289768
0 0.646917 0.224324 0.101957 0.376525 0.287145
0 0.0211178 0.435971 0.0420931 0.219763 0.26377
0 0.415516 0.490256 0.245069 0.510993 0.684817
0 0.685278 0.633565 0.134363 0.207915 0.678768
0 0.565341 0.608481 0.113018 0.259952 0.668817
56 0.802114 0.154682 0.102682 0.133451 0.603699
0 0.939024 0.497735 0.121435 0.482209 0.598149
0 0.228066 0.626145 0.121704 0.228532 0.573357
0 0.720412 0.500905 0.138948 0.329302 0.556935
0 0.0956271 0.68461 0.128051 0.362119 0.487442
56 0.888519 0.154058 0.0637043 0.139839 0.449122
0 0.839831 0.472271 0.122857 0.341364 0.445671
0 0.573665 0.324754 0.118156 0.327868 0.442254
0 0.174592 0.475379 0.120387 0.297081 0.417452
0 0.605011 0.526166 0.0891675 0.231237 0.400407
0 0.288154 0.468544 0.10997 0.328241 0.396125
0 0.794716 0.324045 0.113309 0.327779 0.395247
0 0.0289641 0.69202 0.0578235 0.337008 0.349715
0 0.793429 0.671732 0.0862371 0.137974 0.336515
0 0.896386 0.242681 0.0611755 0.102075 0.297914
0 0.940514 0.138036 0.0897631 0.251321 0.289768
0 0.646917 0.224324 0.101957 0.376525 0.287145
0 0.0211178 0.435971 0.0420931 0.219763 0.26377
