0 0.286422 0.663258 0.0460849 0.183456 0.784197
0 0.955684 0.841878 0.0577805 0.186105 0.728279
0 0.534486 0.660897 0.0478662 0.165037 0.716396
0 0.694075 0.954457 0.0476937 0.0910851 0.581112
0 0.47972 0.847212 0.0482636 0.208798 0.580587
0 0.748428 0.456807 0.0490944 0.122663 0.576949
0 0.584693 0.93172 0.0548586 0.135334 0.556253
0 0.500659 0.927664 0.0410198 0.144672 0.516557
0 0.564603 0.395605 0.0268364 0.142396 0.463613
0 0.316434 0.473325 0.0304615 0.138252 0.424934
0 0.695347 0.552381 0.0632093 0.155644 0.416263
0 0.465539 0.959561 0.0329277 0.0808784 0.37588
0 0.433235 0.946575 0.0424915 0.101503 0.319898
0 0.638648 0.542171 0.0620122 0.184816 0.263269
0 0.286422 0.663258 0.0460849 0.183456 0.784197
0 0.955684 0.841878 0.0577805 0.186105 0.728279
0 0.534486 0.660897 0.0478662 0.165037 0.716396
0 0.694075 0.954457 0.0476937 0.0910851 0.581112
0 0.47972 0.847212 0.0482636 0.208798 0.580587
0 0.748428 0.456807 0.0490944 0.122663 0.576949
0 0.584693 0.93172 0.0548586 0.135334 0.556253
0 0.500659 0.927664 0.0410198 0.144672 0.516557
0 0.564603 0.395605 0.0268364 0.142396 0.463613
0 0.316434 0.473325 0.0304615 0.138252 0.424934
0 0.695347 0.552381 0.0632093 0.155644 0.416263
0 0.465539 0.959561 0.0329277 0.0808784 0.37588
0 0.433235 0.946575 0.0424915 0.101503 0.319898
0 0.638648 0.542171 0.0620122 0.184816 0.263269
