0 0.237934 0.930966 0.125053 0.138068 0.82512
0 0.318057 0.416237 0.0327621 0.16064 0.770161
0 0.407768 0.355097 0.0307605 0.13389 0.631707
0 0.154316 0.394927 0.0401217 0.147805 0.613471
0 0.437284 0.566234 0.0500141 0.22932 0.568792
0 0.963129 0.514908 0.0252575 0.171881 0.553318
0 0.745766 0.434807 0.0633398 0.149445 0.53643
0 0.597742 0.773603 0.0520755 0.166962 0.46143
0 0.00983374 0.550715 0.0196237 0.144419 0.455514
0 0.519152 0.944622 0.0481985 0.110309 0.42953
0 0.695925 0.814674 0.0528278 0.162781 0.424332
0 0.437346 0.965326 0.0388379 0.0693475 0.385928
0 0.538141 0.490879 0.0343328 0.17763 0.383091
0 0.4919 0.48236 0.0345658 0.117784 0.349272
0 0.589592 0.628088 0.0432447 0.167325 0.312141
0 0.894502 0.954974 0.0772678 0.0890174 0.304824
0 0.633606 0.913083 0.0431682 0.128329 0.29475
0 0.589609 0.917588 0.0464481 0.122421 0.265363
0 0.237934 0.930966 0.125053 0.138068 0.82512
0 0.318057 0.416237 0.0327621 0.16064 0.770161
0 0.407768 0.355097 0.0307605 0.13389 0.631707
0 0.154316 0.394927 0.0401217 0.147805 0.613471
0 0.437284 0.566234 0.0500141 0.22932 0.568792
0 0.963129 0.514908 0.0252575 0.171881 0.553318
0 0.745766 0.434807 0.0633398 0.149445 0.53643
0 0.597742 0.773603 0.0520755 0.166962 0.46143
0 0.00983374 0.550715 0.0196237 0.144419 0.455514
0 0.519152 0.944622 0.0481985 0.110309 0.42953
0 0.695925 0.814674 0.0528278 0.162781 0.424332
0 0.437346 0.965326 0.0388379 0.0693475 0.385928
0 0.538141 0.490879 0.0343328 0.17763 0.383091
0 0.4919 0.48236 0.0345658 0.117784 0.349272
0 0.589592 0.628088 0.0432447 0.167325 0.312141
0 0.894502 0.954974 0.0772678 0.0890174 0.304824
0 0.633606 0.913083 0.0431682 0.128329 0.29475
0 0.589609 0.917588 0.0464481 0.122421 0.265363
