0 0.59359 0.446015 0.0497797 0.146186 0.824741
0 0.741177 0.885758 0.0474451 0.228484 0.748338
0 0.579892 0.795381 0.0491411 0.212605 0.728078
0 0.473038 0.433645 0.0342468 0.133452 0.720744
0 0.841887 0.630693 0.0708593 0.151627 0.58535
0 0.918605 0.669922 0.047485 0.20914 0.531505
0 0.817167 0.50285 0.0745476 0.141835 0.524525
0 0.675757 0.736198 0.046803 0.180937 0.411052
0 0.682446 0.699562 0.0739775 0.27167 0.3131
0 0.59359 0.446015 0.0497797 0.146186 0.824741
0 0.741177 0.885758 0.0474451 0.228484 0.748338
0 0.579892 0.795381 0.0491411 0.212605 0.728078
0 0.473038 0.433645 0.0342468 0.133452 0.720744
0 0.841887 0.630693 0.0708593 0.151627 0.58535
0 0.918605 0.669922 0.047485 0.20914 0.531505
0 0.817167 0.50285 0.0745476 0.141835 0.524525
0 0.675757 0.736198 0.046803 0.180937 0.411052
0 0.682446 0.699562 0.0739775 0.27167 0.3131
