0 0.740764 0.553119 0.258852 0.876847 0.895915
0 0.314365 0.408993 0.146817 0.44109 0.705703
0 0.775197 0.302416 0.149083 0.510917 0.681411
0 0.170474 0.399649 0.187277 0.501011 0.565638
0 0.373289 0.558109 0.15844 0.39463 0.55501
0 0.280788 0.161704 0.156807 0.316815 0.431306
0 0.740764 0.553119 0.258852 0.876847 0.895915
0 0.314365 0.408993 0.146817 0.44109 0.705703
0 0.775197 0.302416 0.149083 0.510917 0.681411
0 0.170474 0.399649 0.187277 0.501011 0.565638
0 0.373289 0.558109 0.15844 0.39463 0.55501
0 0.280788 0.161704 0.156807 0.316815 0.431306
