0 0.655984 0.568811 0.298665 0.841354 0.895868
0 0.432212 0.583 0.248664 0.814925 0.893628
0 0.0584368 0.602111 0.116874 0.780084 0.759008
32 0.987206 0.962718 0.0236578 0.0356754 0.576997
0 0.774286 0.298748 0.109093 0.247788 0.474481
0 0.883712 0.323538 0.122277 0.271035 0.444512
0 0.904673 0.67866 0.139027 0.358797 0.438159
0 0.153145 0.470874 0.112219 0.259853 0.40979
0 0.806883 0.438438 0.0748886 0.217167 0.373093
0 0.327461 0.32964 0.0965471 0.249632 0.339045
0 0.0752688 0.330173 0.102851 0.264941 0.330659
0 0.960526 0.474921 0.0780346 0.302973 0.302842
0 0.879111 0.488781 0.103767 0.279703 0.280724
0 0.228676 0.644239 0.122651 0.358193 0.275963
0 0.655984 0.568811 0.298665 0.841354 0.895868
0 0.432212 0.583 0.248664 0.814925 0.893628
0 0.0584368 0.602111 0.116874 0.780084 0.759008
32 0.987206 0.962718 0.0236578 0.0356754 0.576997
0 0.774286 0.298748 0.109093 0.247788 0.474481
0 0.883712 0.323538 0.122277 0.271035 0.444512
0 0.904673 0.67866 0.139027 0.358797 0.438159
0 0.153145 0.470874 0.112219 0.259853 0.40979
0 0.806883 0.438438 0.0748886 0.217167 0.373093
0 0.327461 0.32964 0.0965471 0.249632 0.339045
0 0.0752688 0.330173 0.102851 0.264941 0.330659
0 0.960526 0.474921 0.0780346 0.302973 0.302842
0 0.879111 0.488781 0.103767 0.279703 0.280724
0 0.228676 0.644239 0.122651 0.358193 0.275963
