0 0.25211 0.325533 0.134281 0.473855 0.898963
0 0.37063 0.730356 0.153301 0.534323 0.876502
0 0.779755 0.479654 0.161149 0.478731 0.874546
0 0.959607 0.398077 0.0804153 0.46688 0.866616
0 0.598635 0.563992 0.135276 0.442536 0.865696
0 0.696583 0.588114 0.115371 0.287831 0.829532
0 0.807512 0.206042 0.0808323 0.252066 0.748802
0 0.310629 0.632134 0.0835982 0.526152 0.685872
0 0.440889 0.0722476 0.0653007 0.137844 0.419841
32 0.578222 0.442882 0.0370634 0.0578823 0.269475
0 0.377786 0.129131 0.0723126 0.206225 0.250105
