0 0.827636 0.688916 0.0473101 0.189164 0.819816
0 0.931268 0.596769 0.0277111 0.166359 0.742172
0 0.150523 0.450341 0.0273531 0.145159 0.728983
0 0.44548 0.404103 0.0225012 0.125653 0.663571
0 0.34894 0.499071 0.0358521 0.150989 0.645374
0 0.387676 0.624545 0.0490913 0.172547 0.636616
0 0.55497 0.684466 0.0387131 0.163263 0.60561
0 0.647205 0.950305 0.0460431 0.0993907 0.552981
0 0.285353 0.636124 0.0396478 0.168902 0.524851
0 0.425331 0.564249 0.0566937 0.160283 0.522004
0 0.59839 0.95208 0.042696 0.0958391 0.467362
0 0.604523 0.819198 0.0532812 0.15174 0.433861
0 0.549553 0.966488 0.0481785 0.0670247 0.414085
0 0.705577 0.953063 0.0441166 0.0938744 0.382617
0 0.498022 0.977972 0.033502 0.0440562 0.370166
0 0.827636 0.688916 0.0473101 0.189164 0.819816
0 0.931268 0.596769 0.0277111 0.166359 0.742172
0 0.150523 0.450341 0.0273531 0.145159 0.728983
0 0.44548 0.404103 0.0225012 0.125653 0.663571
0 0.34894 0.499071 0.0358521 0.150989 0.645374
0 0.387676 0.624545 0.0490913 0.172547 0.636616
0 0.55497 0.684466 0.0387131 0.163263 0.60561
0 0.647205 0.950305 0.0460431 0.0993907 0.552981
0 0.285353 0.636124 0.0396478 0.168902 0.524851
0 0.425331 0.564249 0.0566937 0.160283 0.522004
0 0.59839 0.95208 0.042696 0.0958391 0.467362
0 0.604523 0.819198 0.0532812 0.15174 0.433861
0 0.549553 0.966488 0.0481785 0.0670247 0.414085
0 0.705577 0.953063 0.0441166 0.0938744 0.382617
0 0.498022 0.977972 0.033502 0.0440562 0.370166
