0 0.300906 0.345557 0.176286 0.484432 0.919017
0 0.857449 0.512632 0.138632 0.508504 0.8862
0 0.399885 0.611778 0.125139 0.562858 0.881281
0 0.637202 0.605158 0.146526 0.450409 0.87463
0 0.470348 0.765607 0.134131 0.468786 0.858158
0 0.888222 0.220735 0.0870152 0.252311 0.80436
0 0.792144 0.689695 0.203772 0.287456 0.663075
0 0.509922 0.086808 0.0651388 0.137496 0.50667
0 0.576652 0.0998966 0.0661093 0.109991 0.395668
0 0.450413 0.148352 0.0636757 0.217808 0.360858
0 0.745608 0.137917 0.0831043 0.230985 0.271069
