0 0.641784 0.939596 0.0443966 0.120809 0.772816
0 0.290401 0.663689 0.0832991 0.161015 0.73967
0 0.700114 0.959374 0.043721 0.0812514 0.716215
0 0.443666 0.668216 0.032595 0.162115 0.621739
0 0.797558 0.554596 0.0374544 0.145089 0.580251
0 0.522642 0.845238 0.0451235 0.160109 0.556636
0 0.603434 0.545959 0.0342723 0.149699 0.553642
0 0.566914 0.528928 0.0479266 0.157396 0.528377
0 0.422963 0.932135 0.0419813 0.121986 0.396822
0 0.456524 0.911321 0.0384789 0.166122 0.375734
0 0.541396 0.423052 0.0305222 0.127517 0.372914
0 0.207042 0.787879 0.0374175 0.151589 0.318842
0 0.544182 0.924107 0.0503963 0.151786 0.281105
0 0.507589 0.968312 0.0385191 0.0633752 0.278748
0 0.641784 0.939596 0.0443966 0.120809 0.772816
0 0.290401 0.663689 0.0832991 0.161015 0.73967
0 0.700114 0.959374 0.043721 0.0812514 0.716215
0 0.443666 0.668216 0.032595 0.162115 0.621739
0 0.797558 0.554596 0.0374544 0.145089 0.580251
0 0.522642 0.845238 0.0451235 0.160109 0.556636
0 0.603434 0.545959 0.0342723 0.149699 0.553642
0 0.566914 0.528928 0.0479266 0.157396 0.528377
0 0.422963 0.932135 0.0419813 0.121986 0.396822
0 0.456524 0.911321 0.0384789 0.166122 0.375734
0 0.541396 0.423052 0.0305222 0.127517 0.372914
0 0.207042 0.787879 0.0374175 0.151589 0.318842
0 0.544182 0.924107 0.0503963 0.151786 0.281105
0 0.507589 0.968312 0.0385191 0.0633752 0.278748
