0 0.906373 0.897732 0.0459957 0.201979 0.805538
0 0.606318 0.551818 0.0420443 0.163993 0.708185
0 0.548791 0.484883 0.0408392 0.1436 0.703014
0 0.918619 0.556328 0.0287777 0.14649 0.699399
0 0.458472 0.611209 0.065013 0.147948 0.656525
0 0.544012 0.940242 0.0530724 0.115668 0.611568
0 0.221621 0.515546 0.0335045 0.136209 0.608545
0 0.388737 0.625491 0.0281731 0.193244 0.509482
0 0.29987 0.940169 0.0549283 0.119073 0.423193
0 0.803026 0.468241 0.0286953 0.128053 0.398779
0 0.261754 0.938043 0.0436733 0.121958 0.358706
0 0.35262 0.762131 0.0283208 0.20169 0.341294
0 0.346979 0.955413 0.0361053 0.0891732 0.312155
0 0.452761 0.973557 0.0337914 0.0515795 0.292283
0 0.383997 0.95882 0.0410616 0.0823598 0.292182
0 0.420607 0.347987 0.0212492 0.121199 0.291397
0 0.486742 0.722607 0.0330605 0.132111 0.274968
0 0.500113 0.884114 0.0446106 0.1928 0.256806
0 0.906373 0.897732 0.0459957 0.201979 0.805538
0 0.606318 0.551818 0.0420443 0.163993 0.708185
0 0.548791 0.484883 0.0408392 0.1436 0.703014
0 0.918619 0.556328 0.0287777 0.14649 0.699399
0 0.458472 0.611209 0.065013 0.147948 0.656525
0 0.544012 0.940242 0.0530724 0.115668 0.611568
0 0.221621 0.515546 0.0335045 0.136209 0.608545
0 0.388737 0.625491 0.0281731 0.193244 0.509482
0 0.29987 0.940169 0.0549283 0.119073 0.423193
0 0.803026 0.468241 0.0286953 0.128053 0.398779
0 0.261754 0.938043 0.0436733 0.121958 0.358706
0 0.35262 0.762131 0.0283208 0.20169 0.341294
0 0.346979 0.955413 0.0361053 0.0891732 0.312155
0 0.452761 0.973557 0.0337914 0.0515795 0.292283
0 0.383997 0.95882 0.0410616 0.0823598 0.292182
0 0.420607 0.347987 0.0212492 0.121199 0.291397
0 0.486742 0.722607 0.0330605 0.132111 0.274968
0 0.500113 0.884114 0.0446106 0.1928 0.256806
