0 0.902646 0.941913 0.0430161 0.112807 0.778965
0 0.47303 0.753524 0.039688 0.17637 0.776458
0 0.320154 0.549798 0.0440578 0.161296 0.773638
0 0.893563 0.560873 0.0369242 0.160397 0.701635
0 0.255896 0.969984 0.0392104 0.060033 0.613903
0 0.404232 0.783493 0.0465765 0.221154 0.591952
0 0.569413 0.694691 0.0769196 0.206474 0.572598
0 0.634198 0.676822 0.0664857 0.197123 0.556221
0 0.299695 0.972991 0.0325514 0.0540181 0.491955
0 0.127241 0.964999 0.0353963 0.0692344 0.400602
0 0.586474 0.432664 0.0273826 0.147771 0.36924
0 0.6917 0.698453 0.0535053 0.192468 0.365724
0 0.642788 0.515343 0.0366542 0.134378 0.25643
0 0.902646 0.941913 0.0430161 0.112807 0.778965
0 0.47303 0.753524 0.039688 0.17637 0.776458
0 0.320154 0.549798 0.0440578 0.161296 0.773638
0 0.893563 0.560873 0.0369242 0.160397 0.701635
0 0.255896 0.969984 0.0392104 0.060033 0.613903
0 0.404232 0.783493 0.0465765 0.221154 0.591952
0 0.569413 0.694691 0.0769196 0.206474 0.572598
0 0.634198 0.676822 0.0664857 0.197123 0.556221
0 0.299695 0.972991 0.0325514 0.0540181 0.491955
0 0.127241 0.964999 0.0353963 0.0692344 0.400602
0 0.586474 0.432664 0.0273826 0.147771 0.36924
0 0.6917 0.698453 0.0535053 0.192468 0.365724
0 0.642788 0.515343 0.0366542 0.134378 0.25643
