0 0.179222 0.495122 0.0404467 0.166539 0.793302
0 0.441183 0.649637 0.0496107 0.153571 0.675102
0 0.793991 0.803342 0.0763037 0.193381 0.636219
0 0.593463 0.680519 0.0388302 0.183202 0.592009
0 0.137005 0.949095 0.0483128 0.101811 0.576795
0 0.541531 0.709887 0.0539573 0.119014 0.569318
0 0.826814 0.638592 0.0383797 0.154471 0.562958
0 0.725704 0.702555 0.0652006 0.201014 0.51739
0 0.268259 0.442234 0.066378 0.192995 0.492147
0 0.667723 0.644436 0.0447348 0.0894959 0.488175
0 0.613439 0.916129 0.051152 0.166561 0.469271
0 0.0151766 0.911493 0.0301366 0.177015 0.448604
0 0.707494 0.950258 0.0385077 0.0994848 0.362624
0 0.669393 0.495608 0.0311314 0.167953 0.31796
0 0.625734 0.970572 0.0380195 0.0588565 0.300776
0 0.563191 0.97143 0.0376898 0.0571395 0.284707
0 0.179222 0.495122 0.0404467 0.166539 0.793302
0 0.441183 0.649637 0.0496107 0.153571 0.675102
0 0.793991 0.803342 0.0763037 0.193381 0.636219
0 0.593463 0.680519 0.0388302 0.183202 0.592009
0 0.137005 0.949095 0.0483128 0.101811 0.576795
0 0.541531 0.709887 0.0539573 0.119014 0.569318
0 0.826814 0.638592 0.0383797 0.154471 0.562958
0 0.725704 0.702555 0.0652006 0.201014 0.51739
0 0.268259 0.442234 0.066378 0.192995 0.492147
0 0.667723 0.644436 0.0447348 0.0894959 0.488175
0 0.613439 0.916129 0.051152 0.166561 0.469271
0 0.0151766 0.911493 0.0301366 0.177015 0.448604
0 0.707494 0.950258 0.0385077 0.0994848 0.362624
0 0.669393 0.495608 0.0311314 0.167953 0.31796
0 0.625734 0.970572 0.0380195 0.0588565 0.300776
0 0.563191 0.97143 0.0376898 0.0571395 0.284707
