0 0.242256 0.574103 0.170968 0.836652 0.835808
0 0.752836 0.570704 0.160701 0.842667 0.711213
0 0.521999 0.518714 0.164636 0.455631 0.653082
0 0.135377 0.50812 0.0918108 0.390136 0.468517
0 0.0492182 0.568497 0.0965967 0.28061 0.384589
0 0.418359 0.41275 0.0733061 0.158284 0.256676
0 0.242256 0.574103 0.170968 0.836652 0.835808
0 0.752836 0.570704 0.160701 0.842667 0.711213
0 0.521999 0.518714 0.164636 0.455631 0.653082
0 0.135377 0.50812 0.0918108 0.390136 0.468517
0 0.0492182 0.568497 0.0965967 0.28061 0.384589
0 0.418359 0.41275 0.0733061 0.158284 0.256676
