0 0.478477 0.742152 0.047448 0.199214 0.771843
0 0.572113 0.676904 0.0601673 0.210698 0.713892
0 0.359762 0.801293 0.0587366 0.241736 0.702765
0 0.61713 0.684871 0.0495389 0.201372 0.702029
0 0.86035 0.586352 0.0575813 0.135859 0.683892
0 0.933282 0.958276 0.0456226 0.0834476 0.616826
0 0.260791 0.970177 0.0338869 0.0596454 0.563809
0 0.694496 0.648049 0.0576671 0.20753 0.438744
0 0.133398 0.965921 0.0369779 0.0674221 0.386252
0 0.303164 0.974243 0.0314544 0.051514 0.377397
0 0.595801 0.436981 0.0311681 0.147941 0.37399
0 0.0152373 0.491849 0.0304109 0.0766345 0.253568
0 0.651233 0.500912 0.0342744 0.140032 0.251192
0 0.478477 0.742152 0.047448 0.199214 0.771843
0 0.572113 0.676904 0.0601673 0.210698 0.713892
0 0.359762 0.801293 0.0587366 0.241736 0.702765
0 0.61713 0.684871 0.0495389 0.201372 0.702029
0 0.86035 0.586352 0.0575813 0.135859 0.683892
0 0.933282 0.958276 0.0456226 0.0834476 0.616826
0 0.260791 0.970177 0.0338869 0.0596454 0.563809
0 0.694496 0.648049 0.0576671 0.20753 0.438744
0 0.133398 0.965921 0.0369779 0.0674221 0.386252
0 0.303164 0.974243 0.0314544 0.051514 0.377397
0 0.595801 0.436981 0.0311681 0.147941 0.37399
0 0.0152373 0.491849 0.0304109 0.0766345 0.253568
0 0.651233 0.500912 0.0342744 0.140032 0.251192
