0 0.595077 0.600714 0.410381 0.777076 0.94464
0 0.173329 0.467133 0.124913 0.305618 0.584421
0 0.331462 0.830524 0.1595 0.336253 0.58153
0 0.939609 0.824627 0.119846 0.340702 0.569686
0 0.837628 0.655963 0.125022 0.318617 0.461689
0 0.83998 0.84634 0.101382 0.299126 0.456234
0 0.75716 0.497899 0.0990168 0.26586 0.448383
0 0.142274 0.658756 0.126138 0.321612 0.406421
0 0.797066 0.281012 0.120789 0.24663 0.372825
0 0.421735 0.467113 0.133026 0.273414 0.362043
0 0.358568 0.628681 0.116847 0.289891 0.349614
0 0.0962015 0.849641 0.123648 0.298084 0.345393
0 0.692821 0.310285 0.0910959 0.253781 0.295684
0 0.660627 0.410472 0.0814753 0.132617 0.266638
0 0.595077 0.600714 0.410381 0.777076 0.94464
0 0.173329 0.467133 0.124913 0.305618 0.584421
0 0.331462 0.830524 0.1595 0.336253 0.58153
0 0.939609 0.824627 0.119846 0.340702 0.569686
0 0.837628 0.655963 0.125022 0.318617 0.461689
0 0.83998 0.84634 0.101382 0.299126 0.456234
0 0.75716 0.497899 0.0990168 0.26586 0.448383
0 0.142274 0.658756 0.126138 0.321612 0.406421
0 0.797066 0.281012 0.120789 0.24663 0.372825
0 0.421735 0.467113 0.133026 0.273414 0.362043
0 0.358568 0.628681 0.116847 0.289891 0.349614
0 0.0962015 0.849641 0.123648 0.298084 0.345393
0 0.692821 0.310285 0.0910959 0.253781 0.295684
0 0.660627 0.410472 0.0814753 0.132617 0.266638
