0 0.214137 0.497501 0.0374022 0.174723 0.752368
0 0.0359188 0.512454 0.0506111 0.17529 0.741097
0 0.776403 0.694638 0.0514339 0.180112 0.719299
0 0.660454 0.521646 0.0517868 0.175287 0.702474
0 0.595455 0.668342 0.0477763 0.181178 0.700841
0 0.360345 0.437865 0.031836 0.134792 0.670039
0 0.181348 0.703428 0.0465008 0.21284 0.594196
0 0.64454 0.781499 0.0730899 0.14653 0.590406
0 0.90326 0.605649 0.0312271 0.175938 0.571089
0 0.406749 0.616894 0.0567838 0.184309 0.564905
0 0.519531 0.667511 0.0693384 0.169866 0.559595
0 0.620617 0.966959 0.0389829 0.0660824 0.498768
0 0.609636 0.91398 0.04273 0.156716 0.462216
0 0.705066 0.947648 0.0410465 0.100479 0.443691
0 0.561506 0.9701 0.0351455 0.0598004 0.3579
0 0.988962 0.730084 0.0214041 0.216039 0.324853
0 0.682494 0.967625 0.0391596 0.0647495 0.293749
0 0.214137 0.497501 0.0374022 0.174723 0.752368
0 0.0359188 0.512454 0.0506111 0.17529 0.741097
0 0.776403 0.694638 0.0514339 0.180112 0.719299
0 0.660454 0.521646 0.0517868 0.175287 0.702474
0 0.595455 0.668342 0.0477763 0.181178 0.700841
0 0.360345 0.437865 0.031836 0.134792 0.670039
0 0.181348 0.703428 0.0465008 0.21284 0.594196
0 0.64454 0.781499 0.0730899 0.14653 0.590406
0 0.90326 0.605649 0.0312271 0.175938 0.571089
0 0.406749 0.616894 0.0567838 0.184309 0.564905
0 0.519531 0.667511 0.0693384 0.169866 0.559595
0 0.620617 0.966959 0.0389829 0.0660824 0.498768
0 0.609636 0.91398 0.04273 0.156716 0.462216
0 0.705066 0.947648 0.0410465 0.100479 0.443691
0 0.561506 0.9701 0.0351455 0.0598004 0.3579
0 0.988962 0.730084 0.0214041 0.216039 0.324853
0 0.682494 0.967625 0.0391596 0.0647495 0.293749
