0 0.479413 0.737993 0.0451728 0.203524 0.844682
0 0.355237 0.812396 0.0617135 0.222275 0.741723
0 0.572624 0.672822 0.0534677 0.210937 0.680356
0 0.947461 0.96023 0.0527321 0.0792406 0.639845
0 0.346652 0.54243 0.0558061 0.154696 0.611051
0 0.616106 0.685392 0.0446064 0.215774 0.598439
0 0.69752 0.683812 0.0545721 0.193566 0.545736
0 0.868691 0.584264 0.0627005 0.106449 0.537971
0 0.600388 0.435122 0.0319085 0.150048 0.492386
0 0.2604 0.971067 0.0315158 0.0578654 0.466366
0 0.132456 0.966738 0.0381971 0.0659348 0.426724
0 0.0330787 0.950955 0.0555583 0.0953217 0.393435
0 0.0146976 0.491875 0.029331 0.0768127 0.2745
0 0.655758 0.519384 0.039465 0.162602 0.255461
0 0.479413 0.737993 0.0451728 0.203524 0.844682
0 0.355237 0.812396 0.0617135 0.222275 0.741723
0 0.572624 0.672822 0.0534677 0.210937 0.680356
0 0.947461 0.96023 0.0527321 0.0792406 0.639845
0 0.346652 0.54243 0.0558061 0.154696 0.611051
0 0.616106 0.685392 0.0446064 0.215774 0.598439
0 0.69752 0.683812 0.0545721 0.193566 0.545736
0 0.868691 0.584264 0.0627005 0.106449 0.537971
0 0.600388 0.435122 0.0319085 0.150048 0.492386
0 0.2604 0.971067 0.0315158 0.0578654 0.466366
0 0.132456 0.966738 0.0381971 0.0659348 0.426724
0 0.0330787 0.950955 0.0555583 0.0953217 0.393435
0 0.0146976 0.491875 0.029331 0.0768127 0.2745
0 0.655758 0.519384 0.039465 0.162602 0.255461
