0 0.263869 0.327845 0.139614 0.474609 0.916373
0 0.793066 0.485422 0.145887 0.481542 0.881455
0 0.396499 0.737139 0.138505 0.519417 0.833005
0 0.826044 0.203128 0.0837982 0.242477 0.752879
0 0.726317 0.608815 0.147169 0.289538 0.711792
0 0.605556 0.57012 0.132823 0.438583 0.666918
0 0.34453 0.622353 0.12251 0.517488 0.62987
0 0.970766 0.303022 0.0579475 0.143922 0.597776
0 0.456013 0.0747509 0.0633602 0.136138 0.445047
0 0.518524 0.0845976 0.0688045 0.105054 0.353717
0 0.623234 0.158651 0.0642097 0.15864 0.344336
