0 0.97844 0.840494 0.0425119 0.177068 0.820849
0 0.675672 0.948013 0.0462369 0.103975 0.782686
0 0.276498 0.662492 0.0412161 0.178365 0.762416
0 0.516739 0.662775 0.0273689 0.165412 0.715098
0 0.574291 0.925936 0.0410062 0.148128 0.687226
0 0.491167 0.921426 0.0419569 0.157147 0.594631
0 0.734413 0.520555 0.0314392 0.107429 0.584985
0 0.757573 0.431269 0.0285568 0.100234 0.57215
0 0.55806 0.413193 0.0216282 0.135729 0.531373
0 0.308595 0.466095 0.0308011 0.142342 0.526756
0 0.48 0.821227 0.0460651 0.143801 0.514029
0 0.657884 0.545755 0.0327185 0.137009 0.510227
0 0.454526 0.955728 0.0406283 0.0885442 0.456053
0 0.617072 0.536181 0.0394429 0.151675 0.41955
0 0.0772832 0.760578 0.038881 0.160635 0.409603
0 0.423502 0.9421 0.0377748 0.108946 0.360301
0 0.97844 0.840494 0.0425119 0.177068 0.820849
0 0.675672 0.948013 0.0462369 0.103975 0.782686
0 0.276498 0.662492 0.0412161 0.178365 0.762416
0 0.516739 0.662775 0.0273689 0.165412 0.715098
0 0.574291 0.925936 0.0410062 0.148128 0.687226
0 0.491167 0.921426 0.0419569 0.157147 0.594631
0 0.734413 0.520555 0.0314392 0.107429 0.584985
0 0.757573 0.431269 0.0285568 0.100234 0.57215
0 0.55806 0.413193 0.0216282 0.135729 0.531373
0 0.308595 0.466095 0.0308011 0.142342 0.526756
0 0.48 0.821227 0.0460651 0.143801 0.514029
0 0.657884 0.545755 0.0327185 0.137009 0.510227
0 0.454526 0.955728 0.0406283 0.0885442 0.456053
0 0.617072 0.536181 0.0394429 0.151675 0.41955
0 0.0772832 0.760578 0.038881 0.160635 0.409603
0 0.423502 0.9421 0.0377748 0.108946 0.360301
