0 0.582876 0.569361 0.298841 0.841664 0.923459
0 0.347694 0.578535 0.270458 0.822969 0.904028
0 0.0238771 0.698756 0.0477542 0.582055 0.648254
0 0.260062 0.334282 0.0938237 0.259318 0.643375
0 0.085013 0.471309 0.111952 0.269378 0.573227
0 0.841081 0.680083 0.132507 0.357768 0.452914
0 0.167386 0.648338 0.112128 0.35511 0.449322
0 0.169642 0.323967 0.118054 0.285825 0.422563
0 0.709739 0.305197 0.108794 0.261096 0.415586
0 0.0963934 0.660523 0.127926 0.337626 0.385424
0 0.919933 0.485365 0.118467 0.321528 0.351183
0 0.0279056 0.331779 0.0556981 0.275377 0.331456
0 0.740535 0.445316 0.0781336 0.224976 0.327775
0 0.974868 0.708318 0.0496357 0.578053 0.315476
0 0.813933 0.326113 0.115299 0.271079 0.293936
0 0.8181 0.492476 0.0986975 0.280175 0.293312
0 0.582876 0.569361 0.298841 0.841664 0.923459
0 0.347694 0.578535 0.270458 0.822969 0.904028
0 0.0238771 0.698756 0.0477542 0.582055 0.648254
0 0.260062 0.334282 0.0938237 0.259318 0.643375
0 0.085013 0.471309 0.111952 0.269378 0.573227
0 0.841081 0.680083 0.132507 0.357768 0.452914
0 0.167386 0.648338 0.112128 0.35511 0.449322
0 0.169642 0.323967 0.118054 0.285825 0.422563
0 0.709739 0.305197 0.108794 0.261096 0.415586
0 0.0963934 0.660523 0.127926 0.337626 0.385424
0 0.919933 0.485365 0.118467 0.321528 0.351183
0 0.0279056 0.331779 0.0556981 0.275377 0.331456
0 0.740535 0.445316 0.0781336 0.224976 0.327775
0 0.974868 0.708318 0.0496357 0.578053 0.315476
0 0.813933 0.326113 0.115299 0.271079 0.293936
0 0.8181 0.492476 0.0986975 0.280175 0.293312
