0 0.184241 0.4958 0.0385617 0.171185 0.712059
0 0.742868 0.699936 0.0547163 0.201635 0.682483
0 0.448023 0.642543 0.0412201 0.160659 0.67843
0 0.0314231 0.889212 0.0625903 0.206981 0.635115
0 0.837521 0.628327 0.0275175 0.169478 0.620497
0 0.811251 0.764655 0.0478264 0.123477 0.598941
0 0.667975 0.646355 0.0431503 0.0841925 0.580437
0 0.284176 0.445285 0.0392048 0.174264 0.570197
0 0.593944 0.67731 0.0369699 0.184616 0.5465
0 0.662793 0.499577 0.0323094 0.184273 0.465409
0 0.615397 0.912928 0.0438498 0.158999 0.43956
0 0.203877 0.929402 0.0582719 0.140736 0.437112
0 0.542787 0.709129 0.0508554 0.11568 0.381114
0 0.622701 0.970783 0.0380301 0.0584345 0.340862
0 0.562255 0.971256 0.036502 0.0574877 0.290114
0 0.184241 0.4958 0.0385617 0.171185 0.712059
0 0.742868 0.699936 0.0547163 0.201635 0.682483
0 0.448023 0.642543 0.0412201 0.160659 0.67843
0 0.0314231 0.889212 0.0625903 0.206981 0.635115
0 0.837521 0.628327 0.0275175 0.169478 0.620497
0 0.811251 0.764655 0.0478264 0.123477 0.598941
0 0.667975 0.646355 0.0431503 0.0841925 0.580437
0 0.284176 0.445285 0.0392048 0.174264 0.570197
0 0.593944 0.67731 0.0369699 0.184616 0.5465
0 0.662793 0.499577 0.0323094 0.184273 0.465409
0 0.615397 0.912928 0.0438498 0.158999 0.43956
0 0.203877 0.929402 0.0582719 0.140736 0.437112
0 0.542787 0.709129 0.0508554 0.11568 0.381114
0 0.622701 0.970783 0.0380301 0.0584345 0.340862
0 0.562255 0.971256 0.036502 0.0574877 0.290114
