0 0.390964 0.8376 0.0924829 0.238357 0.782245
0 0.656309 0.941194 0.0415402 0.117612 0.741599
0 0.0257877 0.403019 0.0512903 0.134277 0.692053
0 0.495898 0.573437 0.0558108 0.169248 0.68924
0 0.613041 0.952564 0.0466732 0.0948725 0.674326
0 0.203134 0.436717 0.0643589 0.156194 0.592719
0 0.565056 0.957178 0.0428162 0.0856435 0.53027
0 0.778388 0.373868 0.0333429 0.172219 0.48743
0 0.291907 0.473852 0.0425062 0.117426 0.459286
0 0.909386 0.559907 0.0428074 0.162075 0.457468
0 0.532062 0.965653 0.0404602 0.0686939 0.451718
0 0.231789 0.971926 0.0616901 0.0561479 0.430437
0 0.700529 0.937856 0.0459574 0.124288 0.427741
0 0.485991 0.977812 0.032345 0.0439684 0.348114
0 0.763608 0.92506 0.0719733 0.141248 0.320547
0 0.270681 0.678608 0.0456587 0.150209 0.315913
0 0.234433 0.376506 0.0463501 0.140252 0.271415
0 0.320065 0.654404 0.0405078 0.122723 0.270495
0 0.390964 0.8376 0.0924829 0.238357 0.782245
0 0.656309 0.941194 0.0415402 0.117612 0.741599
0 0.0257877 0.403019 0.0512903 0.134277 0.692053
0 0.495898 0.573437 0.0558108 0.169248 0.68924
0 0.613041 0.952564 0.0466732 0.0948725 0.674326
0 0.203134 0.436717 0.0643589 0.156194 0.592719
0 0.565056 0.957178 0.0428162 0.0856435 0.53027
0 0.778388 0.373868 0.0333429 0.172219 0.48743
0 0.291907 0.473852 0.0425062 0.117426 0.459286
0 0.909386 0.559907 0.0428074 0.162075 0.457468
0 0.532062 0.965653 0.0404602 0.0686939 0.451718
0 0.231789 0.971926 0.0616901 0.0561479 0.430437
0 0.700529 0.937856 0.0459574 0.124288 0.427741
0 0.485991 0.977812 0.032345 0.0439684 0.348114
0 0.763608 0.92506 0.0719733 0.141248 0.320547
0 0.270681 0.678608 0.0456587 0.150209 0.315913
0 0.234433 0.376506 0.0463501 0.140252 0.271415
0 0.320065 0.654404 0.0405078 0.122723 0.270495
