0 0.180573 0.573586 0.175296 0.843682 0.836668
0 0.705661 0.569012 0.167191 0.844212 0.755435
0 0.443111 0.516855 0.16329 0.455982 0.654008
0 0.0690293 0.513938 0.0942418 0.382861 0.645542
0 0.336772 0.574932 0.0851115 0.240466 0.413936
56 0.61501 0.653906 0.0727427 0.0729305 0.294654
0 0.0199655 0.513604 0.0398917 0.384243 0.26719
0 0.812109 0.572385 0.0846693 0.212138 0.261956
0 0.180573 0.573586 0.175296 0.843682 0.836668
0 0.705661 0.569012 0.167191 0.844212 0.755435
0 0.443111 0.516855 0.16329 0.455982 0.654008
0 0.0690293 0.513938 0.0942418 0.382861 0.645542
0 0.336772 0.574932 0.0851115 0.240466 0.413936
56 0.61501 0.653906 0.0727427 0.0729305 0.294654
0 0.0199655 0.513604 0.0398917 0.384243 0.26719
0 0.812109 0.572385 0.0846693 0.212138 0.261956
