0 0.265449 0.576292 0.170709 0.839412 0.784855
0 0.554538 0.518962 0.16 0.447626 0.726471
0 0.774245 0.571429 0.159792 0.842807 0.685379
0 0.0659508 0.56801 0.119586 0.279572 0.482119
0 0.162372 0.507523 0.0883296 0.387979 0.368711
0 0.431184 0.572192 0.109188 0.23694 0.349352
0 0.889564 0.574275 0.0867535 0.204505 0.276759
0 0.265449 0.576292 0.170709 0.839412 0.784855
0 0.554538 0.518962 0.16 0.447626 0.726471
0 0.774245 0.571429 0.159792 0.842807 0.685379
0 0.0659508 0.56801 0.119586 0.279572 0.482119
0 0.162372 0.507523 0.0883296 0.387979 0.368711
0 0.431184 0.572192 0.109188 0.23694 0.349352
0 0.889564 0.574275 0.0867535 0.204505 0.276759
