0 0.378676 0.846045 0.0860995 0.225644 0.779677
0 0.658795 0.941983 0.0444658 0.116034 0.730791
0 0.494034 0.572032 0.0536186 0.168462 0.680783
0 0.616016 0.951005 0.0457091 0.0979899 0.673818
0 0.533261 0.965701 0.0399999 0.0685981 0.649997
0 0.908661 0.558818 0.0518835 0.169591 0.59471
0 0.201128 0.439783 0.065444 0.150733 0.572968
0 0.321626 0.675978 0.0615384 0.174184 0.523781
0 0.231934 0.972399 0.0540602 0.0552024 0.492872
0 0.568203 0.957223 0.0433868 0.085555 0.492171
0 0.78006 0.374691 0.0327662 0.174505 0.478486
0 0.282513 0.478322 0.0448967 0.12683 0.452903
0 0.703249 0.939708 0.0476908 0.120585 0.373291
0 0.487874 0.977791 0.0319973 0.0444177 0.356385
0 0.723522 0.861059 0.0571268 0.211815 0.333474
0 0.227634 0.370632 0.0478079 0.118448 0.276491
0 0.268141 0.683437 0.0427767 0.150712 0.264768
0 0.378676 0.846045 0.0860995 0.225644 0.779677
0 0.658795 0.941983 0.0444658 0.116034 0.730791
0 0.494034 0.572032 0.0536186 0.168462 0.680783
0 0.616016 0.951005 0.0457091 0.0979899 0.673818
0 0.533261 0.965701 0.0399999 0.0685981 0.649997
0 0.908661 0.558818 0.0518835 0.169591 0.59471
0 0.201128 0.439783 0.065444 0.150733 0.572968
0 0.321626 0.675978 0.0615384 0.174184 0.523781
0 0.231934 0.972399 0.0540602 0.0552024 0.492872
0 0.568203 0.957223 0.0433868 0.085555 0.492171
0 0.78006 0.374691 0.0327662 0.174505 0.478486
0 0.282513 0.478322 0.0448967 0.12683 0.452903
0 0.703249 0.939708 0.0476908 0.120585 0.373291
0 0.487874 0.977791 0.0319973 0.0444177 0.356385
0 0.723522 0.861059 0.0571268 0.211815 0.333474
0 0.227634 0.370632 0.0478079 0.118448 0.276491
0 0.268141 0.683437 0.0427767 0.150712 0.264768
