0 0.89648 0.583471 0.189239 0.815244 0.920134
0 0.424851 0.590499 0.18229 0.801316 0.89611
0 0.628971 0.558818 0.192788 0.866809 0.883029
0 0.077085 0.579663 0.153993 0.83055 0.879197
0 0.845655 0.278049 0.0866524 0.2235 0.539037
0 0.295357 0.4733 0.083007 0.189929 0.53187
0 0.24471 0.370585 0.0702608 0.259093 0.453373
0 0.38274 0.319811 0.0681317 0.147031 0.366565
56 0.326313 0.252676 0.0745919 0.115786 0.347476
0 0.774768 0.179825 0.0945688 0.275988 0.313517
0 0.724212 0.473444 0.0834246 0.165978 0.308863
0 0.184716 0.430774 0.101883 0.366727 0.269213
0 0.329801 0.385032 0.0550427 0.160613 0.250088
0 0.89648 0.583471 0.189239 0.815244 0.920134
0 0.424851 0.590499 0.18229 0.801316 0.89611
0 0.628971 0.558818 0.192788 0.866809 0.883029
0 0.077085 0.579663 0.153993 0.83055 0.879197
0 0.845655 0.278049 0.0866524 0.2235 0.539037
0 0.295357 0.4733 0.083007 0.189929 0.53187
0 0.24471 0.370585 0.0702608 0.259093 0.453373
0 0.38274 0.319811 0.0681317 0.147031 0.366565
56 0.326313 0.252676 0.0745919 0.115786 0.347476
0 0.774768 0.179825 0.0945688 0.275988 0.313517
0 0.724212 0.473444 0.0834246 0.165978 0.308863
0 0.184716 0.430774 0.101883 0.366727 0.269213
0 0.329801 0.385032 0.0550427 0.160613 0.250088
