0 0.187372 0.563828 0.278162 0.852336 0.895503
0 0.0231277 0.662064 0.0462554 0.667224 0.734173
0 0.499117 0.622021 0.11813 0.234236 0.713062
0 0.377564 0.617944 0.116083 0.243977 0.691751
0 0.720937 0.492099 0.238678 0.497175 0.622627
0 0.942131 0.631704 0.115313 0.221331 0.516354
0 0.450475 0.476913 0.11346 0.296982 0.486632
0 0.875004 0.521013 0.0899328 0.228332 0.452584
0 0.846618 0.310849 0.110865 0.308293 0.452069
0 0.250984 0.281011 0.0829953 0.234237 0.42914
0 0.556437 0.463582 0.109296 0.326749 0.422617
0 0.918754 0.218829 0.102124 0.384434 0.406162
0 0.540002 0.29896 0.128883 0.286922 0.382493
0 0.960902 0.468132 0.0772034 0.271025 0.350423
0 0.840824 0.612979 0.103546 0.251172 0.288556
0 0.352429 0.486738 0.0910743 0.288564 0.281368
0 0.187372 0.563828 0.278162 0.852336 0.895503
0 0.0231277 0.662064 0.0462554 0.667224 0.734173
0 0.499117 0.622021 0.11813 0.234236 0.713062
0 0.377564 0.617944 0.116083 0.243977 0.691751
0 0.720937 0.492099 0.238678 0.497175 0.622627
0 0.942131 0.631704 0.115313 0.221331 0.516354
0 0.450475 0.476913 0.11346 0.296982 0.486632
0 0.875004 0.521013 0.0899328 0.228332 0.452584
0 0.846618 0.310849 0.110865 0.308293 0.452069
0 0.250984 0.281011 0.0829953 0.234237 0.42914
0 0.556437 0.463582 0.109296 0.326749 0.422617
0 0.918754 0.218829 0.102124 0.384434 0.406162
0 0.540002 0.29896 0.128883 0.286922 0.382493
0 0.960902 0.468132 0.0772034 0.271025 0.350423
0 0.840824 0.612979 0.103546 0.251172 0.288556
0 0.352429 0.486738 0.0910743 0.288564 0.281368
