0 0.311766 0.680808 0.0489096 0.188646 0.81048
0 0.92956 0.847466 0.0485775 0.188811 0.798175
0 0.619045 0.945569 0.0479481 0.108286 0.681441
0 0.335097 0.473756 0.0319635 0.150267 0.636534
0 0.733832 0.968599 0.0443413 0.062802 0.619
0 0.56192 0.668917 0.0383666 0.155642 0.617139
0 0.567845 0.408442 0.033801 0.138435 0.602949
0 0.47497 0.845242 0.0486007 0.191136 0.596358
0 0.524517 0.935963 0.043086 0.125833 0.495904
0 0.777564 0.503433 0.0318871 0.127622 0.490854
0 0.370404 0.937862 0.0563985 0.124276 0.4291
0 0.49338 0.970118 0.0349934 0.0597643 0.344347
0 0.420617 0.953062 0.0379744 0.093877 0.314495
0 0.641059 0.610255 0.0489229 0.136639 0.267104
0 0.458457 0.959072 0.0427744 0.0818567 0.255063
0 0.311766 0.680808 0.0489096 0.188646 0.81048
0 0.92956 0.847466 0.0485775 0.188811 0.798175
0 0.619045 0.945569 0.0479481 0.108286 0.681441
0 0.335097 0.473756 0.0319635 0.150267 0.636534
0 0.733832 0.968599 0.0443413 0.062802 0.619
0 0.56192 0.668917 0.0383666 0.155642 0.617139
0 0.567845 0.408442 0.033801 0.138435 0.602949
0 0.47497 0.845242 0.0486007 0.191136 0.596358
0 0.524517 0.935963 0.043086 0.125833 0.495904
0 0.777564 0.503433 0.0318871 0.127622 0.490854
0 0.370404 0.937862 0.0563985 0.124276 0.4291
0 0.49338 0.970118 0.0349934 0.0597643 0.344347
0 0.420617 0.953062 0.0379744 0.093877 0.314495
0 0.641059 0.610255 0.0489229 0.136639 0.267104
0 0.458457 0.959072 0.0427744 0.0818567 0.255063
