0 0.270674 0.917843 0.12942 0.164314 0.863346
0 0.20879 0.358917 0.0330869 0.150765 0.763501
0 0.349883 0.392142 0.0355454 0.165005 0.656414
0 0.188792 0.523349 0.0309881 0.15194 0.613447
0 0.460214 0.547881 0.0391704 0.195427 0.563066
0 0.331169 0.57928 0.043541 0.167218 0.558752
0 0.421667 0.328452 0.0251258 0.131987 0.54997
0 0.774307 0.393998 0.0393563 0.156595 0.523386
0 0.473035 0.951511 0.0416513 0.0969789 0.519886
0 0.366093 0.966842 0.043413 0.0663166 0.509831
0 0.63314 0.767318 0.0533689 0.206381 0.464866
0 0.430593 0.960833 0.0457463 0.0783334 0.461842
0 0.721036 0.801411 0.0572911 0.180134 0.443706
0 0.565874 0.50093 0.0321636 0.166794 0.377349
0 0.619266 0.627738 0.0368292 0.139556 0.366956
0 0.448801 0.432788 0.0308741 0.0919099 0.306329
0 0.667394 0.891642 0.0433008 0.124534 0.303111
0 0.552611 0.93334 0.0500063 0.130527 0.265544
0 0.270674 0.917843 0.12942 0.164314 0.863346
0 0.20879 0.358917 0.0330869 0.150765 0.763501
0 0.349883 0.392142 0.0355454 0.165005 0.656414
0 0.188792 0.523349 0.0309881 0.15194 0.613447
0 0.460214 0.547881 0.0391704 0.195427 0.563066
0 0.331169 0.57928 0.043541 0.167218 0.558752
0 0.421667 0.328452 0.0251258 0.131987 0.54997
0 0.774307 0.393998 0.0393563 0.156595 0.523386
0 0.473035 0.951511 0.0416513 0.0969789 0.519886
0 0.366093 0.966842 0.043413 0.0663166 0.509831
0 0.63314 0.767318 0.0533689 0.206381 0.464866
0 0.430593 0.960833 0.0457463 0.0783334 0.461842
0 0.721036 0.801411 0.0572911 0.180134 0.443706
0 0.565874 0.50093 0.0321636 0.166794 0.377349
0 0.619266 0.627738 0.0368292 0.139556 0.366956
0 0.448801 0.432788 0.0308741 0.0919099 0.306329
0 0.667394 0.891642 0.0433008 0.124534 0.303111
0 0.552611 0.93334 0.0500063 0.130527 0.265544
