0 0.662103 0.943961 0.0451418 0.112078 0.770853
0 0.553325 0.419572 0.022858 0.127853 0.675009
0 0.491836 0.664661 0.0308054 0.153547 0.663038
0 0.133334 0.753649 0.0401366 0.140992 0.565159
0 0.632562 0.540793 0.0414995 0.152343 0.563951
0 0.304834 0.461877 0.0245103 0.146052 0.53805
0 0.563142 0.923234 0.0498753 0.150641 0.5334
0 0.279127 0.659405 0.0415767 0.175746 0.525856
0 0.440342 0.950806 0.0433518 0.0983883 0.494198
0 0.478686 0.918469 0.0384666 0.159098 0.474202
0 0.593988 0.533984 0.0481169 0.156262 0.445056
0 0.766273 0.515451 0.0366809 0.105138 0.441826
0 0.596711 0.435744 0.0268541 0.0875059 0.428836
0 0.575379 0.971256 0.0370169 0.0574873 0.41842
0 0.496992 0.838434 0.0343731 0.157096 0.306726
0 0.500557 0.960549 0.0353771 0.0789019 0.305293
0 0.99156 0.831524 0.0161541 0.182974 0.274911
0 0.528645 0.976304 0.0348983 0.0473911 0.259152
0 0.409901 0.935438 0.0426655 0.114421 0.253235
0 0.662103 0.943961 0.0451418 0.112078 0.770853
0 0.553325 0.419572 0.022858 0.127853 0.675009
0 0.491836 0.664661 0.0308054 0.153547 0.663038
0 0.133334 0.753649 0.0401366 0.140992 0.565159
0 0.632562 0.540793 0.0414995 0.152343 0.563951
0 0.304834 0.461877 0.0245103 0.146052 0.53805
0 0.563142 0.923234 0.0498753 0.150641 0.5334
0 0.279127 0.659405 0.0415767 0.175746 0.525856
0 0.440342 0.950806 0.0433518 0.0983883 0.494198
0 0.478686 0.918469 0.0384666 0.159098 0.474202
0 0.593988 0.533984 0.0481169 0.156262 0.445056
0 0.766273 0.515451 0.0366809 0.105138 0.441826
0 0.596711 0.435744 0.0268541 0.0875059 0.428836
0 0.575379 0.971256 0.0370169 0.0574873 0.41842
0 0.496992 0.838434 0.0343731 0.157096 0.306726
0 0.500557 0.960549 0.0353771 0.0789019 0.305293
0 0.99156 0.831524 0.0161541 0.182974 0.274911
0 0.528645 0.976304 0.0348983 0.0473911 0.259152
0 0.409901 0.935438 0.0426655 0.114421 0.253235
