0 0.54099 0.488848 0.244509 0.504951 0.778556
0 0.785966 0.631095 0.135459 0.216463 0.721913
0 0.203254 0.62148 0.124098 0.243339 0.661457
0 0.330267 0.621889 0.12034 0.2355 0.631821
56 0.903467 0.148164 0.103093 0.129282 0.568711
0 0.28085 0.473769 0.11365 0.297559 0.544579
0 0.668055 0.610616 0.104402 0.255421 0.501572
0 0.0631628 0.289972 0.111804 0.263859 0.468046
0 0.387772 0.516078 0.107659 0.426781 0.463062
0 0.708172 0.524376 0.08253 0.236444 0.44592
0 0.0517849 0.627861 0.10357 0.730548 0.443895
0 0.819043 0.492578 0.140758 0.319241 0.437414
0 0.178961 0.471837 0.0965594 0.258398 0.430844
0 0.671667 0.327117 0.119496 0.338977 0.419735
32 0.278652 0.960688 0.0254203 0.0327254 0.419081
0 0.892279 0.666568 0.0801023 0.145287 0.405967
0 0.94284 0.473077 0.1137 0.348151 0.3313
0 0.110844 0.429292 0.0808492 0.209469 0.31314
0 0.771816 0.216279 0.154117 0.377538 0.305748
56 0.97821 0.146536 0.0430609 0.134349 0.304496
0 0.371174 0.295568 0.129667 0.297105 0.279141
0 0.54099 0.488848 0.244509 0.504951 0.778556
0 0.785966 0.631095 0.135459 0.216463 0.721913
0 0.203254 0.62148 0.124098 0.243339 0.661457
0 0.330267 0.621889 0.12034 0.2355 0.631821
56 0.903467 0.148164 0.103093 0.129282 0.568711
0 0.28085 0.473769 0.11365 0.297559 0.544579
0 0.668055 0.610616 0.104402 0.255421 0.501572
0 0.0631628 0.289972 0.111804 0.263859 0.468046
0 0.387772 0.516078 0.107659 0.426781 0.463062
0 0.708172 0.524376 0.08253 0.236444 0.44592
0 0.0517849 0.627861 0.10357 0.730548 0.443895
0 0.819043 0.492578 0.140758 0.319241 0.437414
0 0.178961 0.471837 0.0965594 0.258398 0.430844
0 0.671667 0.327117 0.119496 0.338977 0.419735
32 0.278652 0.960688 0.0254203 0.0327254 0.419081
0 0.892279 0.666568 0.0801023 0.145287 0.405967
0 0.94284 0.473077 0.1137 0.348151 0.3313
0 0.110844 0.429292 0.0808492 0.209469 0.31314
0 0.771816 0.216279 0.154117 0.377538 0.305748
56 0.97821 0.146536 0.0430609 0.134349 0.304496
0 0.371174 0.295568 0.129667 0.297105 0.279141
