0 0.916648 0.555289 0.0304115 0.152256 0.795313
0 0.905359 0.898143 0.0469521 0.200893 0.782061
0 0.549014 0.485408 0.041931 0.143797 0.714438
0 0.606017 0.551701 0.0435324 0.164391 0.707159
0 0.544638 0.94058 0.0521688 0.114202 0.659305
0 0.464956 0.61227 0.0637987 0.147902 0.596733
0 0.221546 0.515993 0.0341298 0.132385 0.565374
0 0.390464 0.626527 0.0271115 0.188225 0.556665
0 0.35519 0.762893 0.0253473 0.196 0.476958
0 0.299831 0.940198 0.0549717 0.119066 0.441518
0 0.802773 0.466133 0.0287227 0.125798 0.42745
0 0.261639 0.937981 0.0438191 0.121774 0.377744
0 0.452573 0.973437 0.0327673 0.0506924 0.361439
0 0.34712 0.95541 0.0364257 0.0891808 0.355716
0 0.49584 0.87779 0.0461967 0.23102 0.344101
0 0.383993 0.958868 0.0410626 0.0822633 0.309049
0 0.493905 0.712157 0.0350716 0.155342 0.282442
0 0.916648 0.555289 0.0304115 0.152256 0.795313
0 0.905359 0.898143 0.0469521 0.200893 0.782061
0 0.549014 0.485408 0.041931 0.143797 0.714438
0 0.606017 0.551701 0.0435324 0.164391 0.707159
0 0.544638 0.94058 0.0521688 0.114202 0.659305
0 0.464956 0.61227 0.0637987 0.147902 0.596733
0 0.221546 0.515993 0.0341298 0.132385 0.565374
0 0.390464 0.626527 0.0271115 0.188225 0.556665
0 0.35519 0.762893 0.0253473 0.196 0.476958
0 0.299831 0.940198 0.0549717 0.119066 0.441518
0 0.802773 0.466133 0.0287227 0.125798 0.42745
0 0.261639 0.937981 0.0438191 0.121774 0.377744
0 0.452573 0.973437 0.0327673 0.0506924 0.361439
0 0.34712 0.95541 0.0364257 0.0891808 0.355716
0 0.49584 0.87779 0.0461967 0.23102 0.344101
0 0.383993 0.958868 0.0410626 0.0822633 0.309049
0 0.493905 0.712157 0.0350716 0.155342 0.282442
