0 0.9289 0.849063 0.0368841 0.198612 0.800271
0 0.328336 0.686301 0.0537292 0.190895 0.748126
0 0.641404 0.951618 0.0571696 0.0967641 0.723062
0 0.579998 0.401696 0.0242409 0.138639 0.699015
0 0.782803 0.53074 0.0348504 0.118373 0.69406
0 0.611802 0.57869 0.0647156 0.185823 0.63097
0 0.491663 0.864604 0.0505511 0.22383 0.628517
0 0.543707 0.939368 0.0437553 0.121263 0.613222
0 0.568346 0.675158 0.0438292 0.155098 0.583385
0 0.344275 0.474512 0.0311435 0.15801 0.48979
0 0.624433 0.361828 0.0246643 0.119935 0.433949
0 0.637142 0.499191 0.0354355 0.125269 0.422019
0 0.752586 0.973717 0.0349102 0.0525665 0.398749
0 0.383277 0.939614 0.054791 0.117988 0.351196
0 0.474342 0.962918 0.0408528 0.0741638 0.263361
0 0.9289 0.849063 0.0368841 0.198612 0.800271
0 0.328336 0.686301 0.0537292 0.190895 0.748126
0 0.641404 0.951618 0.0571696 0.0967641 0.723062
0 0.579998 0.401696 0.0242409 0.138639 0.699015
0 0.782803 0.53074 0.0348504 0.118373 0.69406
0 0.611802 0.57869 0.0647156 0.185823 0.63097
0 0.491663 0.864604 0.0505511 0.22383 0.628517
0 0.543707 0.939368 0.0437553 0.121263 0.613222
0 0.568346 0.675158 0.0438292 0.155098 0.583385
0 0.344275 0.474512 0.0311435 0.15801 0.48979
0 0.624433 0.361828 0.0246643 0.119935 0.433949
0 0.637142 0.499191 0.0354355 0.125269 0.422019
0 0.752586 0.973717 0.0349102 0.0525665 0.398749
0 0.383277 0.939614 0.054791 0.117988 0.351196
0 0.474342 0.962918 0.0408528 0.0741638 0.263361
