0 0.291635 0.533184 0.0447647 0.174996 0.836499
0 0.884139 0.931707 0.0309349 0.136587 0.733713
0 0.559852 0.856578 0.0672138 0.25037 0.715287
0 0.279482 0.960452 0.0363442 0.0790966 0.644825
0 0.239189 0.956547 0.0423251 0.0845157 0.614377
0 0.334674 0.968448 0.0363634 0.0631044 0.614135
0 0.558673 0.423555 0.0273822 0.13975 0.56484
0 0.867065 0.483358 0.0392864 0.129425 0.528816
0 0.484246 0.739417 0.0814241 0.169507 0.495639
0 0.370985 0.968995 0.0386027 0.0620104 0.458585
0 0.528702 0.726608 0.0562077 0.215364 0.410738
0 0.614699 0.577574 0.0668275 0.168164 0.373386
0 0.509233 0.341803 0.026948 0.138088 0.359671
0 0.641138 0.53537 0.0329857 0.180663 0.359144
0 0.0224487 0.938005 0.0448925 0.119664 0.292797
0 0.11141 0.952563 0.0430908 0.0893692 0.263482
0 0.291635 0.533184 0.0447647 0.174996 0.836499
0 0.884139 0.931707 0.0309349 0.136587 0.733713
0 0.559852 0.856578 0.0672138 0.25037 0.715287
0 0.279482 0.960452 0.0363442 0.0790966 0.644825
0 0.239189 0.956547 0.0423251 0.0845157 0.614377
0 0.334674 0.968448 0.0363634 0.0631044 0.614135
0 0.558673 0.423555 0.0273822 0.13975 0.56484
0 0.867065 0.483358 0.0392864 0.129425 0.528816
0 0.484246 0.739417 0.0814241 0.169507 0.495639
0 0.370985 0.968995 0.0386027 0.0620104 0.458585
0 0.528702 0.726608 0.0562077 0.215364 0.410738
0 0.614699 0.577574 0.0668275 0.168164 0.373386
0 0.509233 0.341803 0.026948 0.138088 0.359671
0 0.641138 0.53537 0.0329857 0.180663 0.359144
0 0.0224487 0.938005 0.0448925 0.119664 0.292797
0 0.11141 0.952563 0.0430908 0.0893692 0.263482
