0 0.780112 0.562755 0.149726 0.457323 0.909754
0 0.393272 0.383024 0.193264 0.50975 0.901914
0 0.505491 0.622224 0.128712 0.574677 0.883886
0 0.66277 0.785787 0.155346 0.420263 0.875524
0 0.904681 0.731479 0.189906 0.262758 0.813096
0 0.615393 0.109545 0.0695374 0.147549 0.61313
0 0.555569 0.158583 0.0615032 0.246871 0.457457
0 0.683266 0.115184 0.0714863 0.11747 0.385644
0 0.973559 0.10644 0.052132 0.153061 0.347839
38 0.780462 0.655537 0.0589466 0.0708478 0.338977
32 0.730559 0.820536 0.0207999 0.0631883 0.269136
