0 0.552902 0.483857 0.0438646 0.1461 0.793636
0 0.868689 0.857243 0.0498058 0.18921 0.768658
0 0.600905 0.543423 0.049866 0.163906 0.751445
0 0.906696 0.515026 0.0336174 0.141973 0.739568
0 0.251089 0.501991 0.0332356 0.148412 0.631559
0 0.434176 0.602159 0.0504667 0.167549 0.618382
0 0.821673 0.529665 0.0282942 0.156075 0.570675
0 0.367277 0.629413 0.0286232 0.201637 0.541193
0 0.300501 0.737882 0.0454788 0.172082 0.504093
0 0.516219 0.841507 0.0560844 0.155114 0.442645
0 0.473732 0.415582 0.0211266 0.112859 0.341208
0 0.256362 0.771224 0.0592257 0.159157 0.326202
0 0.420073 0.968698 0.0349999 0.0626038 0.317179
0 0.531901 0.939725 0.0504349 0.11563 0.316327
0 0.453799 0.969761 0.0337627 0.060477 0.315542
0 0.423831 0.362583 0.0223612 0.108945 0.253578
0 0.552902 0.483857 0.0438646 0.1461 0.793636
0 0.868689 0.857243 0.0498058 0.18921 0.768658
0 0.600905 0.543423 0.049866 0.163906 0.751445
0 0.906696 0.515026 0.0336174 0.141973 0.739568
0 0.251089 0.501991 0.0332356 0.148412 0.631559
0 0.434176 0.602159 0.0504667 0.167549 0.618382
0 0.821673 0.529665 0.0282942 0.156075 0.570675
0 0.367277 0.629413 0.0286232 0.201637 0.541193
0 0.300501 0.737882 0.0454788 0.172082 0.504093
0 0.516219 0.841507 0.0560844 0.155114 0.442645
0 0.473732 0.415582 0.0211266 0.112859 0.341208
0 0.256362 0.771224 0.0592257 0.159157 0.326202
0 0.420073 0.968698 0.0349999 0.0626038 0.317179
0 0.531901 0.939725 0.0504349 0.11563 0.316327
0 0.453799 0.969761 0.0337627 0.060477 0.315542
0 0.423831 0.362583 0.0223612 0.108945 0.253578
