0 0.480437 0.737702 0.0436748 0.203515 0.837411
0 0.354873 0.813459 0.0610157 0.221115 0.741421
0 0.866229 0.598691 0.0699329 0.131095 0.691152
0 0.575944 0.675177 0.052998 0.214126 0.641517
0 0.95362 0.960165 0.052956 0.0796709 0.632647
0 0.62032 0.682629 0.04429 0.210088 0.624229
0 0.350218 0.539109 0.0583903 0.147646 0.615897
0 0.601364 0.432981 0.033956 0.152238 0.453729
0 0.260207 0.971516 0.0304963 0.0569675 0.451273
0 0.698313 0.67851 0.0578908 0.206432 0.42737
0 0.0318333 0.952522 0.0547444 0.0940436 0.412381
0 0.133035 0.967035 0.0368295 0.0649172 0.394611
0 0.660031 0.518834 0.0484197 0.159927 0.36391
0 0.0145036 0.491376 0.0289205 0.0774541 0.260212
0 0.480437 0.737702 0.0436748 0.203515 0.837411
0 0.354873 0.813459 0.0610157 0.221115 0.741421
0 0.866229 0.598691 0.0699329 0.131095 0.691152
0 0.575944 0.675177 0.052998 0.214126 0.641517
0 0.95362 0.960165 0.052956 0.0796709 0.632647
0 0.62032 0.682629 0.04429 0.210088 0.624229
0 0.350218 0.539109 0.0583903 0.147646 0.615897
0 0.601364 0.432981 0.033956 0.152238 0.453729
0 0.260207 0.971516 0.0304963 0.0569675 0.451273
0 0.698313 0.67851 0.0578908 0.206432 0.42737
0 0.0318333 0.952522 0.0547444 0.0940436 0.412381
0 0.133035 0.967035 0.0368295 0.0649172 0.394611
0 0.660031 0.518834 0.0484197 0.159927 0.36391
0 0.0145036 0.491376 0.0289205 0.0774541 0.260212
