0 0.815243 0.681402 0.0417135 0.189892 0.782937
0 0.56323 0.687593 0.0437818 0.178294 0.713145
0 0.154283 0.459083 0.0359208 0.155422 0.673976
0 0.936866 0.597114 0.0281908 0.165021 0.644924
0 0.279272 0.667369 0.0738615 0.179371 0.61828
0 0.607297 0.951019 0.0409458 0.0979616 0.580105
0 0.602857 0.841547 0.0484144 0.18051 0.544768
0 0.653066 0.949466 0.0447169 0.101068 0.523767
0 0.458367 0.401426 0.022547 0.124913 0.492994
0 0.358952 0.492151 0.0285544 0.141312 0.479304
0 0.504731 0.976581 0.0368223 0.0468376 0.420061
0 0.381589 0.627893 0.0367543 0.165181 0.395025
0 0.55546 0.963804 0.0462345 0.0723924 0.3229
0 0.436782 0.543003 0.0468016 0.153269 0.320854
0 0.711181 0.951425 0.0431187 0.0942373 0.288476
0 0.718161 0.483762 0.0406795 0.173776 0.263506
0 0.56987 0.915198 0.0458797 0.166097 0.257591
0 0.815243 0.681402 0.0417135 0.189892 0.782937
0 0.56323 0.687593 0.0437818 0.178294 0.713145
0 0.154283 0.459083 0.0359208 0.155422 0.673976
0 0.936866 0.597114 0.0281908 0.165021 0.644924
0 0.279272 0.667369 0.0738615 0.179371 0.61828
0 0.607297 0.951019 0.0409458 0.0979616 0.580105
0 0.602857 0.841547 0.0484144 0.18051 0.544768
0 0.653066 0.949466 0.0447169 0.101068 0.523767
0 0.458367 0.401426 0.022547 0.124913 0.492994
0 0.358952 0.492151 0.0285544 0.141312 0.479304
0 0.504731 0.976581 0.0368223 0.0468376 0.420061
0 0.381589 0.627893 0.0367543 0.165181 0.395025
0 0.55546 0.963804 0.0462345 0.0723924 0.3229
0 0.436782 0.543003 0.0468016 0.153269 0.320854
0 0.711181 0.951425 0.0431187 0.0942373 0.288476
0 0.718161 0.483762 0.0406795 0.173776 0.263506
0 0.56987 0.915198 0.0458797 0.166097 0.257591
