0 0.851236 0.911163 0.0405704 0.177675 0.783036
0 0.509388 0.907527 0.0565655 0.182168 0.77969
0 0.57509 0.960955 0.0543976 0.0780904 0.643341
0 0.719178 0.613951 0.0540472 0.114601 0.625405
0 0.260717 0.506099 0.0332101 0.169861 0.623782
0 0.284238 0.955276 0.041389 0.0894471 0.547446
0 0.778516 0.463811 0.0446033 0.118762 0.510141
0 0.235796 0.94956 0.040545 0.0999298 0.474866
0 0.478052 0.738675 0.0422792 0.166274 0.468141
0 0.197138 0.947028 0.0394406 0.10446 0.464225
0 0.649579 0.562462 0.0445002 0.147675 0.372747
0 0.322687 0.957108 0.0493323 0.085784 0.350841
0 0.502623 0.418082 0.0265871 0.137999 0.350005
0 0.612997 0.58575 0.0319009 0.182618 0.291513
0 0.376895 0.973144 0.0326759 0.053712 0.256692
0 0.851236 0.911163 0.0405704 0.177675 0.783036
0 0.509388 0.907527 0.0565655 0.182168 0.77969
0 0.57509 0.960955 0.0543976 0.0780904 0.643341
0 0.719178 0.613951 0.0540472 0.114601 0.625405
0 0.260717 0.506099 0.0332101 0.169861 0.623782
0 0.284238 0.955276 0.041389 0.0894471 0.547446
0 0.778516 0.463811 0.0446033 0.118762 0.510141
0 0.235796 0.94956 0.040545 0.0999298 0.474866
0 0.478052 0.738675 0.0422792 0.166274 0.468141
0 0.197138 0.947028 0.0394406 0.10446 0.464225
0 0.649579 0.562462 0.0445002 0.147675 0.372747
0 0.322687 0.957108 0.0493323 0.085784 0.350841
0 0.502623 0.418082 0.0265871 0.137999 0.350005
0 0.612997 0.58575 0.0319009 0.182618 0.291513
0 0.376895 0.973144 0.0326759 0.053712 0.256692
