0 0.262443 0.549794 0.125054 0.653981 0.854
0 0.587245 0.616484 0.204916 0.612567 0.829477
0 0.761793 0.580403 0.19179 0.665618 0.812211
0 0.449405 0.60243 0.200141 0.680486 0.772945
0 0.0220373 0.765272 0.044 0.299925 0.769534
0 0.348251 0.588622 0.123588 0.726787 0.673576
0 0.0747018 0.448963 0.089496 0.196822 0.663618
0 0.517933 0.443207 0.0944198 0.448702 0.597389
0 0.929696 0.364896 0.0814531 0.212641 0.534458
0 0.169024 0.433451 0.0704215 0.223709 0.459248
0 0.676145 0.109294 0.0736692 0.15828 0.442259
0 0.698411 0.564725 0.153198 0.659547 0.440765
0 0.0322192 0.36948 0.0644384 0.205422 0.424027
0 0.0237714 0.465098 0.0473725 0.164346 0.404799
0 0.898177 0.217837 0.0636398 0.165369 0.361647
0 0.958685 0.230933 0.063134 0.178869 0.305127
0 0.746204 0.117027 0.0754351 0.142632 0.297405
