0 0.600221 0.937517 0.0622765 0.124965 0.835015
0 0.415746 0.674031 0.0819814 0.235487 0.822033
0 0.53327 0.732841 0.0732552 0.271614 0.814036
0 0.646004 0.485469 0.0493965 0.218309 0.791523
0 0.176892 0.89713 0.0965584 0.205739 0.790159
0 0.234604 0.455617 0.0451254 0.20286 0.710952
0 0.287222 0.598989 0.0740847 0.220175 0.689476
0 0.920586 0.570228 0.0365076 0.190336 0.574404
0 0.711094 0.971616 0.0356991 0.0567685 0.559775
0 0.299531 0.418203 0.047469 0.173176 0.518239
0 0.588173 0.724171 0.0789476 0.141256 0.513691
0 0.246405 0.326449 0.0320061 0.105667 0.497155
0 0.351807 0.512472 0.0744533 0.103144 0.383218
0 0.765708 0.284171 0.0402969 0.0816606 0.256415
