0 0.915488 0.616481 0.023876 0.165156 0.767544
0 0.601045 0.496127 0.0446873 0.140671 0.723129
0 0.779845 0.500783 0.0335347 0.133364 0.714489
0 0.493205 0.715908 0.0397631 0.173466 0.702501
0 0.365844 0.525813 0.0336087 0.197847 0.603556
0 0.402025 0.886218 0.0412358 0.198787 0.541051
0 0.450452 0.962201 0.0352054 0.075599 0.512947
0 0.556532 0.634005 0.0617163 0.147213 0.477817
0 0.484425 0.967272 0.0356201 0.0654568 0.440947
0 0.210231 0.460168 0.0500172 0.158887 0.430165
0 0.280246 0.920546 0.0337192 0.120518 0.306191
