0 0.0242454 0.816091 0.0483006 0.190713 0.78882
0 0.460492 0.83413 0.0470188 0.234375 0.755857
0 0.347253 0.56626 0.0509958 0.137915 0.742373
0 0.67387 0.678175 0.0535423 0.191661 0.707825
0 0.336046 0.951622 0.0460596 0.0967551 0.698084
0 0.516606 0.663309 0.0392021 0.206564 0.684087
0 0.537449 0.911161 0.0442958 0.177678 0.6654
0 0.848172 0.757904 0.0317097 0.207693 0.578926
0 0.655499 0.444073 0.0421151 0.16979 0.550562
0 0.440329 0.959738 0.0608849 0.0805233 0.521318
0 0.646373 0.94117 0.0502993 0.114645 0.479503
0 0.608539 0.943196 0.0428007 0.112292 0.475432
0 0.220654 0.976013 0.0262771 0.0479746 0.448862
0 0.274039 0.563489 0.0367088 0.122037 0.416564
0 0.400005 0.471414 0.0388631 0.186211 0.370977
0 0.429062 0.494787 0.0458396 0.153214 0.327102
