0 0.527093 0.591884 0.0415806 0.175853 0.699772
0 0.117398 0.492388 0.0297074 0.161305 0.667254
0 0.770634 0.62009 0.0315508 0.168306 0.611772
0 0.182591 0.5364 0.032672 0.1367 0.52425
0 0.345288 0.971102 0.0399514 0.0577957 0.469944
0 0.513123 0.809048 0.0353857 0.188985 0.452925
0 0.475616 0.435094 0.0289592 0.205294 0.445102
0 0.445892 0.439707 0.036615 0.147572 0.420099
0 0.740164 0.44001 0.0301374 0.150706 0.412069
0 0.439198 0.955592 0.0468814 0.0888153 0.40367
0 0.928235 0.524923 0.0243534 0.139457 0.382153
0 0.680524 0.867084 0.0359109 0.103934 0.291404
0 0.479248 0.947346 0.0396101 0.105307 0.26488
0 0.65439 0.794879 0.0325735 0.113297 0.260678
0 0.643026 0.869963 0.0433622 0.110809 0.256164
