0 0.0891486 0.579673 0.178028 0.822301 0.892243
0 0.534222 0.658508 0.230863 0.663622 0.883378
0 0.824304 0.584236 0.207018 0.811765 0.851179
0 0.272584 0.629767 0.0994067 0.284792 0.639106
0 0.621613 0.454966 0.0963533 0.274046 0.465852
0 0.703399 0.631982 0.118322 0.301947 0.434986
0 0.237747 0.421807 0.0907082 0.220165 0.42746
0 0.889555 0.320438 0.0957695 0.247194 0.418386
0 0.452795 0.322825 0.110529 0.343406 0.413509
0 0.957117 0.456939 0.0847988 0.26318 0.409502
0 0.204915 0.614391 0.073266 0.303884 0.381721
0 0.958609 0.644801 0.0813381 0.318792 0.354654
0 0.353748 0.565939 0.0745241 0.234277 0.354234
0 0.376034 0.315346 0.094349 0.278878 0.35064
0 0.625017 0.300455 0.0835772 0.21843 0.31995
0 0.547289 0.309448 0.0927248 0.279231 0.300453
0 0.318952 0.424336 0.0792046 0.196691 0.271903
0 0.0891486 0.579673 0.178028 0.822301 0.892243
0 0.534222 0.658508 0.230863 0.663622 0.883378
0 0.824304 0.584236 0.207018 0.811765 0.851179
0 0.272584 0.629767 0.0994067 0.284792 0.639106
0 0.621613 0.454966 0.0963533 0.274046 0.465852
0 0.703399 0.631982 0.118322 0.301947 0.434986
0 0.237747 0.421807 0.0907082 0.220165 0.42746
0 0.889555 0.320438 0.0957695 0.247194 0.418386
0 0.452795 0.322825 0.110529 0.343406 0.413509
0 0.957117 0.456939 0.0847988 0.26318 0.409502
0 0.204915 0.614391 0.073266 0.303884 0.381721
0 0.958609 0.644801 0.0813381 0.318792 0.354654
0 0.353748 0.565939 0.0745241 0.234277 0.354234
0 0.376034 0.315346 0.094349 0.278878 0.35064
0 0.625017 0.300455 0.0835772 0.21843 0.31995
0 0.547289 0.309448 0.0927248 0.279231 0.300453
0 0.318952 0.424336 0.0792046 0.196691 0.271903
