0 0.820662 0.570362 0.252616 0.836255 0.918528
0 0.491045 0.586847 0.243607 0.807192 0.888444
0 0.20246 0.647251 0.218096 0.687612 0.870258
0 0.0740396 0.551632 0.148079 0.465711 0.611426
0 0.566836 0.331129 0.0965544 0.246567 0.449777
0 0.964047 0.283494 0.0714653 0.501665 0.381548
0 0.643477 0.471248 0.0938984 0.271348 0.377701
0 0.887144 0.167618 0.108351 0.310679 0.330512
0 0.300269 0.446134 0.101716 0.243343 0.31632
0 0.722571 0.31064 0.104526 0.258866 0.305575
0 0.0519224 0.294379 0.0961239 0.228599 0.28209
0 0.133295 0.309438 0.109243 0.314382 0.270546
0 0.375957 0.631189 0.100319 0.312936 0.256614
0 0.820662 0.570362 0.252616 0.836255 0.918528
0 0.491045 0.586847 0.243607 0.807192 0.888444
0 0.20246 0.647251 0.218096 0.687612 0.870258
0 0.0740396 0.551632 0.148079 0.465711 0.611426
0 0.566836 0.331129 0.0965544 0.246567 0.449777
0 0.964047 0.283494 0.0714653 0.501665 0.381548
0 0.643477 0.471248 0.0938984 0.271348 0.377701
0 0.887144 0.167618 0.108351 0.310679 0.330512
0 0.300269 0.446134 0.101716 0.243343 0.31632
0 0.722571 0.31064 0.104526 0.258866 0.305575
0 0.0519224 0.294379 0.0961239 0.228599 0.28209
0 0.133295 0.309438 0.109243 0.314382 0.270546
0 0.375957 0.631189 0.100319 0.312936 0.256614
