0 0.100891 0.579299 0.201781 0.825382 0.938877
0 0.856467 0.585446 0.203117 0.807847 0.870011
0 0.552539 0.657826 0.248876 0.663393 0.820407
0 0.304452 0.627788 0.103498 0.282597 0.587748
0 0.650477 0.453728 0.0987633 0.2754 0.489123
0 0.386336 0.562221 0.0814668 0.224239 0.462578
0 0.917067 0.321618 0.099115 0.259945 0.461996
0 0.26766 0.421526 0.0902109 0.224196 0.444462
0 0.576148 0.3126 0.0918993 0.289152 0.420254
0 0.730784 0.631694 0.119619 0.304192 0.419804
0 0.405065 0.311492 0.093004 0.273512 0.412477
0 0.479973 0.31875 0.117289 0.335233 0.369535
0 0.349262 0.421608 0.0817634 0.194013 0.353326
0 0.896681 0.166298 0.112299 0.26526 0.338823
0 0.233455 0.614942 0.0733699 0.299697 0.298259
0 0.259532 0.325343 0.105308 0.200907 0.293111
0 0.186107 0.439521 0.078055 0.242897 0.28684
0 0.972046 0.447355 0.0547852 0.258017 0.274294
0 0.654977 0.302108 0.085515 0.223626 0.254843
0 0.100891 0.579299 0.201781 0.825382 0.938877
0 0.856467 0.585446 0.203117 0.807847 0.870011
0 0.552539 0.657826 0.248876 0.663393 0.820407
0 0.304452 0.627788 0.103498 0.282597 0.587748
0 0.650477 0.453728 0.0987633 0.2754 0.489123
0 0.386336 0.562221 0.0814668 0.224239 0.462578
0 0.917067 0.321618 0.099115 0.259945 0.461996
0 0.26766 0.421526 0.0902109 0.224196 0.444462
0 0.576148 0.3126 0.0918993 0.289152 0.420254
0 0.730784 0.631694 0.119619 0.304192 0.419804
0 0.405065 0.311492 0.093004 0.273512 0.412477
0 0.479973 0.31875 0.117289 0.335233 0.369535
0 0.349262 0.421608 0.0817634 0.194013 0.353326
0 0.896681 0.166298 0.112299 0.26526 0.338823
0 0.233455 0.614942 0.0733699 0.299697 0.298259
0 0.259532 0.325343 0.105308 0.200907 0.293111
0 0.186107 0.439521 0.078055 0.242897 0.28684
0 0.972046 0.447355 0.0547852 0.258017 0.274294
0 0.654977 0.302108 0.085515 0.223626 0.254843
