0 0.0302732 0.803473 0.0503766 0.193434 0.829051
0 0.344202 0.950445 0.0442613 0.0991106 0.801818
0 0.467333 0.833031 0.0523562 0.228813 0.766054
0 0.543828 0.909974 0.0440807 0.180052 0.707823
0 0.351842 0.568616 0.0519953 0.130175 0.670671
0 0.525276 0.664701 0.0369369 0.19946 0.654717
0 0.839934 0.762785 0.0480167 0.209075 0.645663
0 0.681797 0.67353 0.0457699 0.183242 0.636443
0 0.229745 0.973699 0.0346238 0.0526025 0.544351
0 0.28797 0.562306 0.0422471 0.134618 0.541112
0 0.448504 0.957726 0.0560362 0.0845475 0.462087
0 0.612413 0.942493 0.0409626 0.112162 0.456527
0 0.651829 0.940268 0.0492678 0.116379 0.444238
0 0.323425 0.442028 0.0317237 0.0828099 0.360326
0 0.402906 0.475821 0.0342739 0.172891 0.322004
0 0.436971 0.498798 0.0374029 0.148522 0.254231
