0 0.674681 0.502175 0.0567635 0.217973 0.782862
0 0.510115 0.633254 0.078298 0.200809 0.738282
0 0.400791 0.717074 0.0575067 0.221957 0.721849
0 0.555311 0.706438 0.093997 0.0999313 0.694284
0 0.264567 0.674117 0.0722055 0.218502 0.690848
0 0.560942 0.911974 0.0550238 0.175625 0.689872
0 0.806773 0.51236 0.0347246 0.16969 0.689094
0 0.249448 0.471497 0.041423 0.167058 0.65156
0 0.662564 0.698702 0.0678031 0.174847 0.554341
0 0.404085 0.573858 0.0768937 0.207027 0.52811
0 0.663906 0.943868 0.0472921 0.112263 0.507203
0 0.305021 0.445496 0.0389704 0.195454 0.492321
0 0.275531 0.46178 0.035707 0.149434 0.470668
0 0.626282 0.961374 0.0412073 0.0772529 0.458235
0 0.586818 0.970164 0.044534 0.0596728 0.331559
0 0.521885 0.972029 0.0440528 0.0559416 0.260583
