0 0.517378 0.733148 0.0633932 0.210542 0.800533
0 0.132449 0.810622 0.0779449 0.191123 0.796799
0 0.704184 0.575713 0.0508171 0.191593 0.787315
0 0.36883 0.918432 0.0590596 0.163135 0.771191
0 0.669339 0.523817 0.0460726 0.187954 0.629063
0 0.396407 0.725301 0.0560852 0.205771 0.595355
0 0.290901 0.494924 0.0414009 0.198758 0.573356
0 0.845993 0.44909 0.0487144 0.156374 0.508491
0 0.731629 0.894558 0.0729942 0.210884 0.473288
0 0.788689 0.526733 0.0536404 0.153717 0.467833
32 0.880706 0.422767 0.0232529 0.0403409 0.456757
0 0.267832 0.970753 0.0393197 0.0584943 0.39421
0 0.11213 0.965687 0.0425608 0.0664439 0.373675
0 0.758233 0.619218 0.055556 0.111171 0.34068
