0 0.850741 0.822595 0.0409897 0.190355 0.876255
0 0.403468 0.628839 0.0453983 0.175726 0.745356
0 0.735092 0.372379 0.0420917 0.138095 0.741855
0 0.24519 0.624118 0.0300517 0.191009 0.721768
0 0.571219 0.820657 0.0516391 0.207365 0.668275
0 0.468276 0.95715 0.0447956 0.0857005 0.655704
0 0.618733 0.515441 0.0414035 0.142004 0.635631
0 0.24198 0.431307 0.0340249 0.153192 0.604364
0 0.289751 0.82058 0.0395306 0.191807 0.599067
0 0.612694 0.376213 0.0316082 0.121086 0.504684
0 0.562041 0.971602 0.0372124 0.0567961 0.488234
0 0.821348 0.580907 0.0449995 0.186231 0.46068
0 0.558716 0.484001 0.0439772 0.18687 0.459552
0 0.395982 0.936335 0.0415992 0.122427 0.43514
0 0.462113 0.557036 0.0453368 0.138776 0.424122
0 0.630716 0.985099 0.0157246 0.0298013 0.404889
0 0.435063 0.938838 0.0421152 0.104536 0.352652
