0 0.10859 0.480618 0.0291902 0.15212 0.811423
0 0.747817 0.617056 0.0466027 0.170893 0.722725
0 0.172963 0.535426 0.0297323 0.139223 0.686004
0 0.502044 0.587699 0.0430203 0.16847 0.618361
0 0.438832 0.469251 0.0307512 0.199157 0.611001
0 0.490857 0.818632 0.0392691 0.198394 0.601429
0 0.461804 0.453933 0.0298057 0.150487 0.600826
0 0.432007 0.955467 0.0442691 0.0890656 0.531154
0 0.338721 0.97227 0.037441 0.0554595 0.4803
0 0.471928 0.946691 0.0394119 0.106619 0.475579
0 0.63085 0.865437 0.0455258 0.112689 0.284773
0 0.553336 0.94079 0.0357852 0.108296 0.263572
