0 0.0726235 0.576849 0.145004 0.826054 0.891728
0 0.493816 0.653664 0.231571 0.676875 0.890385
0 0.772486 0.58458 0.21632 0.811365 0.846751
0 0.22274 0.632388 0.101641 0.284858 0.661749
0 0.657882 0.634574 0.110131 0.302325 0.457189
0 0.190812 0.424252 0.088801 0.223465 0.431604
0 0.840535 0.323541 0.0954712 0.252736 0.430546
0 0.329291 0.315161 0.0932622 0.267701 0.391326
0 0.917367 0.460046 0.099157 0.264288 0.371191
0 0.576134 0.455934 0.0954824 0.272185 0.353103
0 0.271741 0.428979 0.079283 0.200872 0.322581
0 0.323341 0.612488 0.129503 0.327036 0.312166
0 0.500467 0.263558 0.0925753 0.183902 0.310502
0 0.403864 0.340274 0.115329 0.37645 0.300984
0 0.154065 0.620461 0.0717024 0.302236 0.25795
0 0.0726235 0.576849 0.145004 0.826054 0.891728
0 0.493816 0.653664 0.231571 0.676875 0.890385
0 0.772486 0.58458 0.21632 0.811365 0.846751
0 0.22274 0.632388 0.101641 0.284858 0.661749
0 0.657882 0.634574 0.110131 0.302325 0.457189
0 0.190812 0.424252 0.088801 0.223465 0.431604
0 0.840535 0.323541 0.0954712 0.252736 0.430546
0 0.329291 0.315161 0.0932622 0.267701 0.391326
0 0.917367 0.460046 0.099157 0.264288 0.371191
0 0.576134 0.455934 0.0954824 0.272185 0.353103
0 0.271741 0.428979 0.079283 0.200872 0.322581
0 0.323341 0.612488 0.129503 0.327036 0.312166
0 0.500467 0.263558 0.0925753 0.183902 0.310502
0 0.403864 0.340274 0.115329 0.37645 0.300984
0 0.154065 0.620461 0.0717024 0.302236 0.25795
