0 0.57388 0.653122 0.0582592 0.189723 0.841352
0 0.401946 0.730012 0.0454443 0.224932 0.828324
0 0.203157 0.560293 0.0417118 0.189369 0.740344
0 0.606686 0.955573 0.0442726 0.0888546 0.718549
0 0.258438 0.499433 0.0529375 0.138563 0.709972
0 0.561248 0.955361 0.0416798 0.0892776 0.692515
0 0.64986 0.449596 0.0298325 0.182469 0.684997
0 0.656609 0.949589 0.0440872 0.100821 0.644484
0 0.828811 0.513027 0.0306187 0.165422 0.631363
0 0.694115 0.930712 0.0450643 0.130548 0.554229
0 0.598836 0.885576 0.0520293 0.157484 0.541532
0 0.353994 0.580286 0.0476917 0.19095 0.522487
0 0.4873 0.971995 0.0405584 0.0560098 0.493349
0 0.338525 0.430438 0.0432333 0.151722 0.263319
0 0.370052 0.403346 0.0320031 0.132807 0.260471
