0 0.37767 0.941267 0.0426414 0.117466 0.784596
0 0.776601 0.754596 0.0474838 0.19434 0.774374
0 0.0162159 0.761115 0.0321418 0.163654 0.765274
0 0.567212 0.671002 0.048477 0.193743 0.756156
0 0.494346 0.827082 0.0576406 0.206885 0.728592
0 0.263734 0.964452 0.0472356 0.071096 0.715561
0 0.724375 0.650753 0.043042 0.179551 0.706317
0 0.569226 0.904716 0.0383377 0.190568 0.677152
0 0.345922 0.537381 0.0625356 0.164201 0.676617
0 0.49285 0.951703 0.0447038 0.0965936 0.572403
0 0.264575 0.431877 0.0514765 0.117819 0.521096
0 0.732939 0.463599 0.0291042 0.161193 0.496305
0 0.677587 0.935897 0.0491195 0.120978 0.416123
0 0.639893 0.93925 0.041518 0.1215 0.377739
0 0.676096 0.392721 0.0275627 0.109679 0.355462
0 0.43083 0.478324 0.0391493 0.114112 0.274898
0 0.889447 0.969659 0.0393192 0.0606817 0.262962
0 0.452301 0.418088 0.0301701 0.139097 0.250457
