0 0.446512 0.609069 0.0365019 0.172132 0.680707
0 0.982081 0.642302 0.035342 0.193026 0.656789
0 0.548025 0.715759 0.0368002 0.181704 0.652206
0 0.0623373 0.617409 0.0454006 0.155991 0.640941
0 0.640601 0.55798 0.0286146 0.173362 0.627468
0 0.447827 0.923442 0.039571 0.153117 0.579782
0 0.592381 0.520929 0.033263 0.149105 0.572303
0 0.511143 0.616983 0.0532223 0.155704 0.553093
0 0.323836 0.958372 0.0350669 0.083255 0.550238
0 0.28833 0.951096 0.0426722 0.0978077 0.539169
0 0.667259 0.577945 0.0557245 0.20091 0.500019
0 0.236297 0.95143 0.0588179 0.0971397 0.39151
0 0.218253 0.937454 0.0319704 0.118526 0.320598
0 0.354935 0.966848 0.0320872 0.0658912 0.272024
