0 0.959791 0.60051 0.022386 0.162528 0.755343
0 0.591152 0.751523 0.0682341 0.176573 0.549718
0 0.806661 0.541973 0.0261005 0.175701 0.549539
0 0.408893 0.896336 0.0414032 0.199076 0.519262
0 0.378305 0.563446 0.0383092 0.165603 0.503379
0 0.223335 0.464798 0.0414103 0.158326 0.483292
0 0.60577 0.601384 0.0431376 0.135262 0.409516
0 0.58412 0.514417 0.0446043 0.136635 0.39426
0 0.504667 0.579476 0.0396698 0.143893 0.37527
0 0.530901 0.51616 0.0354734 0.138081 0.373327
0 0.492311 0.97236 0.0342089 0.0552799 0.331982
0 0.45673 0.967336 0.0371147 0.065328 0.31567
0 0.00657681 0.568946 0.0130709 0.188625 0.28861
