0 0.112131 0.485919 0.025685 0.147222 0.717137
0 0.753367 0.619262 0.0461304 0.172171 0.630989
0 0.517685 0.591687 0.0534834 0.163131 0.613626
0 0.179612 0.535157 0.0445727 0.130488 0.550712
0 0.502168 0.814449 0.0397064 0.189991 0.542156
0 0.468897 0.46127 0.0229265 0.144731 0.391952
0 0.436162 0.955514 0.0470903 0.0889727 0.387946
0 0.917787 0.521416 0.0270475 0.137393 0.384982
0 0.340155 0.971374 0.0432791 0.057252 0.352794
0 0.637365 0.869646 0.0446896 0.11423 0.300271
0 0.474268 0.94746 0.0410933 0.105081 0.298297
0 0.595985 0.918584 0.0576639 0.160489 0.290165
0 0.443732 0.466588 0.0351986 0.202359 0.27488
0 0.650224 0.8007 0.0327208 0.125159 0.257634
