0 0.634589 0.653812 0.231762 0.672458 0.874828
0 0.221348 0.577945 0.208692 0.829994 0.874757
0 0.927362 0.583758 0.144645 0.809893 0.842538
0 0.415592 0.627655 0.0998776 0.280538 0.736336
0 0.690171 0.327282 0.092066 0.321863 0.500739
0 0.762385 0.44079 0.0997342 0.251395 0.463519
0 0.835776 0.622951 0.113835 0.317879 0.456122
0 0.0512147 0.627493 0.0970088 0.265568 0.437259
0 0.379954 0.416595 0.0921079 0.213367 0.424162
0 0.747784 0.568773 0.078771 0.250732 0.380668
0 0.0756957 0.50074 0.106812 0.299464 0.359635
0 0.0227209 0.430443 0.0453274 0.236132 0.349569
0 0.515663 0.309164 0.0937365 0.274183 0.338449
0 0.374531 0.322751 0.103656 0.197088 0.307617
0 0.593812 0.303199 0.114727 0.302915 0.290298
13 0.798208 0.889642 0.160131 0.213206 0.282511
0 0.460099 0.426884 0.0772284 0.195634 0.265592
0 0.634589 0.653812 0.231762 0.672458 0.874828
0 0.221348 0.577945 0.208692 0.829994 0.874757
0 0.927362 0.583758 0.144645 0.809893 0.842538
0 0.415592 0.627655 0.0998776 0.280538 0.736336
0 0.690171 0.327282 0.092066 0.321863 0.500739
0 0.762385 0.44079 0.0997342 0.251395 0.463519
0 0.835776 0.622951 0.113835 0.317879 0.456122
0 0.0512147 0.627493 0.0970088 0.265568 0.437259
0 0.379954 0.416595 0.0921079 0.213367 0.424162
0 0.747784 0.568773 0.078771 0.250732 0.380668
0 0.0756957 0.50074 0.106812 0.299464 0.359635
0 0.0227209 0.430443 0.0453274 0.236132 0.349569
0 0.515663 0.309164 0.0937365 0.274183 0.338449
0 0.374531 0.322751 0.103656 0.197088 0.307617
0 0.593812 0.303199 0.114727 0.302915 0.290298
13 0.798208 0.889642 0.160131 0.213206 0.282511
0 0.460099 0.426884 0.0772284 0.195634 0.265592
