0 0.39541 0.7284 0.0608039 0.222408 0.830645
0 0.514582 0.647535 0.0889811 0.227931 0.818664
0 0.413554 0.582536 0.0595674 0.219553 0.764074
0 0.224833 0.674478 0.0602966 0.223031 0.76066
0 0.809654 0.512543 0.0352097 0.17285 0.747065
0 0.561452 0.914419 0.0549312 0.171162 0.728612
0 0.259125 0.478454 0.0619965 0.193644 0.678263
0 0.64204 0.655322 0.0447868 0.213801 0.61605
0 0.663999 0.944685 0.0441158 0.11063 0.567738
0 0.5544 0.708081 0.0716248 0.101409 0.528685
0 0.662803 0.491814 0.053038 0.197634 0.514262
0 0.62769 0.962204 0.0398196 0.075592 0.507485
0 0.304526 0.436105 0.0362405 0.167847 0.488708
0 0.378114 0.301897 0.0272291 0.150146 0.300297
0 0.508031 0.974543 0.0282345 0.0509141 0.276625
