0 0.114659 0.645612 0.224992 0.688125 0.915485
0 0.839319 0.576033 0.230593 0.829113 0.886925
0 0.425349 0.585615 0.244267 0.808928 0.872822
0 0.238253 0.446063 0.1074 0.245796 0.46432
0 0.168848 0.337266 0.0862897 0.336199 0.4597
0 0.580999 0.463452 0.0983492 0.259081 0.43288
0 0.96629 0.651987 0.06642 0.35618 0.39315
0 0.65828 0.639347 0.104285 0.346208 0.387002
0 0.0683565 0.306252 0.117394 0.308789 0.373744
0 0.504984 0.332905 0.0957373 0.251879 0.35447
0 0.310643 0.637652 0.088939 0.312924 0.254576
0 0.114659 0.645612 0.224992 0.688125 0.915485
0 0.839319 0.576033 0.230593 0.829113 0.886925
0 0.425349 0.585615 0.244267 0.808928 0.872822
0 0.238253 0.446063 0.1074 0.245796 0.46432
0 0.168848 0.337266 0.0862897 0.336199 0.4597
0 0.580999 0.463452 0.0983492 0.259081 0.43288
0 0.96629 0.651987 0.06642 0.35618 0.39315
0 0.65828 0.639347 0.104285 0.346208 0.387002
0 0.0683565 0.306252 0.117394 0.308789 0.373744
0 0.504984 0.332905 0.0957373 0.251879 0.35447
0 0.310643 0.637652 0.088939 0.312924 0.254576
