0 0.529468 0.952421 0.0522826 0.0951578 0.846523
0 0.151293 0.656163 0.0636124 0.159004 0.735024
0 0.504606 0.733369 0.0584475 0.191393 0.689945
0 0.271282 0.967015 0.0426305 0.0659704 0.648037
0 0.32216 0.969223 0.0357132 0.0615536 0.633609
0 0.222588 0.946353 0.0671299 0.105653 0.6283
0 0.774372 0.539191 0.0419601 0.128923 0.628036
0 0.715472 0.553472 0.0412386 0.167922 0.589851
0 0.668352 0.5125 0.0317797 0.160901 0.586332
0 0.670965 0.813863 0.0455065 0.222134 0.583854
0 0.916747 0.749012 0.0579346 0.177166 0.517212
0 0.980902 0.815172 0.0377111 0.232501 0.51037
0 0.757959 0.7157 0.0738382 0.22504 0.498135
0 0.625551 0.614161 0.0497553 0.189715 0.489376
0 0.0560148 0.95131 0.076844 0.0954705 0.467438
0 0.352911 0.976791 0.0231385 0.0454129 0.337035
