0 0.452039 0.938401 0.0542804 0.123197 0.903456
0 0.170286 0.576867 0.0776569 0.191124 0.732937
0 0.667209 0.954755 0.0418617 0.0904904 0.661988
0 0.360346 0.639561 0.0659328 0.299818 0.632794
0 0.627114 0.967562 0.0386913 0.0648751 0.598242
0 0.567035 0.97478 0.0334589 0.0504396 0.587632
0 0.305648 0.575457 0.0627257 0.172996 0.587622
0 0.476215 0.384537 0.0391467 0.154482 0.571267
0 0.733129 0.786695 0.105006 0.276528 0.536314
0 0.519342 0.979324 0.025098 0.0413515 0.513009
0 0.25008 0.470803 0.0530622 0.239928 0.480282
0 0.0133882 0.723066 0.0265619 0.171072 0.403225
