0 0.866311 0.831105 0.0340326 0.197401 0.820097
0 0.22422 0.634651 0.0571597 0.166879 0.810015
0 0.523208 0.707453 0.0655752 0.168611 0.71793
0 0.250869 0.449747 0.0510034 0.151202 0.654094
0 0.630003 0.395464 0.0380077 0.149917 0.60017
0 0.833395 0.621004 0.0443764 0.170063 0.579536
0 0.439799 0.664996 0.043008 0.173663 0.560938
0 0.740304 0.379017 0.029085 0.142561 0.557304
0 0.599755 0.534015 0.0504505 0.163385 0.53124
0 0.411575 0.941301 0.0424694 0.116125 0.494729
32 0.794216 0.386055 0.0232834 0.0369568 0.461627
0 0.483023 0.961942 0.0408839 0.0761154 0.441701
0 0.307065 0.831646 0.0395486 0.196561 0.380378
0 0.450873 0.944815 0.0416462 0.0996891 0.376988
0 0.356306 0.936103 0.0634519 0.127795 0.317864
0 0.473527 0.540098 0.0417736 0.117118 0.311179
0 0.585319 0.467814 0.0381344 0.125032 0.290662
0 0.523005 0.448113 0.0346874 0.140546 0.259119
