0 0.39263 0.630292 0.195341 0.722238 0.907027
0 0.574355 0.557264 0.341105 0.869928 0.906192
0 0.0540075 0.695806 0.108015 0.560878 0.801697
0 0.78258 0.681441 0.116534 0.293491 0.652189
0 0.970826 0.685045 0.0578949 0.300303 0.650343
0 0.949455 0.515142 0.100213 0.245842 0.528808
0 0.482189 0.362863 0.126447 0.207739 0.476058
0 0.794732 0.360937 0.0992481 0.218711 0.470938
0 0.792664 0.514971 0.0925436 0.222939 0.46532
0 0.101817 0.544546 0.134627 0.384622 0.457635
0 0.0369298 0.380707 0.0736936 0.259032 0.304452
