0 0.452836 0.665296 0.0387358 0.168534 0.77548
0 0.598025 0.749059 0.0367825 0.182514 0.659217
0 0.0935808 0.637228 0.0464813 0.170368 0.611411
0 0.679836 0.546907 0.0357243 0.156621 0.610298
0 0.489129 0.939859 0.0454274 0.120253 0.605796
0 0.579301 0.608347 0.0471956 0.178083 0.553366
0 0.277533 0.961349 0.03944 0.077301 0.514285
0 0.738484 0.540928 0.0254656 0.127385 0.505766
0 0.639784 0.494903 0.0407457 0.132672 0.432682
0 0.323402 0.964572 0.037225 0.0706209 0.409046
0 0.223261 0.959757 0.0786155 0.0783891 0.305836
0 0.783 0.735641 0.0715392 0.164312 0.300094
0 0.354473 0.971354 0.0309991 0.0572005 0.259044
