0 0.480743 0.674032 0.0985151 0.187874 0.854993
0 0.370029 0.727383 0.0599654 0.225392 0.80228
0 0.631851 0.956535 0.0424187 0.0869297 0.700444
0 0.810834 0.513175 0.0332361 0.163214 0.692184
0 0.282593 0.570632 0.0573059 0.162292 0.667961
0 0.635786 0.445587 0.0404642 0.188186 0.66722
0 0.668961 0.939451 0.0412521 0.121098 0.620716
0 0.56893 0.904317 0.0516704 0.165359 0.620227
0 0.532165 0.964789 0.0410866 0.0704217 0.584369
0 0.580779 0.962738 0.0434778 0.0745236 0.527581
30 0.367892 0.828946 0.0648704 0.0281804 0.357655
0 0.335298 0.570201 0.0528394 0.143086 0.352889
0 0.907925 0.949522 0.0450697 0.100956 0.287096
