0 0.818069 0.565147 0.361737 0.84767 0.940854
0 0.32637 0.64848 0.224101 0.681772 0.905941
0 0.586829 0.591606 0.241928 0.796312 0.861143
0 0.0467285 0.63682 0.0932809 0.286761 0.64432
0 0.163864 0.582838 0.160401 0.397253 0.597893
0 0.660204 0.333136 0.0977247 0.253664 0.387424
0 0.026402 0.429184 0.052804 0.228407 0.378575
0 0.22897 0.312219 0.114939 0.317421 0.359089
0 0.14903 0.3173 0.0993742 0.265052 0.354475
0 0.401641 0.450967 0.093621 0.253074 0.304943
0 0.323909 0.257283 0.089429 0.16602 0.262478
0 0.973653 0.356263 0.0522573 0.297268 0.251843
0 0.818069 0.565147 0.361737 0.84767 0.940854
0 0.32637 0.64848 0.224101 0.681772 0.905941
0 0.586829 0.591606 0.241928 0.796312 0.861143
0 0.0467285 0.63682 0.0932809 0.286761 0.64432
0 0.163864 0.582838 0.160401 0.397253 0.597893
0 0.660204 0.333136 0.0977247 0.253664 0.387424
0 0.026402 0.429184 0.052804 0.228407 0.378575
0 0.22897 0.312219 0.114939 0.317421 0.359089
0 0.14903 0.3173 0.0993742 0.265052 0.354475
0 0.401641 0.450967 0.093621 0.253074 0.304943
0 0.323909 0.257283 0.089429 0.16602 0.262478
0 0.973653 0.356263 0.0522573 0.297268 0.251843
