0 0.467938 0.69396 0.108598 0.179699 0.878409
0 0.364469 0.722881 0.0891698 0.191828 0.736509
0 0.631633 0.960334 0.0408878 0.0793318 0.689884
0 0.812295 0.512573 0.0331762 0.168873 0.682731
0 0.670749 0.942201 0.044627 0.114423 0.643611
0 0.641804 0.447509 0.0420036 0.180884 0.636897
0 0.568299 0.910709 0.0540314 0.175933 0.620796
0 0.529659 0.967793 0.0383083 0.0644136 0.519944
0 0.580867 0.966441 0.0432107 0.0671181 0.515475
0 0.306961 0.587107 0.0506616 0.156692 0.472875
0 0.350714 0.589078 0.0405046 0.190927 0.451212
0 0.286752 0.424618 0.0335503 0.170404 0.442659
0 0.984044 0.698647 0.0314163 0.172735 0.351159
0 0.823552 0.960114 0.0447353 0.0797723 0.317939
0 0.91135 0.952854 0.0455126 0.0942912 0.275066
