0 0.393212 0.708018 0.0509519 0.232316 0.779251
0 0.679878 0.485238 0.0598751 0.194197 0.765763
0 0.29478 0.629243 0.0576995 0.191323 0.764962
0 0.804358 0.511458 0.0363791 0.169662 0.757445
0 0.788864 0.709375 0.05867 0.225725 0.754561
0 0.546085 0.706443 0.0946796 0.0851178 0.703635
0 0.560835 0.911431 0.0570902 0.175983 0.70273
0 0.268069 0.444639 0.0331421 0.182808 0.675277
0 0.380089 0.541259 0.0497027 0.170618 0.622893
0 0.624359 0.961259 0.0426615 0.0774826 0.593825
0 0.580435 0.968003 0.0433878 0.0639933 0.590034
0 0.663149 0.943509 0.0467615 0.112337 0.562485
0 0.459271 0.612621 0.0623436 0.181138 0.555749
0 0.524995 0.968871 0.0417328 0.0622582 0.519136
