0 0.833491 0.57401 0.241375 0.832871 0.901164
0 0.0791081 0.644898 0.158216 0.69209 0.889466
0 0.375362 0.585508 0.249312 0.809358 0.877262
0 0.189368 0.440654 0.113622 0.237981 0.558235
0 0.535063 0.467399 0.103383 0.251583 0.437925
0 0.12172 0.342704 0.0917 0.345978 0.430623
0 0.701632 0.329937 0.0947403 0.246064 0.424344
0 0.190752 0.571235 0.0965529 0.231775 0.390326
0 0.459893 0.336715 0.0960616 0.255465 0.325583
0 0.615534 0.63972 0.10291 0.341164 0.310949
0 0.202451 0.305241 0.0876173 0.217249 0.286083
0 0.968624 0.732096 0.0619608 0.526643 0.281754
0 0.703665 0.539998 0.0879648 0.409252 0.267946
0 0.833491 0.57401 0.241375 0.832871 0.901164
0 0.0791081 0.644898 0.158216 0.69209 0.889466
0 0.375362 0.585508 0.249312 0.809358 0.877262
0 0.189368 0.440654 0.113622 0.237981 0.558235
0 0.535063 0.467399 0.103383 0.251583 0.437925
0 0.12172 0.342704 0.0917 0.345978 0.430623
0 0.701632 0.329937 0.0947403 0.246064 0.424344
0 0.190752 0.571235 0.0965529 0.231775 0.390326
0 0.459893 0.336715 0.0960616 0.255465 0.325583
0 0.615534 0.63972 0.10291 0.341164 0.310949
0 0.202451 0.305241 0.0876173 0.217249 0.286083
0 0.968624 0.732096 0.0619608 0.526643 0.281754
0 0.703665 0.539998 0.0879648 0.409252 0.267946
