0 0.543397 0.906889 0.0370693 0.177352 0.747763
0 0.449713 0.923606 0.0407348 0.152789 0.681044
0 0.273688 0.560405 0.0334482 0.145991 0.596344
0 0.712249 0.84677 0.0379305 0.179761 0.594562
0 0.406666 0.966322 0.0363323 0.0673555 0.536026
0 0.53667 0.432396 0.0241961 0.0942252 0.529741
0 0.413447 0.461313 0.0236086 0.12798 0.52634
0 0.426904 0.568929 0.0280436 0.10159 0.498811
0 0.483784 0.662313 0.0378061 0.137756 0.441309
0 0.349367 0.836893 0.0440766 0.167433 0.435135
0 0.522214 0.661612 0.034213 0.130091 0.420406
0 0.495259 0.958511 0.0374892 0.0829773 0.41252
0 0.607937 0.608059 0.0392771 0.136269 0.32679
0 0.329237 0.453295 0.0231863 0.10544 0.315715
0 0.615072 0.936439 0.0291802 0.100288 0.313551
