0 0.407723 0.935199 0.0404371 0.128925 0.72524
0 0.298898 0.956712 0.0479346 0.0865766 0.665343
0 0.580089 0.65221 0.0606249 0.178956 0.657803
0 0.594795 0.898183 0.0387321 0.192442 0.589692
0 0.459291 0.8292 0.0537607 0.217476 0.570737
0 0.288319 0.422136 0.0302577 0.120964 0.525021
0 0.754552 0.472576 0.0299688 0.155212 0.507914
0 0.693578 0.628441 0.0550583 0.168504 0.476453
0 0.353028 0.537233 0.0435278 0.120618 0.438022
0 0.689232 0.738302 0.0480524 0.175735 0.423708
0 0.489134 0.970366 0.0363985 0.0592678 0.37015
0 0.535542 0.944532 0.0498571 0.110937 0.347116
0 0.432707 0.55688 0.0463884 0.1101 0.343738
0 0.700526 0.930705 0.0494518 0.130444 0.323599
0 0.911993 0.964406 0.0429977 0.0711885 0.29334
0 0.66345 0.931616 0.039691 0.126533 0.284832
