0 0.275393 0.559279 0.0281941 0.141932 0.725535
0 0.508525 0.911744 0.0383342 0.176512 0.706918
0 0.414332 0.928354 0.042243 0.143293 0.693339
0 0.435468 0.568366 0.0430558 0.127742 0.679536
0 0.397372 0.461325 0.0327827 0.112608 0.633981
0 0.491992 0.668894 0.0433714 0.178909 0.572972
0 0.351387 0.829794 0.0467965 0.1793 0.524882
0 0.459786 0.963576 0.0368509 0.072847 0.499082
0 0.316442 0.449819 0.0367205 0.111161 0.341885
0 0.678531 0.848884 0.0386623 0.176993 0.340161
0 0.54249 0.679497 0.0265297 0.141053 0.322557
0 0.581165 0.943907 0.0327194 0.1052 0.310381
0 0.824302 0.470113 0.031216 0.138688 0.256482
