0 0.466468 0.693503 0.105918 0.177489 0.849208
0 0.81209 0.51216 0.0330667 0.169908 0.72919
0 0.365739 0.720472 0.0868442 0.191915 0.703496
0 0.631647 0.96022 0.0412147 0.0795609 0.675329
0 0.640408 0.449326 0.0413652 0.181171 0.634495
0 0.568354 0.910656 0.0538225 0.176035 0.622061
0 0.670378 0.941795 0.042981 0.116411 0.621468
0 0.580817 0.966135 0.0433462 0.0677309 0.519027
0 0.529656 0.967348 0.0384668 0.0653046 0.492421
0 0.29808 0.587479 0.034414 0.156202 0.478388
0 0.286399 0.419563 0.0345732 0.165211 0.416317
0 0.823445 0.959718 0.0442844 0.0805647 0.325848
0 0.911329 0.952727 0.0454735 0.0945464 0.273753
