0 0.90915 0.874862 0.043214 0.201999 0.807711
0 0.555684 0.761524 0.0484368 0.190682 0.739472
0 0.455039 0.672581 0.0354453 0.192495 0.734226
0 0.269685 0.671187 0.0359709 0.18767 0.707808
0 0.753676 0.424811 0.0323034 0.149095 0.62454
0 0.382798 0.959992 0.0412086 0.0800165 0.605326
0 0.771557 0.613574 0.0522345 0.152675 0.490954
0 0.65594 0.433039 0.0433488 0.135883 0.482572
0 0.443081 0.967619 0.0358583 0.0647612 0.467668
0 0.597465 0.590411 0.0317909 0.157768 0.452468
0 0.326934 0.879621 0.038201 0.198063 0.424245
0 0.534308 0.376603 0.0224966 0.102788 0.417803
0 0.480936 0.974217 0.0392358 0.051565 0.382725
0 0.365275 0.388381 0.0236751 0.109583 0.354857
0 0.284374 0.489492 0.0348816 0.142068 0.335664
0 0.596659 0.469825 0.0304522 0.125449 0.317112
