0 0.503908 0.71099 0.0508143 0.223298 0.823078
0 0.700608 0.585255 0.0351675 0.20905 0.762773
0 0.353157 0.721744 0.0676956 0.187755 0.716013
0 0.813184 0.442095 0.0536146 0.162192 0.713262
0 0.35592 0.913255 0.0453753 0.17349 0.696849
0 0.649228 0.512552 0.0386728 0.210393 0.651392
0 0.655537 0.861034 0.0691933 0.18352 0.565969
0 0.297787 0.499381 0.0336819 0.182479 0.561378
0 0.410103 0.391045 0.0244953 0.119747 0.502614
0 0.0621035 0.788864 0.0610155 0.176208 0.399369
0 0.108833 0.962547 0.0491051 0.0740984 0.376724
32 0.865252 0.423432 0.0251602 0.0411433 0.352336
0 0.682205 0.426957 0.0325224 0.121173 0.34613
0 0.267262 0.96694 0.0431964 0.0660136 0.334612
32 0.598224 0.359413 0.0188532 0.0373302 0.318069
0 0.322433 0.974431 0.022971 0.0431981 0.250485
