0 0.798187 0.5669 0.368267 0.842969 0.921748
0 0.301096 0.646955 0.219256 0.685739 0.876692
0 0.56694 0.583808 0.242283 0.811336 0.848797
0 0.140061 0.575299 0.160418 0.405893 0.512317
0 0.0331078 0.632959 0.0660733 0.28128 0.441937
0 0.637858 0.326987 0.098028 0.238596 0.414703
0 0.125483 0.309539 0.099137 0.248928 0.384776
0 0.207954 0.309946 0.113964 0.315098 0.305164
0 0.377258 0.448427 0.0966333 0.250768 0.289519
0 0.455839 0.637948 0.0982019 0.304837 0.284711
0 0.301946 0.258541 0.0909225 0.170325 0.281291
0 0.798187 0.5669 0.368267 0.842969 0.921748
0 0.301096 0.646955 0.219256 0.685739 0.876692
0 0.56694 0.583808 0.242283 0.811336 0.848797
0 0.140061 0.575299 0.160418 0.405893 0.512317
0 0.0331078 0.632959 0.0660733 0.28128 0.441937
0 0.637858 0.326987 0.098028 0.238596 0.414703
0 0.125483 0.309539 0.099137 0.248928 0.384776
0 0.207954 0.309946 0.113964 0.315098 0.305164
0 0.377258 0.448427 0.0966333 0.250768 0.289519
0 0.455839 0.637948 0.0982019 0.304837 0.284711
0 0.301946 0.258541 0.0909225 0.170325 0.281291
