0 0.446178 0.741023 0.0473057 0.215539 0.774424
0 0.631738 0.640991 0.0548483 0.197793 0.729029
0 0.11379 0.532959 0.03516 0.159386 0.630423
0 0.358456 0.580704 0.0387438 0.176483 0.596757
0 0.821131 0.511493 0.0310997 0.156021 0.543211
0 0.314538 0.462559 0.0375559 0.141115 0.517585
0 0.141718 0.442635 0.0300783 0.156527 0.506739
0 0.566295 0.946491 0.0400614 0.106604 0.419184
0 0.612515 0.943889 0.0481634 0.112222 0.392471
0 0.599963 0.852336 0.049367 0.12462 0.358161
0 0.496469 0.961129 0.0345198 0.0759737 0.355484
0 0.649087 0.446076 0.0288155 0.171831 0.313869
0 0.656524 0.940332 0.0524762 0.116763 0.290318
0 0.374168 0.434965 0.0282097 0.118041 0.283935
