0 0.275085 0.554778 0.0302694 0.144006 0.744738
0 0.498663 0.91318 0.0363913 0.173641 0.655245
0 0.403478 0.929437 0.0430777 0.141127 0.638688
0 0.436354 0.548406 0.0342975 0.0954157 0.551493
0 0.449619 0.965174 0.0360303 0.0696521 0.547263
0 0.393837 0.452188 0.0384467 0.126138 0.502432
0 0.572361 0.94568 0.0321817 0.102033 0.465673
0 0.669926 0.850435 0.0390077 0.180278 0.461262
0 0.546217 0.679894 0.0258139 0.139724 0.402877
0 0.358683 0.833899 0.0369061 0.175067 0.375428
0 0.541704 0.952907 0.0390188 0.0941864 0.367776
0 0.499427 0.679998 0.0336289 0.160935 0.32151
0 0.505737 0.431257 0.0303396 0.0846452 0.320488
0 0.608913 0.940951 0.0455431 0.116482 0.307343
0 0.813324 0.471484 0.0330657 0.139722 0.28567
0 0.315206 0.454228 0.0369457 0.105283 0.284018
