0 0.425117 0.649076 0.234964 0.681752 0.910313
0 0.686043 0.584826 0.233762 0.809228 0.901185
0 0.913848 0.571206 0.171188 0.842567 0.898104
0 0.14908 0.634996 0.100642 0.287692 0.644848
0 0.26653 0.613093 0.160033 0.328409 0.634922
0 0.0417435 0.656733 0.083487 0.67266 0.532954
0 0.506824 0.450061 0.0853884 0.254342 0.442951
0 0.763962 0.327152 0.0974503 0.248525 0.389656
0 0.332148 0.34189 0.121745 0.374375 0.378993
0 0.58592 0.639155 0.0966852 0.304271 0.377108
0 0.253817 0.317881 0.0963377 0.269221 0.374255
0 0.113358 0.428064 0.0917222 0.228064 0.343766
0 0.195083 0.448888 0.0796923 0.246135 0.319082
0 0.426216 0.260372 0.0893884 0.174192 0.293532
0 0.507736 0.29834 0.0782501 0.21023 0.274776
0 0.833803 0.457094 0.0830923 0.254142 0.267852
0 0.103852 0.325669 0.107222 0.197304 0.250786
0 0.425117 0.649076 0.234964 0.681752 0.910313
0 0.686043 0.584826 0.233762 0.809228 0.901185
0 0.913848 0.571206 0.171188 0.842567 0.898104
0 0.14908 0.634996 0.100642 0.287692 0.644848
0 0.26653 0.613093 0.160033 0.328409 0.634922
0 0.0417435 0.656733 0.083487 0.67266 0.532954
0 0.506824 0.450061 0.0853884 0.254342 0.442951
0 0.763962 0.327152 0.0974503 0.248525 0.389656
0 0.332148 0.34189 0.121745 0.374375 0.378993
0 0.58592 0.639155 0.0966852 0.304271 0.377108
0 0.253817 0.317881 0.0963377 0.269221 0.374255
0 0.113358 0.428064 0.0917222 0.228064 0.343766
0 0.195083 0.448888 0.0796923 0.246135 0.319082
0 0.426216 0.260372 0.0893884 0.174192 0.293532
0 0.507736 0.29834 0.0782501 0.21023 0.274776
0 0.833803 0.457094 0.0830923 0.254142 0.267852
0 0.103852 0.325669 0.107222 0.197304 0.250786
