0 0.615719 0.830044 0.0597937 0.239254 0.837905
0 0.783313 0.44088 0.0378077 0.162162 0.800828
0 0.346843 0.904728 0.0447536 0.184814 0.732445
0 0.497436 0.692546 0.0471203 0.212494 0.719044
0 0.33997 0.693975 0.0298085 0.195699 0.614226
0 0.724167 0.599215 0.0513365 0.17059 0.564466
0 0.639478 0.499262 0.0398386 0.203711 0.537157
0 0.301375 0.502169 0.0461553 0.16965 0.51994
0 0.264753 0.96088 0.06632 0.0782405 0.478939
0 0.324001 0.967423 0.0462319 0.0651545 0.45114
0 0.692016 0.546272 0.0403675 0.211048 0.415446
0 0.661879 0.500037 0.0372543 0.179639 0.414509
0 0.111611 0.955518 0.0452656 0.0864568 0.306667
0 0.512784 0.338296 0.0356114 0.117257 0.264719
