0 0.931248 0.623377 0.0536247 0.181171 0.764069
0 0.535019 0.696847 0.0388103 0.182326 0.712191
0 0.448785 0.589325 0.0331913 0.178135 0.690215
0 0.625953 0.559676 0.0286652 0.175099 0.651068
0 0.439096 0.917825 0.0460582 0.16435 0.644035
0 0.047146 0.60447 0.0337434 0.170491 0.633519
0 0.318327 0.955839 0.0365099 0.0879198 0.608764
0 0.650327 0.562733 0.0455659 0.15723 0.564224
0 0.566429 0.517354 0.0275421 0.136034 0.507734
0 0.936105 0.927608 0.0835228 0.144784 0.482606
0 0.485755 0.605452 0.034715 0.164331 0.449947
0 0.28357 0.946462 0.0448594 0.107076 0.448791
0 0.351394 0.961891 0.0391181 0.0754893 0.350507
0 0.564761 0.667815 0.0360847 0.175837 0.326479
