0 0.849163 0.81814 0.0435089 0.185649 0.800863
0 0.244504 0.621465 0.0350477 0.195165 0.7401
0 0.73253 0.372917 0.0319096 0.135354 0.706964
0 0.571163 0.819341 0.0511179 0.224949 0.705345
0 0.404677 0.628406 0.0422629 0.171296 0.692632
0 0.631666 0.522708 0.0321734 0.148428 0.651307
0 0.470093 0.957225 0.0440401 0.0848416 0.615535
0 0.2912 0.821064 0.0392436 0.193994 0.583376
0 0.246888 0.4267 0.0453776 0.154545 0.549971
0 0.563423 0.973987 0.0371254 0.0520268 0.530523
0 0.397124 0.936292 0.0399959 0.123389 0.489371
0 0.817566 0.589181 0.0361863 0.171099 0.451307
0 0.613478 0.378238 0.0326665 0.12873 0.447957
0 0.542892 0.539788 0.0528412 0.149509 0.441565
0 0.632427 0.98546 0.015867 0.0290804 0.379371
0 0.436619 0.939081 0.0450911 0.111198 0.376343
0 0.458661 0.555162 0.0449804 0.145743 0.339594
0 0.320276 0.342451 0.0246684 0.10753 0.31458
