0 0.477486 0.916913 0.0374214 0.166174 0.665583
0 0.379437 0.934905 0.0418324 0.130189 0.649206
0 0.28073 0.540042 0.030576 0.125295 0.536895
0 0.380772 0.460218 0.0318046 0.121404 0.51295
0 0.507491 0.67323 0.0667412 0.185293 0.508096
0 0.301982 0.45783 0.029734 0.0987165 0.454446
0 0.42882 0.969217 0.0358442 0.0615658 0.446097
0 0.790752 0.469251 0.0299005 0.141867 0.423777
0 0.570607 0.704635 0.0401228 0.157822 0.411926
0 0.649608 0.85524 0.0405083 0.183253 0.410913
0 0.608368 0.581824 0.0366144 0.116144 0.38064
0 0.552049 0.9504 0.0289791 0.0992003 0.328638
0 0.448653 0.551345 0.0340828 0.141682 0.313367
0 0.521891 0.539283 0.0331162 0.128748 0.30992
0 0.373 0.817888 0.0303752 0.148237 0.278461
0 0.558079 0.577655 0.0398323 0.111212 0.257015
