0 0.378116 0.738081 0.0623106 0.231714 0.81188
0 0.424752 0.588289 0.0492621 0.215087 0.76954
0 0.175974 0.704748 0.0399085 0.240926 0.759279
0 0.562455 0.917549 0.053953 0.164901 0.730313
0 0.817198 0.515227 0.0357405 0.169671 0.702039
0 0.66644 0.948294 0.0437451 0.103412 0.692275
0 0.255224 0.492395 0.0421785 0.19104 0.667494
0 0.523168 0.68103 0.0554897 0.229808 0.556529
0 0.647173 0.495837 0.0745663 0.206615 0.476828
0 0.3001 0.427311 0.0305693 0.173601 0.388402
0 0.628209 0.967442 0.0396435 0.0651155 0.351635
0 0.504603 0.978671 0.0201156 0.0426578 0.252473
