0 0.445426 0.743952 0.0600929 0.216207 0.800516
0 0.0968768 0.534059 0.0258019 0.145589 0.727323
0 0.638113 0.640062 0.0352297 0.197071 0.717582
0 0.119038 0.443931 0.0386925 0.146869 0.603487
0 0.810177 0.509477 0.0333937 0.155874 0.463865
0 0.557593 0.943522 0.0374142 0.11275 0.455043
0 0.638036 0.443556 0.0305939 0.175539 0.438034
0 0.368063 0.58657 0.0354662 0.192336 0.377381
0 0.591469 0.844357 0.0482396 0.118212 0.306248
0 0.488321 0.95858 0.0376032 0.0820351 0.299923
0 0.369549 0.448314 0.0303701 0.141684 0.275792
