0 0.558192 0.655778 0.313537 0.511475 0.887543
0 0.762156 0.583652 0.195017 0.618134 0.833686
0 0.855405 0.550171 0.184387 0.566803 0.822552
0 0.0782768 0.62592 0.156369 0.526188 0.800142
0 0.437707 0.569969 0.260421 0.644172 0.777248
0 0.179157 0.435475 0.0717846 0.214572 0.603332
0 0.909492 0.37061 0.0775368 0.203789 0.507503
0 0.936816 0.238131 0.0622913 0.168821 0.451092
0 0.880365 0.225601 0.060009 0.164107 0.352396
0 0.972722 0.352534 0.0540607 0.227703 0.306118
0 0.219076 0.394706 0.0665246 0.216629 0.297539
0 0.508711 0.582209 0.132235 0.402662 0.294565
0 0.656416 0.40875 0.0743206 0.194845 0.264903
