0 0.0505214 0.792919 0.0500635 0.178961 0.86176
0 0.832985 0.766294 0.0731541 0.198893 0.776537
0 0.356252 0.947589 0.0434557 0.104821 0.761914
0 0.481796 0.82845 0.0534567 0.224206 0.726193
0 0.553908 0.907798 0.0421892 0.184404 0.667332
0 0.540519 0.660515 0.0316985 0.192219 0.634979
0 0.240387 0.971855 0.0421114 0.0562907 0.601101
0 0.35373 0.569794 0.0616817 0.128828 0.508758
0 0.465281 0.954363 0.0523832 0.0912732 0.473536
0 0.302909 0.43558 0.0308176 0.105317 0.454359
0 0.313233 0.561895 0.0390771 0.17354 0.424136
0 0.621536 0.940632 0.0385443 0.116814 0.419563
0 0.687316 0.669416 0.0428208 0.182138 0.412799
0 0.662935 0.939329 0.0493364 0.117226 0.382254
0 0.43774 0.487767 0.0696507 0.188153 0.372646
30 0.0608469 0.874833 0.0351126 0.0256717 0.309749
