0 0.528867 0.918444 0.0408886 0.163112 0.706252
0 0.621106 0.900746 0.0364204 0.174459 0.628145
0 0.660915 0.638552 0.0330553 0.159799 0.596693
0 0.431195 0.585407 0.0475094 0.13788 0.533458
0 0.469927 0.472662 0.0405174 0.0999616 0.528254
0 0.438386 0.964317 0.0402666 0.0713535 0.51495
0 0.787268 0.851198 0.0402487 0.177055 0.46283
0 0.592005 0.444189 0.031986 0.0785385 0.458261
0 0.484854 0.958674 0.0364361 0.0826528 0.440859
0 0.302849 0.563383 0.0277193 0.140341 0.420672
0 0.364072 0.814632 0.0270105 0.144906 0.418256
0 0.953627 0.492516 0.025959 0.121242 0.411939
0 0.376137 0.465043 0.0207632 0.0923136 0.359304
0 0.59936 0.581903 0.052968 0.139439 0.33101
0 0.571932 0.955562 0.0421249 0.0888401 0.301631
0 0.493838 0.663899 0.0375181 0.115015 0.293187
32 0.716103 0.378502 0.0237797 0.043466 0.275391
