0 0.109862 0.482619 0.029242 0.151896 0.713494
0 0.749418 0.617482 0.0475286 0.169634 0.700445
0 0.509439 0.587734 0.0494885 0.163815 0.654912
0 0.17549 0.537259 0.0340222 0.137097 0.635475
0 0.440836 0.465536 0.0324625 0.203143 0.571231
0 0.494908 0.815338 0.0380312 0.198741 0.53534
0 0.433131 0.955574 0.0449927 0.0888511 0.515074
0 0.472869 0.947065 0.0391668 0.10587 0.441114
0 0.338875 0.97211 0.0406621 0.0557809 0.371765
0 0.465095 0.45454 0.023697 0.151511 0.353814
0 0.727935 0.435149 0.0318313 0.149312 0.323339
0 0.912057 0.520809 0.025927 0.13714 0.29569
0 0.554823 0.94122 0.0347364 0.107582 0.278352
0 0.648717 0.801299 0.0324305 0.12936 0.265247
0 0.633379 0.868815 0.0440936 0.112902 0.262128
