0 0.483642 0.652496 0.232437 0.677132 0.920379
0 0.069572 0.579448 0.139144 0.82158 0.905921
0 0.76148 0.584452 0.214737 0.811272 0.852575
0 0.213725 0.632384 0.101965 0.287312 0.677577
0 0.319439 0.315962 0.0951174 0.271283 0.508097
0 0.567068 0.45242 0.0913206 0.262277 0.457741
0 0.317286 0.611615 0.133686 0.326263 0.4059
0 0.179032 0.433148 0.094368 0.245396 0.363576
0 0.396101 0.335185 0.115884 0.365426 0.362292
0 0.171232 0.323463 0.106815 0.192617 0.346942
0 0.648113 0.632513 0.109621 0.311466 0.33432
0 0.491351 0.25761 0.0881237 0.179516 0.303907
0 0.907891 0.458911 0.0992273 0.255476 0.277847
0 0.567685 0.302517 0.0836341 0.222938 0.27681
0 0.483642 0.652496 0.232437 0.677132 0.920379
0 0.069572 0.579448 0.139144 0.82158 0.905921
0 0.76148 0.584452 0.214737 0.811272 0.852575
0 0.213725 0.632384 0.101965 0.287312 0.677577
0 0.319439 0.315962 0.0951174 0.271283 0.508097
0 0.567068 0.45242 0.0913206 0.262277 0.457741
0 0.317286 0.611615 0.133686 0.326263 0.4059
0 0.179032 0.433148 0.094368 0.245396 0.363576
0 0.396101 0.335185 0.115884 0.365426 0.362292
0 0.171232 0.323463 0.106815 0.192617 0.346942
0 0.648113 0.632513 0.109621 0.311466 0.33432
0 0.491351 0.25761 0.0881237 0.179516 0.303907
0 0.907891 0.458911 0.0992273 0.255476 0.277847
0 0.567685 0.302517 0.0836341 0.222938 0.27681
