0 0.27738 0.957252 0.0428396 0.0854955 0.785401
0 0.457593 0.64905 0.0498368 0.182621 0.749964
0 0.600889 0.692726 0.0534552 0.176181 0.722852
0 0.551117 0.944165 0.0445913 0.109603 0.608488
0 0.383906 0.960548 0.0544973 0.0789035 0.595504
0 0.876814 0.72393 0.0432545 0.196345 0.584299
0 0.46083 0.790176 0.0427746 0.184041 0.568886
0 0.478571 0.920809 0.0505004 0.158382 0.502591
0 0.282747 0.600637 0.0730649 0.145184 0.445764
0 0.591425 0.940805 0.051792 0.116004 0.431693
0 0.37138 0.559782 0.0379132 0.164632 0.414351
0 0.357817 0.400644 0.0261124 0.128207 0.395669
0 0.341234 0.484018 0.0417095 0.188494 0.370437
0 0.304205 0.522347 0.0609596 0.127093 0.312671
0 0.805983 0.968981 0.0423031 0.0620375 0.262657
