0 0.963212 0.59912 0.0217628 0.163106 0.764149
0 0.808646 0.54608 0.0249613 0.176737 0.5512
0 0.59199 0.751027 0.0645733 0.178806 0.540686
0 0.409537 0.896558 0.0423575 0.19765 0.509243
0 0.38334 0.560766 0.0319859 0.165707 0.494999
0 0.450223 0.666956 0.0443838 0.160014 0.428509
0 0.492979 0.972875 0.0339154 0.0542499 0.418323
0 0.60471 0.588878 0.0433195 0.134834 0.410082
0 0.501067 0.568782 0.0501337 0.171859 0.375148
0 0.436055 0.606613 0.0538633 0.194255 0.346239
0 0.222872 0.470944 0.0387701 0.145699 0.318431
0 0.457165 0.967428 0.0378717 0.0651449 0.309213
0 0.586694 0.500927 0.0361362 0.102499 0.263509
