0 0.534387 0.571886 0.333262 0.841607 0.904425
0 0.830429 0.540808 0.110135 0.330437 0.755351
0 0.35426 0.550707 0.276294 0.877038 0.654667
0 0.221792 0.477102 0.114773 0.275932 0.598889
0 0.951793 0.583956 0.0959137 0.24846 0.551685
0 0.0815174 0.381207 0.113946 0.305324 0.51221
0 0.790915 0.357798 0.126749 0.278399 0.510963
0 0.155817 0.406521 0.110786 0.388304 0.497369
0 0.255596 0.190037 0.157462 0.258268 0.440509
0 0.905531 0.165247 0.118061 0.288765 0.352613
32 0.48108 0.658735 0.0238165 0.0494996 0.302454
0 0.91042 0.396547 0.136163 0.381958 0.262923
