0 0.326288 0.793194 0.0614426 0.249124 0.815982
0 0.0612352 0.747963 0.0846757 0.241414 0.814725
0 0.531539 0.701504 0.0556984 0.250184 0.813414
0 0.419881 0.610691 0.0457451 0.226677 0.79119
0 0.566648 0.924709 0.0566912 0.150581 0.755378
0 0.205288 0.52413 0.0848096 0.147162 0.738361
0 0.669912 0.956365 0.0425153 0.0872696 0.707773
0 0.61841 0.491767 0.0815468 0.228074 0.685879
0 0.561705 0.564426 0.0421974 0.169366 0.618874
0 0.295455 0.514543 0.049127 0.201485 0.600952
0 0.262105 0.425092 0.0343533 0.119275 0.52433
0 0.347035 0.319027 0.034941 0.162948 0.494095
0 0.982832 0.946505 0.0335512 0.106274 0.430467
0 0.84396 0.53455 0.0301315 0.169858 0.39693
0 0.298216 0.421835 0.0411947 0.173007 0.387443
38 0.562205 0.717752 0.0420797 0.104689 0.254125
0 0.630277 0.975023 0.0297898 0.0499541 0.251287
