0 0.462387 0.736133 0.0445478 0.214062 0.680704
0 0.407604 0.579781 0.0300802 0.187403 0.679688
0 0.0837941 0.530297 0.051715 0.148935 0.662887
0 0.649557 0.626725 0.0445492 0.187337 0.639336
0 0.266037 0.451621 0.0254683 0.136819 0.63823
0 0.330427 0.487623 0.0502337 0.171726 0.609567
0 0.615215 0.430005 0.0254824 0.187136 0.493341
0 0.3942 0.96179 0.0461648 0.0764194 0.461674
0 0.346602 0.469519 0.0259787 0.161751 0.398694
0 0.436375 0.959155 0.0366951 0.0802429 0.298891
0 0.560309 0.829127 0.0482988 0.140162 0.294776
0 0.35028 0.974803 0.0377949 0.0503944 0.271703
0 0.0382808 0.425148 0.037286 0.114406 0.266657
0 0.463466 0.942275 0.0436274 0.113244 0.254432
0 0.528867 0.914419 0.0376843 0.115398 0.25118
