0 0.504681 0.712983 0.0494606 0.222961 0.83139
0 0.674446 0.863009 0.0901583 0.183431 0.72114
0 0.814559 0.443748 0.0552082 0.158665 0.720669
0 0.356627 0.913393 0.0452755 0.173214 0.70448
0 0.702865 0.583505 0.0366671 0.209633 0.704068
0 0.36126 0.724468 0.056056 0.197005 0.644876
0 0.0692456 0.79196 0.0564485 0.175003 0.632798
0 0.294617 0.499035 0.0304134 0.180218 0.619988
0 0.651089 0.522721 0.0392705 0.184974 0.612082
32 0.59895 0.360153 0.0194502 0.0385382 0.534179
0 0.110421 0.963009 0.0447644 0.073981 0.363121
0 0.268348 0.968801 0.044213 0.0623988 0.354754
0 0.413472 0.386754 0.0267307 0.123959 0.354544
32 0.177643 0.523036 0.0190382 0.0470726 0.29179
32 0.868076 0.424046 0.0242094 0.0407544 0.271969
0 0.735609 0.614507 0.0343067 0.125977 0.26701
0 0.684676 0.426473 0.0343805 0.117755 0.262749
0 0.321915 0.976283 0.022275 0.0427411 0.250575
