0 0.272754 0.958343 0.0446053 0.0833137 0.757809
0 0.606742 0.681245 0.0582344 0.180157 0.681872
0 0.473695 0.912385 0.0519485 0.174884 0.674826
0 0.879896 0.713569 0.038488 0.198514 0.623804
0 0.378063 0.966904 0.0500611 0.0661931 0.587954
0 0.547018 0.944511 0.0412252 0.110015 0.563527
0 0.467968 0.659087 0.0666064 0.183361 0.537926
0 0.461004 0.782359 0.0435769 0.168806 0.534075
0 0.286611 0.553993 0.0647875 0.214961 0.51333
0 0.586312 0.941121 0.0510113 0.112963 0.441502
0 0.371135 0.559135 0.0395346 0.149842 0.415032
0 0.335745 0.48291 0.0366949 0.176628 0.284118
