0 0.370678 0.715678 0.0789571 0.197783 0.805232
0 0.638618 0.445335 0.0391727 0.189854 0.796884
0 0.811783 0.512719 0.0331699 0.166916 0.764163
0 0.631722 0.959588 0.0424192 0.0808236 0.687922
0 0.669522 0.941106 0.0418955 0.117788 0.616674
0 0.568177 0.906432 0.0522095 0.168079 0.597132
0 0.472142 0.691139 0.105271 0.180057 0.59161
0 0.580666 0.964951 0.0441394 0.0700977 0.547272
0 0.530488 0.966566 0.0401932 0.0668688 0.54161
0 0.290141 0.58307 0.0416338 0.162044 0.367754
0 0.910735 0.952175 0.0463255 0.0956507 0.280482
0 0.823308 0.959149 0.0428873 0.0817013 0.259955
