0 0.859824 0.822128 0.0362883 0.186029 0.82535
0 0.230186 0.629817 0.0386429 0.178866 0.80982
0 0.554182 0.748423 0.0375834 0.199973 0.702775
0 0.73505 0.373336 0.0279352 0.135545 0.683352
0 0.426613 0.650495 0.0466156 0.16368 0.641032
0 0.301147 0.826258 0.038205 0.19693 0.524078
0 0.405472 0.938975 0.0437684 0.120672 0.522331
0 0.506495 0.467165 0.0311201 0.129329 0.496933
0 0.478313 0.542732 0.0418741 0.154596 0.472416
0 0.331819 0.347061 0.0250866 0.1102 0.456931
0 0.478806 0.959469 0.0412363 0.0810603 0.442678
0 0.623562 0.378148 0.0331038 0.121645 0.434954
0 0.250127 0.435945 0.0405863 0.154153 0.429196
0 0.827608 0.596429 0.0356289 0.171276 0.38502
30 0.854298 0.917805 0.0360159 0.029737 0.310698
0 0.347582 0.935784 0.0634759 0.123279 0.273731
0 0.571779 0.977134 0.0261136 0.0457314 0.270974
0 0.445176 0.942808 0.0411762 0.106503 0.267121
0 0.628549 0.519262 0.0331128 0.128058 0.262193
