0 0.477965 0.679703 0.104739 0.188207 0.833822
0 0.369544 0.72697 0.0608392 0.222995 0.787417
0 0.811178 0.513216 0.0329779 0.162956 0.749502
0 0.637757 0.446469 0.0385354 0.187874 0.740177
0 0.631792 0.95778 0.0425613 0.084441 0.693875
0 0.568988 0.907295 0.0511004 0.17029 0.646271
0 0.668911 0.940254 0.0407013 0.119491 0.621247
0 0.282784 0.575137 0.0632807 0.173033 0.609227
0 0.531819 0.965853 0.0407763 0.0682938 0.598027
0 0.581327 0.962909 0.0432117 0.0741825 0.556794
30 0.368453 0.829044 0.0633784 0.0270111 0.312178
