0 0.609896 0.712566 0.0829987 0.235024 0.882207
0 0.186515 0.465476 0.0729817 0.215764 0.87387
0 0.740436 0.471486 0.0664413 0.221051 0.864744
0 0.648638 0.945197 0.0584503 0.109606 0.860495
0 0.382957 0.729268 0.063087 0.235822 0.844876
0 0.467229 0.722233 0.0708765 0.270307 0.835829
0 0.268832 0.417048 0.0330582 0.189538 0.723183
0 0.107855 0.388795 0.0319078 0.201351 0.707932
0 0.91187 0.632075 0.0691425 0.206016 0.706634
0 0.0426544 0.55913 0.04237 0.146738 0.612857
0 0.144628 0.685752 0.0898546 0.266192 0.530787
0 0.812386 0.268793 0.0442938 0.0876051 0.310897
