0 0.966795 0.596808 0.0223768 0.15955 0.796648
0 0.59882 0.739976 0.058787 0.159587 0.682021
0 0.385555 0.559765 0.0351904 0.174953 0.582039
0 0.809873 0.547458 0.0267846 0.1761 0.538798
0 0.410106 0.897179 0.0426331 0.197153 0.524288
0 0.493625 0.973378 0.0345951 0.0532447 0.459867
0 0.431958 0.610576 0.0441193 0.201334 0.443801
0 0.224684 0.468181 0.0382491 0.15608 0.428254
0 0.499332 0.568699 0.0507032 0.169538 0.351153
0 0.457803 0.967851 0.0377935 0.0642987 0.324793
0 0.00852832 0.571166 0.0169773 0.188206 0.305169
0 0.450172 0.667979 0.0466528 0.160171 0.302362
0 0.544468 0.515657 0.043996 0.128699 0.294045
0 0.605598 0.58253 0.0396217 0.119219 0.287853
