0 0.488683 0.711916 0.0382771 0.173744 0.852308
0 0.518544 0.945654 0.0478432 0.108692 0.824972
0 0.131463 0.645461 0.0566298 0.171705 0.798458
0 0.648642 0.797343 0.0446518 0.213974 0.603304
0 0.32254 0.967746 0.035547 0.0645086 0.597384
0 0.766188 0.551023 0.0319925 0.145426 0.549008
0 0.22234 0.948112 0.0717624 0.102503 0.534125
0 0.709052 0.55439 0.0286773 0.169225 0.524983
0 0.932422 0.793528 0.0851202 0.227464 0.516526
0 0.272941 0.966144 0.0413456 0.0677128 0.509288
0 0.661924 0.511925 0.0336811 0.154331 0.476458
0 0.616362 0.612261 0.0417702 0.187953 0.464865
0 0.227736 0.475412 0.0367956 0.13693 0.373931
0 0.0634651 0.95056 0.0707035 0.0978512 0.341996
0 0.728049 0.704638 0.0427788 0.223576 0.301626
0 0.353169 0.975146 0.0254066 0.0485236 0.251945
