0 0.895301 0.633374 0.0246445 0.154643 0.716955
0 0.768918 0.49948 0.0335177 0.137968 0.707467
0 0.593961 0.492613 0.0450821 0.142787 0.615957
0 0.362147 0.547084 0.0241527 0.190823 0.591028
0 0.454193 0.706417 0.063027 0.175575 0.52093
0 0.39657 0.881822 0.041639 0.195113 0.469003
0 0.442683 0.960665 0.0376884 0.0786691 0.401004
0 0.41714 0.674098 0.0377323 0.161096 0.391607
0 0.205523 0.455697 0.0516774 0.156565 0.389567
0 0.275482 0.914036 0.0346004 0.116862 0.308978
0 0.48152 0.966199 0.0343943 0.0676017 0.308264
0 0.539749 0.638388 0.0654322 0.1488 0.250027
