0 0.44033 0.93832 0.0518126 0.122951 0.880082
0 0.40381 0.685677 0.0775555 0.205689 0.780991
0 0.723811 0.759619 0.0507584 0.207044 0.772085
0 0.200859 0.557034 0.0569054 0.190749 0.730713
0 0.65376 0.953069 0.0496984 0.0938611 0.626669
0 0.614463 0.966223 0.03945 0.0675538 0.626585
0 0.342452 0.583976 0.0342134 0.184692 0.58777
0 0.254522 0.459671 0.044428 0.252083 0.55563
0 0.0665498 0.69235 0.0747566 0.199134 0.542304
0 0.554976 0.973556 0.0350611 0.0528876 0.523983
0 0.315354 0.563816 0.0404249 0.17347 0.489032
0 0.796732 0.784198 0.0658384 0.190358 0.458158
0 0.509644 0.977705 0.0268118 0.0445901 0.401932
0 0.487397 0.380008 0.042228 0.15291 0.376784
0 0.083559 0.90542 0.105367 0.18916 0.343168
