0 0.759145 0.642575 0.183072 0.490014 0.872472
0 0.191474 0.555832 0.170214 0.66402 0.845549
0 0.372058 0.596829 0.135143 0.555293 0.825667
0 0.868884 0.552423 0.12599 0.604742 0.724298
0 0.042588 0.593871 0.085176 0.649033 0.679079
0 0.591548 0.578323 0.241358 0.564828 0.603385
0 0.428452 0.531412 0.113466 0.467001 0.399729
0 0.297776 0.472196 0.0943923 0.407078 0.330808
0 0.740831 0.371581 0.0754183 0.19604 0.327653
0 0.831874 0.218137 0.0695335 0.14748 0.326618
0 0.771807 0.248541 0.057349 0.162682 0.308967
0 0.505819 0.134513 0.0752098 0.145059 0.267383
32 0.83914 0.417781 0.0175741 0.034213 0.251424
