0 0.107778 0.4735 0.0279808 0.142405 0.809697
0 0.741427 0.614784 0.0453726 0.181603 0.734451
0 0.168146 0.533391 0.0310326 0.151132 0.712057
0 0.491383 0.592548 0.0274869 0.155919 0.671665
0 0.430763 0.458584 0.0269596 0.206354 0.670392
0 0.485256 0.815255 0.0395629 0.195551 0.649548
0 0.458483 0.45179 0.0216853 0.144196 0.556903
0 0.429368 0.955388 0.0460635 0.0892247 0.554995
0 0.336881 0.972486 0.0385973 0.0550283 0.538517
0 0.467965 0.946165 0.0389545 0.106336 0.403335
0 0.720258 0.432633 0.0316828 0.150055 0.318986
0 0.629325 0.866728 0.0465366 0.112191 0.290892
0 0.478419 0.369593 0.0173431 0.105016 0.269688
