0 0.626568 0.654498 0.261708 0.672511 0.883231
0 0.23618 0.578517 0.204332 0.824855 0.882321
0 0.930637 0.583002 0.138264 0.814754 0.844118
0 0.425853 0.62752 0.100961 0.280441 0.629951
0 0.700965 0.331803 0.0939226 0.326633 0.522312
0 0.39142 0.416172 0.089768 0.208691 0.470157
0 0.848892 0.624102 0.110397 0.319086 0.435612
0 0.774512 0.436871 0.101126 0.239588 0.431368
0 0.384365 0.324331 0.105037 0.20045 0.389256
0 0.0588041 0.625095 0.10611 0.258801 0.341676
0 0.0291259 0.43825 0.0582234 0.254134 0.324785
0 0.366595 0.569403 0.0688486 0.214157 0.324106
0 0.0888051 0.496899 0.102282 0.292038 0.321883
0 0.526847 0.30592 0.0939489 0.265881 0.313596
0 0.472356 0.42137 0.0779913 0.188681 0.274374
0 0.626568 0.654498 0.261708 0.672511 0.883231
0 0.23618 0.578517 0.204332 0.824855 0.882321
0 0.930637 0.583002 0.138264 0.814754 0.844118
0 0.425853 0.62752 0.100961 0.280441 0.629951
0 0.700965 0.331803 0.0939226 0.326633 0.522312
0 0.39142 0.416172 0.089768 0.208691 0.470157
0 0.848892 0.624102 0.110397 0.319086 0.435612
0 0.774512 0.436871 0.101126 0.239588 0.431368
0 0.384365 0.324331 0.105037 0.20045 0.389256
0 0.0588041 0.625095 0.10611 0.258801 0.341676
0 0.0291259 0.43825 0.0582234 0.254134 0.324785
0 0.366595 0.569403 0.0688486 0.214157 0.324106
0 0.0888051 0.496899 0.102282 0.292038 0.321883
0 0.526847 0.30592 0.0939489 0.265881 0.313596
0 0.472356 0.42137 0.0779913 0.188681 0.274374
