0 0.539986 0.66484 0.0684092 0.185133 0.85627
0 0.387802 0.721044 0.0551017 0.228347 0.775466
0 0.250491 0.556884 0.0409392 0.187795 0.766374
0 0.636634 0.448841 0.0295651 0.180158 0.605714
0 0.542357 0.959317 0.0412 0.0813654 0.599274
0 0.640054 0.952635 0.0466703 0.0947291 0.598142
0 0.814852 0.51366 0.0325239 0.170136 0.508797
0 0.678063 0.93503 0.0454873 0.127124 0.458904
0 0.590256 0.960074 0.0403957 0.0798513 0.435611
0 0.577884 0.874917 0.0494951 0.125004 0.358862
0 0.462225 0.977113 0.049747 0.0457748 0.306955
30 0.385205 0.823824 0.056598 0.0289702 0.284777
