0 0.444202 0.937073 0.0520302 0.124363 0.861705
0 0.388356 0.689181 0.0908451 0.196463 0.805806
0 0.185958 0.564267 0.0832848 0.198129 0.775631
0 0.657441 0.953557 0.046629 0.0928857 0.696669
0 0.311658 0.573243 0.0438484 0.17314 0.654551
0 0.715705 0.760809 0.0548624 0.203646 0.653252
0 0.0484046 0.69881 0.0968093 0.210583 0.651754
0 0.343396 0.566558 0.0367408 0.157706 0.580254
0 0.618704 0.966676 0.038434 0.066648 0.580215
0 0.764462 0.789184 0.0656932 0.187047 0.571511
0 0.251661 0.490516 0.0538353 0.197831 0.555841
0 0.476705 0.373954 0.0279573 0.165643 0.516035
0 0.512515 0.978678 0.0237534 0.0426446 0.511705
0 0.558992 0.974846 0.0313644 0.050307 0.488874
0 0.0197474 0.929125 0.0394582 0.137883 0.281224
