0 0.0506256 0.588559 0.101251 0.649681 0.877057
0 0.325985 0.530469 0.147379 0.524042 0.856455
0 0.801331 0.586094 0.238544 0.653588 0.839634
0 0.520519 0.616501 0.141295 0.607246 0.778129
0 0.420563 0.571863 0.150707 0.6744 0.67705
0 0.928597 0.362574 0.0814127 0.209848 0.568165
0 0.167679 0.431503 0.070089 0.222083 0.540125
0 0.666776 0.560691 0.158188 0.680054 0.462598
0 0.673097 0.108137 0.07637 0.155285 0.435947
0 0.60638 0.60696 0.126098 0.582861 0.426013
0 0.214171 0.410358 0.0648105 0.238387 0.392616
0 0.789596 0.38028 0.137144 0.278897 0.343297
0 0.895295 0.21715 0.0656878 0.167152 0.315835
0 0.957542 0.229728 0.0626047 0.177175 0.311092
0 0.74381 0.106307 0.0758549 0.155055 0.283057
