0 0.634243 0.557935 0.366889 0.864731 0.944059
0 0.313603 0.617628 0.228446 0.743507 0.891663
0 0.878545 0.662408 0.102467 0.301029 0.763842
0 0.0348466 0.664267 0.0696932 0.502625 0.734157
0 0.939794 0.329183 0.11128 0.262054 0.583036
0 0.0877949 0.549387 0.0981479 0.326086 0.41567
0 0.944819 0.540696 0.108212 0.341758 0.320305
0 0.955563 0.701487 0.0878813 0.225626 0.299753
0 0.781252 0.3518 0.109101 0.245348 0.294821
0 0.848472 0.480523 0.101693 0.214073 0.282605
0 0.102698 0.383605 0.088749 0.225973 0.263013
0 0.40305 0.591816 0.0987053 0.427503 0.257593
