0 0.667152 0.951966 0.0434303 0.0960675 0.736831
0 0.648995 0.497145 0.0698103 0.219775 0.732395
0 0.826424 0.518571 0.0353634 0.161746 0.726896
0 0.357396 0.762052 0.0561246 0.240413 0.718646
0 0.421399 0.601093 0.0492715 0.22769 0.718038
0 0.564251 0.921191 0.0554326 0.157373 0.705872
0 0.526305 0.685225 0.0421188 0.238856 0.705659
0 0.134667 0.71696 0.0623014 0.24645 0.645338
0 0.583577 0.549245 0.0601498 0.158712 0.615561
0 0.271622 0.505512 0.0386399 0.197718 0.594886
0 0.241053 0.502401 0.0420516 0.1459 0.58935
0 0.300344 0.420149 0.0342657 0.166587 0.500076
0 0.358797 0.297618 0.0277186 0.137855 0.474826
0 0.629971 0.970359 0.0372368 0.0592811 0.347574
0 0.506705 0.983477 0.0209597 0.033046 0.307817
0 0.978206 0.948666 0.0429783 0.099401 0.267305
