0 0.109107 0.579008 0.218213 0.826769 0.92151
0 0.87409 0.583626 0.210502 0.815072 0.870682
0 0.577003 0.657931 0.227085 0.664059 0.816029
0 0.322371 0.628395 0.10379 0.283805 0.622859
0 0.287862 0.419304 0.0881719 0.21622 0.489859
0 0.670072 0.448485 0.0945696 0.264048 0.480819
0 0.938617 0.318256 0.0966721 0.247434 0.435855
0 0.424259 0.312646 0.0929514 0.272412 0.402557
0 0.40736 0.55653 0.0791825 0.212912 0.39431
0 0.206477 0.44335 0.0766531 0.25017 0.388197
0 0.500718 0.310875 0.11446 0.319441 0.387281
0 0.597547 0.317478 0.0916739 0.291796 0.384775
0 0.251862 0.611708 0.0758955 0.301022 0.342887
0 0.7492 0.62853 0.115022 0.307969 0.342623
0 0.672257 0.301769 0.085792 0.223186 0.306778
0 0.36815 0.421847 0.0793781 0.1889 0.290107
0 0.280209 0.323163 0.102534 0.20058 0.281533
0 0.0188359 0.432681 0.0375235 0.416089 0.253175
0 0.109107 0.579008 0.218213 0.826769 0.92151
0 0.87409 0.583626 0.210502 0.815072 0.870682
0 0.577003 0.657931 0.227085 0.664059 0.816029
0 0.322371 0.628395 0.10379 0.283805 0.622859
0 0.287862 0.419304 0.0881719 0.21622 0.489859
0 0.670072 0.448485 0.0945696 0.264048 0.480819
0 0.938617 0.318256 0.0966721 0.247434 0.435855
0 0.424259 0.312646 0.0929514 0.272412 0.402557
0 0.40736 0.55653 0.0791825 0.212912 0.39431
0 0.206477 0.44335 0.0766531 0.25017 0.388197
0 0.500718 0.310875 0.11446 0.319441 0.387281
0 0.597547 0.317478 0.0916739 0.291796 0.384775
0 0.251862 0.611708 0.0758955 0.301022 0.342887
0 0.7492 0.62853 0.115022 0.307969 0.342623
0 0.672257 0.301769 0.085792 0.223186 0.306778
0 0.36815 0.421847 0.0793781 0.1889 0.290107
0 0.280209 0.323163 0.102534 0.20058 0.281533
0 0.0188359 0.432681 0.0375235 0.416089 0.253175
