0 0.223109 0.571375 0.228396 0.829296 0.880395
0 0.0657416 0.645443 0.130333 0.690094 0.825941
0 0.729784 0.603079 0.108045 0.313569 0.719219
0 0.51813 0.583392 0.372096 0.804214 0.541195
0 0.796482 0.24225 0.119483 0.285906 0.529046
0 0.812804 0.412196 0.126385 0.256925 0.398868
0 0.620174 0.370517 0.170673 0.30391 0.366618
0 0.831828 0.647773 0.124257 0.230472 0.351176
0 0.919851 0.241234 0.156995 0.302533 0.347864
0 0.381837 0.451408 0.120012 0.396645 0.314051
0 0.935683 0.449185 0.120311 0.385863 0.294207
0 0.960935 0.648262 0.0772873 0.233562 0.293884
