0 0.228129 0.653397 0.0503047 0.171291 0.833462
0 0.877312 0.854528 0.0363564 0.199851 0.810093
0 0.529344 0.724891 0.0455694 0.182562 0.699085
0 0.43675 0.65287 0.0427618 0.183772 0.677444
0 0.638031 0.41187 0.0396793 0.153424 0.538658
0 0.422732 0.952248 0.0418191 0.0955032 0.537232
0 0.798388 0.602952 0.0450375 0.15971 0.526021
0 0.743302 0.405089 0.0310818 0.142481 0.496962
0 0.315971 0.849836 0.0372982 0.193551 0.436423
0 0.541447 0.398795 0.0281517 0.116452 0.381405
0 0.586748 0.510672 0.0727621 0.210252 0.366318
0 0.461497 0.957939 0.0419367 0.084122 0.35411
0 0.514085 0.589859 0.0533266 0.160801 0.354076
0 0.36424 0.944399 0.0476769 0.110748 0.344712
32 0.874028 0.420979 0.0219795 0.0378397 0.333259
