0 0.108135 0.476324 0.0282782 0.149331 0.818555
0 0.745082 0.618425 0.0455575 0.1757 0.759243
0 0.164083 0.534411 0.0431953 0.149214 0.682353
0 0.487673 0.815523 0.0393993 0.195357 0.662788
0 0.496011 0.584622 0.0349157 0.171734 0.638102
0 0.433741 0.463409 0.0286692 0.201723 0.590124
0 0.430867 0.955296 0.0448861 0.0894078 0.589067
0 0.460795 0.455117 0.0259291 0.14962 0.522662
0 0.337803 0.972357 0.0374272 0.0552862 0.499346
0 0.469078 0.946344 0.0395754 0.107312 0.470182
0 0.478657 0.369349 0.0174229 0.105466 0.280891
