0 0.321189 0.857039 0.0898404 0.193429 0.729445
0 0.677322 0.690613 0.103571 0.19884 0.727642
0 0.456104 0.66831 0.0501631 0.223865 0.702932
0 0.438195 0.931731 0.0552077 0.136539 0.702591
0 0.194369 0.633923 0.058428 0.187308 0.697835
0 0.269013 0.527962 0.0513802 0.191473 0.671573
0 0.0869723 0.490941 0.0528947 0.137829 0.653588
0 0.508503 0.966158 0.0408129 0.0676836 0.575237
0 0.921093 0.736017 0.0814302 0.171711 0.531216
0 0.549435 0.963506 0.042413 0.072988 0.530791
0 0.344735 0.599575 0.0388425 0.153724 0.495698
0 0.285991 0.398267 0.033322 0.142661 0.423668
0 0.315126 0.522943 0.0362977 0.158084 0.3666
0 0.661964 0.467408 0.0367358 0.165075 0.313744
0 0.604831 0.956884 0.0414766 0.0862322 0.293991
32 0.661423 0.427264 0.0345403 0.0771347 0.290872
