0 0.491379 0.572654 0.315075 0.836296 0.890749
0 0.143722 0.577745 0.258632 0.699938 0.81915
0 0.286395 0.359416 0.0899342 0.231187 0.511237
0 0.662575 0.658889 0.117305 0.307556 0.503677
0 0.72664 0.320295 0.107019 0.264347 0.460104
0 0.346772 0.459826 0.081415 0.257086 0.453424
0 0.781403 0.701369 0.0883942 0.213584 0.425894
0 0.749372 0.527655 0.140573 0.3402 0.410805
0 0.959079 0.701868 0.0813435 0.231872 0.388144
0 0.281945 0.58685 0.090783 0.435143 0.336343
0 0.952857 0.485332 0.0938007 0.283041 0.331787
0 0.639531 0.464235 0.0978498 0.22997 0.274372
