0 0.430212 0.648605 0.2419 0.682907 0.920093
0 0.697418 0.584821 0.232417 0.80818 0.863997
0 0.923311 0.575549 0.152079 0.834356 0.794095
0 0.0484844 0.583268 0.0969688 0.820216 0.745296
0 0.276248 0.614112 0.158496 0.32406 0.581266
0 0.160006 0.63603 0.103684 0.286613 0.562189
0 0.264017 0.313949 0.093271 0.283942 0.435542
0 0.516402 0.452564 0.0844528 0.26084 0.43073
0 0.847223 0.460997 0.0891069 0.256561 0.407373
0 0.342957 0.341875 0.119395 0.379264 0.398287
0 0.123292 0.43482 0.0938784 0.242213 0.362127
0 0.115478 0.32482 0.105403 0.196926 0.339009
0 0.0279613 0.281852 0.0558534 0.200865 0.331098
0 0.595532 0.636699 0.09768 0.307026 0.288975
0 0.772658 0.322346 0.093066 0.245184 0.287522
0 0.922253 0.288981 0.0934189 0.251617 0.267153
0 0.207142 0.457449 0.0826815 0.259715 0.266175
0 0.43564 0.294447 0.0883903 0.24872 0.264464
0 0.430212 0.648605 0.2419 0.682907 0.920093
0 0.697418 0.584821 0.232417 0.80818 0.863997
0 0.923311 0.575549 0.152079 0.834356 0.794095
0 0.0484844 0.583268 0.0969688 0.820216 0.745296
0 0.276248 0.614112 0.158496 0.32406 0.581266
0 0.160006 0.63603 0.103684 0.286613 0.562189
0 0.264017 0.313949 0.093271 0.283942 0.435542
0 0.516402 0.452564 0.0844528 0.26084 0.43073
0 0.847223 0.460997 0.0891069 0.256561 0.407373
0 0.342957 0.341875 0.119395 0.379264 0.398287
0 0.123292 0.43482 0.0938784 0.242213 0.362127
0 0.115478 0.32482 0.105403 0.196926 0.339009
0 0.0279613 0.281852 0.0558534 0.200865 0.331098
0 0.595532 0.636699 0.09768 0.307026 0.288975
0 0.772658 0.322346 0.093066 0.245184 0.287522
0 0.922253 0.288981 0.0934189 0.251617 0.267153
0 0.207142 0.457449 0.0826815 0.259715 0.266175
0 0.43564 0.294447 0.0883903 0.24872 0.264464
