0 0.103538 0.653417 0.206946 0.53126 0.889715
0 0.877523 0.571073 0.197741 0.586353 0.741904
0 0.445176 0.564415 0.280307 0.647061 0.73215
0 0.66132 0.639409 0.244137 0.542165 0.594975
0 0.180175 0.435983 0.0692914 0.211323 0.521583
0 0.0462539 0.579753 0.0925079 0.629666 0.516096
0 0.42051 0.192697 0.156463 0.289021 0.455859
0 0.934892 0.2413 0.0605484 0.171053 0.400376
0 0.550379 0.548231 0.176881 0.511657 0.382425
0 0.783892 0.629511 0.164448 0.516606 0.372883
0 0.879779 0.221534 0.0569782 0.139561 0.292368
35 0.186671 0.637328 0.0617383 0.119897 0.277699
0 0.65995 0.125362 0.0788843 0.155 0.268783
