0 0.889567 0.636564 0.220192 0.711429 0.929193
0 0.317628 0.704729 0.158361 0.578676 0.877088
0 0.645292 0.584526 0.242494 0.814116 0.818609
0 0.455547 0.760554 0.135578 0.323825 0.450207
0 0.519922 0.784657 0.141846 0.378309 0.434443
0 0.710011 0.426598 0.0904557 0.280118 0.431838
0 0.139533 0.804628 0.153514 0.360395 0.404033
0 0.346287 0.400084 0.106627 0.272722 0.388317
0 0.537787 0.715292 0.0840451 0.237423 0.306307
0 0.220328 0.522974 0.0761989 0.191564 0.28715
0 0.0846347 0.606377 0.084037 0.250197 0.270451
