0 0.767564 0.563145 0.307969 0.855806 0.924142
0 0.920653 0.613668 0.158057 0.754117 0.821806
0 0.422065 0.6368 0.107038 0.375341 0.487363
0 0.440159 0.302342 0.106365 0.208083 0.462845
0 0.818536 0.27572 0.0845424 0.230735 0.462721
0 0.544347 0.371222 0.124907 0.412664 0.425061
0 0.313087 0.498541 0.124826 0.192722 0.376811
0 0.592872 0.482017 0.089538 0.255299 0.373967
0 0.211871 0.659634 0.135082 0.326425 0.342372
0 0.320554 0.646388 0.121828 0.3502 0.313044
0 0.465833 0.590913 0.11467 0.463579 0.25284
