0 0.445883 0.834463 0.0504686 0.235259 0.77026
0 0.317913 0.953872 0.0436809 0.0922568 0.757896
0 0.238791 0.591547 0.0531123 0.173059 0.746598
0 0.847786 0.758055 0.0457661 0.208751 0.742712
0 0.494268 0.650492 0.0353716 0.193834 0.682178
0 0.346662 0.565518 0.0391726 0.142508 0.677081
0 0.516549 0.910951 0.0511112 0.175836 0.661951
0 0.591872 0.944225 0.0448948 0.109287 0.592448
0 0.422997 0.962304 0.0537009 0.0753927 0.588461
0 0.62959 0.941446 0.0489118 0.113416 0.459647
0 0.630433 0.442671 0.0430186 0.168772 0.450933
0 0.395096 0.503954 0.0653035 0.148073 0.412664
0 0.630737 0.676446 0.0791004 0.189664 0.398912
0 0.393928 0.402558 0.0302978 0.108371 0.293919
