0 0.108606 0.484263 0.0285523 0.147599 0.776786
0 0.748902 0.617514 0.0470733 0.169173 0.719273
0 0.439788 0.465901 0.0326494 0.204733 0.669694
0 0.506419 0.58876 0.0472826 0.16186 0.653214
0 0.175358 0.536633 0.0293071 0.138643 0.625915
0 0.432125 0.955487 0.0452903 0.089027 0.532924
0 0.492655 0.815971 0.0382195 0.195702 0.531939
0 0.463061 0.453118 0.0281559 0.151999 0.461305
0 0.472421 0.946849 0.039724 0.106303 0.43267
0 0.338946 0.972509 0.0379245 0.0549823 0.41253
0 0.910552 0.519525 0.0245041 0.131529 0.391693
0 0.727849 0.435983 0.0288038 0.14862 0.334991
0 0.554259 0.941147 0.036278 0.108984 0.264422
