0 0.869332 0.837605 0.0318195 0.197091 0.792638
0 0.222995 0.640802 0.0554374 0.168354 0.720876
0 0.442839 0.651362 0.0544725 0.165657 0.718862
0 0.57873 0.545841 0.0698479 0.153502 0.71793
0 0.519537 0.713582 0.0566454 0.168038 0.643818
0 0.835505 0.621795 0.0444481 0.175021 0.594474
0 0.632716 0.398729 0.0386873 0.149709 0.555071
0 0.414131 0.943489 0.0406075 0.108552 0.516956
32 0.775943 0.385535 0.0208721 0.0350232 0.515894
0 0.546301 0.46086 0.0367058 0.124926 0.483342
0 0.485504 0.964366 0.0394669 0.0712686 0.447094
0 0.741937 0.387916 0.0269836 0.137449 0.4393
0 0.452671 0.949005 0.0453606 0.0983949 0.388693
32 0.820055 0.39508 0.0223049 0.03831 0.350108
0 0.308882 0.83359 0.0378565 0.191043 0.334911
0 0.477403 0.549209 0.0406183 0.112786 0.320222
