0 0.712507 0.566517 0.0588947 0.222404 0.748715
0 0.461538 0.78723 0.0416557 0.244932 0.744734
0 0.400128 0.936931 0.0484261 0.126139 0.6956
0 0.569133 0.80344 0.0718534 0.226842 0.690049
0 0.754115 0.531066 0.0475868 0.162983 0.655244
0 0.6855 0.361537 0.049075 0.127303 0.640067
0 0.0999366 0.97462 0.0425606 0.0507601 0.43584
0 0.460788 0.399534 0.0310577 0.136304 0.435307
0 0.916299 0.955858 0.0680687 0.0833094 0.295822
0 0.889941 0.701061 0.0568789 0.132609 0.281438
0 0.36527 0.833042 0.0549285 0.0911421 0.268538
0 0.0395526 0.478432 0.0500567 0.149689 0.261166
