0 0.763923 0.555358 0.323215 0.871467 0.89061
0 0.93749 0.614538 0.1245 0.755666 0.800166
0 0.47148 0.637085 0.110885 0.376686 0.528264
0 0.259158 0.656654 0.129891 0.33688 0.484555
0 0.362078 0.499848 0.126101 0.197107 0.462501
0 0.368093 0.603776 0.116792 0.256094 0.438888
0 0.489188 0.304461 0.106604 0.214509 0.374057
0 0.86358 0.279118 0.0904121 0.236595 0.351702
0 0.124208 0.606341 0.130609 0.232072 0.330183
0 0.179906 0.329805 0.142762 0.286207 0.300513
0 0.589792 0.371117 0.118725 0.437146 0.251675
