0 0.593689 0.649698 0.0735945 0.185469 0.883928
0 0.186007 0.555862 0.0509311 0.169093 0.810666
0 0.417426 0.72815 0.0435562 0.222893 0.806973
0 0.835478 0.517751 0.0312893 0.157173 0.784558
0 0.571233 0.953989 0.0402195 0.0920215 0.76544
0 0.61839 0.951371 0.0456851 0.097258 0.706354
0 0.245725 0.494552 0.0370063 0.144509 0.594723
0 0.494443 0.968572 0.0488564 0.0628565 0.592543
0 0.608518 0.863405 0.0512604 0.123761 0.571711
0 0.657441 0.446993 0.028195 0.184995 0.562244
0 0.665618 0.948386 0.0467832 0.102001 0.547935
0 0.703355 0.926995 0.0460272 0.131801 0.546638
0 0.383028 0.398345 0.0290359 0.129829 0.50545
0 0.361578 0.582027 0.0376076 0.15369 0.485541
0 0.353034 0.464218 0.0387554 0.111636 0.283079
