0 0.351176 0.910284 0.0467099 0.17817 0.787892
0 0.628312 0.843916 0.0653282 0.21718 0.776437
0 0.345193 0.704631 0.0524571 0.203242 0.70244
0 0.798287 0.439977 0.0395806 0.161229 0.697039
0 0.64087 0.501757 0.0407738 0.217511 0.68942
0 0.497884 0.704273 0.0458363 0.222203 0.680619
32 0.591267 0.362423 0.0195565 0.0342519 0.651643
0 0.731891 0.606967 0.0419107 0.16691 0.617656
0 0.695007 0.589084 0.0418457 0.185189 0.546739
0 0.324538 0.971875 0.0378407 0.0562507 0.531382
0 0.302792 0.498855 0.0414226 0.173056 0.510539
0 0.270498 0.964704 0.0591439 0.0705912 0.399528
0 0.111404 0.959084 0.0450325 0.078558 0.389542
32 0.176837 0.523506 0.019577 0.0467567 0.358076
