0 0.393106 0.726047 0.0555948 0.219044 0.823764
0 0.551954 0.660844 0.0660297 0.18629 0.811904
0 0.228859 0.563421 0.0387105 0.178988 0.713319
0 0.550561 0.958022 0.0428297 0.0839564 0.680165
0 0.645087 0.950894 0.0484029 0.098211 0.67888
0 0.642488 0.453173 0.0336338 0.182719 0.662729
0 0.820882 0.515483 0.0337669 0.170792 0.617053
0 0.684394 0.934536 0.0471689 0.128379 0.504595
0 0.596627 0.958352 0.0436619 0.0832969 0.502059
0 0.476813 0.976081 0.0365724 0.0478385 0.441298
0 0.586296 0.896063 0.0515831 0.172296 0.385301
30 0.393483 0.824477 0.0586882 0.0291524 0.271847
0 0.358739 0.59116 0.0362073 0.151556 0.254861
