0 0.438533 0.926325 0.0395611 0.147351 0.785339
0 0.334459 0.945985 0.0463248 0.10803 0.751369
0 0.672277 0.60426 0.0318785 0.141678 0.671032
0 0.558122 0.653032 0.0611509 0.169942 0.590294
0 0.309091 0.522182 0.0492076 0.128101 0.586809
0 0.639419 0.71429 0.0398698 0.161906 0.560225
0 0.417751 0.82831 0.0446302 0.192328 0.557728
0 0.767536 0.467918 0.0266605 0.156652 0.532085
0 0.615335 0.881611 0.0407885 0.191329 0.486526
0 0.390186 0.454444 0.0364608 0.115329 0.469419
0 0.517345 0.96057 0.0337183 0.0788606 0.401549
0 0.485493 0.967919 0.0347979 0.0636308 0.389856
0 0.29015 0.440364 0.0387439 0.115109 0.380262
0 0.570846 0.93889 0.0480632 0.122219 0.356219
0 0.488593 0.557274 0.0319527 0.125663 0.351382
0 0.476458 0.401918 0.0269382 0.127414 0.307511
