0 0.388847 0.932762 0.0432088 0.134476 0.776495
0 0.485736 0.915059 0.0369116 0.169882 0.62813
0 0.50285 0.666258 0.0457327 0.172802 0.556845
0 0.27661 0.549872 0.036794 0.139602 0.544259
0 0.657172 0.857286 0.0399155 0.185824 0.501589
0 0.436601 0.967909 0.0358698 0.0641827 0.435771
0 0.307382 0.453543 0.0360213 0.105505 0.43179
0 0.380483 0.45288 0.0446072 0.135294 0.397875
0 0.36688 0.828618 0.0305416 0.146035 0.352198
0 0.446682 0.545613 0.0334906 0.10641 0.332358
0 0.560241 0.948058 0.0310176 0.103884 0.328088
0 0.556865 0.699261 0.0425264 0.142741 0.320137
