0 0.786291 0.527216 0.0301519 0.149723 0.756185
0 0.931776 0.616631 0.0251007 0.151541 0.715095
0 0.370252 0.537874 0.0384791 0.182906 0.627412
0 0.527318 0.730923 0.0367975 0.175916 0.609282
0 0.579669 0.621434 0.0369196 0.164383 0.554113
0 0.407403 0.889207 0.0445114 0.195855 0.49935
0 0.595557 0.505421 0.0421146 0.130828 0.446039
0 0.48787 0.968841 0.0376398 0.0623176 0.426289
0 0.511769 0.582579 0.029283 0.147216 0.388119
0 0.453117 0.964143 0.0350948 0.0717141 0.360711
0 0.216918 0.458326 0.043393 0.156041 0.291026
0 0.28258 0.926286 0.035313 0.120572 0.277706
0 0.441327 0.680836 0.0367666 0.162194 0.257149
