0 0.457567 0.921635 0.0383233 0.15673 0.745691
0 0.357683 0.940238 0.0451918 0.118507 0.651277
0 0.533612 0.660444 0.0347396 0.178698 0.649744
0 0.450443 0.52499 0.0357708 0.142568 0.632195
0 0.588817 0.707859 0.0456089 0.170038 0.524464
0 0.776204 0.466863 0.0265291 0.138858 0.514221
0 0.63536 0.590181 0.0352405 0.128826 0.49099
0 0.292586 0.523282 0.0328881 0.112596 0.486618
0 0.632955 0.866982 0.0392805 0.180109 0.449247
0 0.534976 0.955343 0.0331102 0.0893145 0.391696
0 0.494986 0.50957 0.0331852 0.104181 0.362022
0 0.388136 0.447662 0.0268373 0.123448 0.343558
0 0.394459 0.835718 0.0405224 0.178154 0.302165
0 0.574687 0.956625 0.0494413 0.0867503 0.288538
0 0.50366 0.961732 0.0365902 0.0763787 0.254995
