0 0.471224 0.93669 0.055237 0.12578 0.826169
0 0.365519 0.602609 0.0498402 0.194217 0.750917
0 0.249456 0.494353 0.0447485 0.193164 0.716972
0 0.686337 0.956642 0.0439934 0.0867163 0.695483
0 0.70569 0.808448 0.065726 0.199734 0.688561
0 0.111231 0.580428 0.0453266 0.171485 0.644391
0 0.468365 0.390882 0.0276413 0.151418 0.601634
0 0.638871 0.839216 0.0564878 0.224599 0.551039
0 0.303947 0.691436 0.0519292 0.217037 0.452595
0 0.298159 0.558891 0.0503424 0.110746 0.440179
0 0.535144 0.979682 0.0243555 0.0406361 0.328385
0 0.583144 0.975237 0.0323321 0.0495268 0.274607
