0 0.435493 0.742523 0.0597102 0.222121 0.792815
0 0.630227 0.643518 0.0714687 0.19851 0.772945
0 0.834034 0.517429 0.0299459 0.157546 0.755226
0 0.575664 0.948624 0.0424305 0.102752 0.667516
0 0.620504 0.94766 0.0436502 0.10468 0.659975
0 0.142541 0.550257 0.0343108 0.164717 0.649268
0 0.501627 0.963937 0.0426819 0.0717068 0.513175
0 0.1832 0.432431 0.0235549 0.146427 0.483189
0 0.704466 0.924726 0.0468982 0.141452 0.463247
0 0.611376 0.868941 0.0517345 0.146623 0.414083
0 0.668097 0.944887 0.0567053 0.10857 0.373512
0 0.352135 0.59207 0.0370081 0.175262 0.345212
