0 0.412964 0.578777 0.062962 0.215468 0.780692
0 0.39794 0.726034 0.0558375 0.221193 0.773034
0 0.808553 0.512096 0.0342543 0.172244 0.724166
0 0.561058 0.913326 0.0548146 0.173347 0.706463
0 0.513576 0.644217 0.0875716 0.224558 0.696239
0 0.640343 0.672156 0.0500154 0.183946 0.691345
0 0.230187 0.676518 0.0530293 0.223062 0.686683
0 0.665276 0.501003 0.0555543 0.223892 0.659133
0 0.259898 0.477069 0.0627834 0.18847 0.62719
0 0.66404 0.944279 0.0456614 0.111443 0.579859
0 0.557585 0.703578 0.0706348 0.10206 0.562768
0 0.30123 0.450975 0.0457905 0.19934 0.529095
0 0.627667 0.961827 0.0398602 0.0763453 0.478233
0 0.379528 0.304777 0.0255618 0.135436 0.285823
