0 0.71839 0.745276 0.0718031 0.187595 0.721693
0 0.396653 0.937623 0.0404225 0.124755 0.677573
0 0.286419 0.959809 0.0476024 0.0803811 0.675318
0 0.47565 0.834304 0.0497339 0.206856 0.633147
0 0.576525 0.648657 0.0535059 0.171923 0.600302
0 0.584709 0.900538 0.0399409 0.18908 0.551736
0 0.35141 0.52043 0.0324025 0.136608 0.521363
0 0.29015 0.433993 0.0407674 0.104729 0.51367
0 0.747009 0.473453 0.032073 0.156218 0.471787
0 0.712257 0.615136 0.0337717 0.135697 0.447023
0 0.379762 0.527215 0.0370128 0.128257 0.443063
0 0.477751 0.973809 0.0371944 0.052381 0.379374
0 0.677666 0.392859 0.0250726 0.117334 0.310674
0 0.522067 0.944473 0.0494425 0.111054 0.310061
0 0.408747 0.447984 0.0308295 0.0938982 0.304707
0 0.903619 0.965565 0.0407948 0.0688699 0.302243
0 0.692397 0.931552 0.0467984 0.124655 0.258283
0 0.654244 0.934135 0.042004 0.126707 0.253542
