0 0.849355 0.817767 0.0431019 0.184751 0.807414
0 0.405708 0.627744 0.0416955 0.170387 0.723211
0 0.572374 0.821562 0.0538773 0.222589 0.71141
0 0.733332 0.374492 0.0314074 0.134187 0.704942
0 0.2437 0.622268 0.0347039 0.18836 0.681402
0 0.632826 0.521952 0.0331494 0.145069 0.655067
0 0.24597 0.426209 0.0385855 0.154886 0.59511
0 0.292526 0.821024 0.0389259 0.193992 0.579987
0 0.470789 0.957559 0.0450466 0.0841985 0.564919
0 0.564108 0.97401 0.0373028 0.0519802 0.56335
0 0.397508 0.936998 0.0396168 0.123363 0.523956
0 0.459591 0.552818 0.0448391 0.14847 0.4716
0 0.817091 0.580888 0.0348877 0.151433 0.460766
0 0.539678 0.540673 0.0457511 0.142665 0.417454
0 0.614356 0.38109 0.0338729 0.127081 0.372251
0 0.567939 0.458584 0.0308657 0.130595 0.36826
0 0.437047 0.939396 0.0448151 0.1105 0.336729
0 0.633315 0.985929 0.0165081 0.0281414 0.324402
0 0.321388 0.344896 0.0246984 0.108248 0.323453
