0 0.701982 0.847349 0.077628 0.218833 0.798703
0 0.546358 0.95948 0.0475143 0.0808507 0.777427
0 0.736059 0.544669 0.0316828 0.156292 0.672847
0 0.678287 0.50712 0.0387605 0.157636 0.668623
0 0.26986 0.96825 0.0418715 0.0635007 0.656074
0 0.18346 0.660317 0.0520223 0.17145 0.643001
0 0.221552 0.9488 0.0625754 0.101495 0.618201
0 0.964331 0.785211 0.0531353 0.172964 0.612469
0 0.819181 0.762183 0.036743 0.216547 0.607935
0 0.320945 0.970298 0.0353499 0.0594038 0.607559
0 0.794878 0.553306 0.0330729 0.146476 0.561216
0 0.209283 0.474132 0.0550325 0.134743 0.500866
0 0.53463 0.761505 0.0484123 0.179646 0.484951
0 0.0526006 0.95221 0.076201 0.094317 0.48273
0 0.649538 0.595682 0.0273853 0.15155 0.437117
0 0.352766 0.977741 0.0211282 0.0425507 0.301994
