0 0.370001 0.742706 0.0583025 0.23584 0.829819
0 0.161326 0.709168 0.0520011 0.236973 0.792853
0 0.423305 0.590193 0.0467417 0.220827 0.750996
0 0.563147 0.917764 0.0546068 0.161462 0.738893
0 0.666283 0.949003 0.0419441 0.101995 0.706538
0 0.820774 0.519733 0.0364407 0.169395 0.694469
0 0.25701 0.498717 0.0503212 0.192516 0.62591
0 0.646491 0.488852 0.0550612 0.205913 0.617518
0 0.520548 0.680346 0.0571518 0.230094 0.547202
0 0.30016 0.427863 0.0313442 0.180366 0.357216
0 0.505376 0.980965 0.0207325 0.03807 0.340739
0 0.594169 0.524982 0.0640999 0.152619 0.261351
0 0.630261 0.968258 0.0383106 0.0634842 0.251382
