0 0.707197 0.852412 0.0759931 0.216255 0.787489
0 0.549215 0.960904 0.0461775 0.0781928 0.775651
0 0.188997 0.66384 0.0584974 0.169513 0.672111
0 0.269407 0.968298 0.0420133 0.0634047 0.624446
0 0.740183 0.5511 0.0316765 0.170425 0.613046
0 0.538207 0.766449 0.0495206 0.180031 0.59504
0 0.320779 0.970489 0.0352843 0.059022 0.585661
0 0.220666 0.949808 0.0620204 0.0998949 0.565067
0 0.680953 0.507642 0.0384071 0.160173 0.554555
0 0.79537 0.55563 0.0405684 0.154186 0.540421
0 0.207644 0.471897 0.0522104 0.135513 0.515827
0 0.0521768 0.951971 0.075136 0.0944561 0.455438
0 0.653062 0.596232 0.0272493 0.149651 0.427919
0 0.835118 0.768718 0.0493029 0.194006 0.359332
0 0.972321 0.799634 0.0544098 0.187375 0.257835
0 0.35266 0.977945 0.0207756 0.0418443 0.250224
