0 0.645219 0.670072 0.0619288 0.173153 0.866706
0 0.472014 0.662213 0.056928 0.203883 0.712028
0 0.521629 0.95189 0.0397773 0.0962191 0.711543
0 0.894968 0.715198 0.0668217 0.194722 0.709934
0 0.20175 0.493662 0.0422532 0.151185 0.706833
0 0.238674 0.967052 0.0423987 0.0658958 0.651853
0 0.451444 0.9205 0.0519017 0.159 0.650718
0 0.562969 0.948635 0.049194 0.102731 0.571577
0 0.250905 0.614854 0.0502235 0.160134 0.544977
0 0.297673 0.512718 0.0405715 0.185733 0.479553
0 0.358988 0.611575 0.0339016 0.118866 0.479113
0 0.431046 0.796007 0.0585364 0.157752 0.43732
0 0.630776 0.481047 0.0509159 0.14412 0.380011
0 0.609959 0.944015 0.0503653 0.109355 0.29342
0 0.314659 0.398895 0.0313711 0.122157 0.285179
0 0.641935 0.931069 0.0566023 0.130415 0.258929
