0 0.347479 0.770742 0.0594879 0.236174 0.793518
0 0.422581 0.603566 0.0533702 0.226729 0.756394
0 0.667845 0.954167 0.0422087 0.0916652 0.732819
0 0.530897 0.692372 0.0460999 0.243707 0.730599
0 0.233587 0.506572 0.0502671 0.130331 0.687503
0 0.564971 0.920458 0.0559599 0.154074 0.671548
0 0.829204 0.528664 0.0381561 0.176104 0.664605
0 0.279114 0.507047 0.0340678 0.197849 0.627412
0 0.107503 0.729951 0.0457397 0.253355 0.614258
0 0.57937 0.555635 0.0391909 0.151629 0.589868
0 0.299538 0.41816 0.0365552 0.165915 0.549625
0 0.642617 0.497728 0.0844611 0.223873 0.465864
0 0.35587 0.300239 0.0295848 0.144042 0.401675
0 0.629781 0.970914 0.0385265 0.0581716 0.368955
0 0.507619 0.984517 0.0209196 0.0309658 0.282005
0 0.970001 0.948995 0.0599972 0.100981 0.280437
