0 0.36396 0.936947 0.0445762 0.126105 0.718874
0 0.464263 0.920393 0.037406 0.159214 0.686731
0 0.288557 0.522313 0.0316595 0.121634 0.614846
0 0.452922 0.529431 0.0399185 0.130287 0.597412
0 0.779117 0.465523 0.0249644 0.141717 0.478445
0 0.522004 0.659019 0.0443274 0.164398 0.477847
0 0.387274 0.456386 0.0291254 0.118708 0.437924
0 0.637577 0.863672 0.0396318 0.18145 0.421029
0 0.387665 0.83355 0.0386733 0.189414 0.419286
0 0.585932 0.689627 0.0282978 0.128567 0.36598
0 0.509749 0.957897 0.0356964 0.0824073 0.315016
0 0.539935 0.952989 0.0305868 0.0940221 0.298556
0 0.413667 0.967758 0.0353251 0.0644847 0.291716
0 0.62767 0.585447 0.0250015 0.113895 0.257042
