0 0.375401 0.943357 0.0445142 0.113287 0.811181
0 0.0296048 0.760871 0.0461663 0.164735 0.761274
0 0.492309 0.824892 0.0579163 0.210423 0.748298
0 0.786875 0.756437 0.0611218 0.200769 0.739743
0 0.565425 0.672468 0.0463899 0.194027 0.732934
0 0.260169 0.966156 0.0476821 0.067688 0.728099
0 0.722808 0.656378 0.0465246 0.169556 0.682031
0 0.566983 0.904362 0.039257 0.190287 0.666206
0 0.486475 0.955374 0.0453928 0.0892515 0.591193
0 0.25998 0.435543 0.0503512 0.108024 0.529752
0 0.635498 0.937513 0.039246 0.119117 0.425055
0 0.675609 0.936622 0.0506399 0.12076 0.421439
0 0.350271 0.546704 0.0465114 0.164214 0.395668
0 0.730187 0.459019 0.0289015 0.157036 0.339904
30 0.029245 0.831337 0.0515868 0.0300381 0.297808
