0 0.118793 0.612001 0.23744 0.756356 0.930455
0 0.418613 0.583837 0.3042 0.810271 0.911392
0 0.616431 0.638202 0.103784 0.312963 0.617202
0 0.730024 0.679638 0.0956209 0.223438 0.476695
0 0.585128 0.454327 0.106608 0.235306 0.453627
0 0.926419 0.681396 0.111112 0.240367 0.406438
0 0.696217 0.476094 0.137036 0.297807 0.397105
0 0.678868 0.290431 0.109117 0.264943 0.396169
0 0.916841 0.460401 0.11546 0.281498 0.389427
0 0.220226 0.521254 0.0763101 0.339674 0.383592
0 0.212236 0.34656 0.110749 0.245028 0.35347
0 0.810804 0.448351 0.110616 0.29594 0.278265
0 0.297945 0.432839 0.108565 0.250331 0.267604
