0 0.439936 0.678686 0.0797882 0.210036 0.844117
0 0.437327 0.936661 0.0497221 0.126412 0.834839
0 0.129091 0.666844 0.0754856 0.188078 0.756193
0 0.233672 0.546874 0.0636286 0.187251 0.737961
0 0.721053 0.709317 0.0521558 0.207956 0.710399
0 0.608566 0.962613 0.0376513 0.0747732 0.630923
0 0.550273 0.970988 0.0397473 0.0580248 0.599824
0 0.200443 0.890171 0.0994054 0.179384 0.594952
0 0.64759 0.949227 0.0561428 0.101546 0.562021
0 0.865316 0.754026 0.0887592 0.173533 0.560642
0 0.508458 0.973516 0.0301141 0.0529679 0.527328
0 0.497783 0.369315 0.0341165 0.159862 0.388865
0 0.260157 0.462961 0.0327707 0.134906 0.374579
0 0.329423 0.568647 0.0612868 0.225169 0.340033
0 0.342621 0.59219 0.0330688 0.181314 0.280866
0 0.272269 0.380729 0.0359955 0.103437 0.251419
