0 0.438435 0.836344 0.0534125 0.228116 0.768827
0 0.30829 0.955072 0.0422678 0.0898557 0.734017
0 0.233568 0.594147 0.0585731 0.17217 0.677191
0 0.64581 0.676734 0.0425705 0.193957 0.669299
0 0.855053 0.748629 0.0297596 0.203473 0.667874
0 0.483348 0.647309 0.0407242 0.199346 0.643519
0 0.512177 0.912546 0.0415187 0.174909 0.610037
0 0.361739 0.557235 0.032757 0.142872 0.567982
0 0.412312 0.959736 0.060416 0.0805287 0.519397
0 0.581583 0.943654 0.0396143 0.10802 0.510833
0 0.634441 0.449125 0.0347944 0.167629 0.473489
0 0.622105 0.943223 0.0506242 0.110729 0.446809
0 0.329872 0.482279 0.0435945 0.114412 0.320363
32 0.854694 0.836216 0.020365 0.0292443 0.285352
