0 0.417763 0.932937 0.04193 0.133613 0.726636
0 0.311197 0.952779 0.0481739 0.0944427 0.71203
0 0.564445 0.650331 0.0458371 0.186419 0.68788
0 0.695439 0.622268 0.052553 0.166152 0.677044
0 0.340064 0.525303 0.0332422 0.117807 0.629906
0 0.602725 0.890262 0.0389792 0.186277 0.558267
0 0.666173 0.73431 0.0490996 0.183691 0.552385
0 0.440602 0.815821 0.0411535 0.190159 0.550142
0 0.759729 0.466212 0.0311668 0.147364 0.484656
0 0.548558 0.944929 0.0445341 0.110141 0.470403
0 0.286072 0.421683 0.0248211 0.126993 0.404073
0 0.498973 0.967736 0.03461 0.0645284 0.390005
0 0.473662 0.404201 0.0310303 0.0992047 0.310863
0 0.670517 0.922885 0.0413994 0.124046 0.284772
0 0.706657 0.921432 0.0466823 0.122468 0.275441
0 0.581546 0.962363 0.0339466 0.0752738 0.266868
0 0.429448 0.532215 0.0295443 0.157844 0.255168
0 0.397237 0.443723 0.0339896 0.105768 0.253372
