0 0.379833 0.941139 0.043435 0.117722 0.784923
0 0.761618 0.754937 0.0453745 0.196148 0.776301
0 0.568559 0.671059 0.0495339 0.189972 0.750979
0 0.269508 0.430574 0.0490002 0.124348 0.742231
0 0.266996 0.96468 0.0461267 0.0706402 0.719055
0 0.0138132 0.760165 0.0276265 0.164603 0.671516
0 0.571455 0.904882 0.0399311 0.190236 0.655951
0 0.722221 0.646511 0.0378072 0.172632 0.650791
0 0.49491 0.826251 0.0594284 0.201864 0.633646
0 0.346393 0.523493 0.0596462 0.157994 0.48194
0 0.676598 0.389399 0.0269333 0.112555 0.477539
0 0.734437 0.464301 0.0311152 0.164367 0.469657
0 0.497215 0.946237 0.0458319 0.107525 0.464653
0 0.680143 0.934248 0.0486492 0.12148 0.382329
0 0.641016 0.937425 0.0392787 0.121333 0.376601
0 0.89164 0.969872 0.0408421 0.0602564 0.31887
0 0.455744 0.428808 0.0317349 0.153125 0.25508
