0 0.97781 0.637273 0.0438965 0.190205 0.802817
0 0.447997 0.607998 0.036269 0.176116 0.700875
0 0.0589985 0.618212 0.0404862 0.152591 0.698865
0 0.44658 0.923048 0.0412239 0.153903 0.576115
0 0.546214 0.719504 0.0333766 0.172311 0.571807
0 0.639765 0.557506 0.0292826 0.171948 0.539834
0 0.506457 0.616503 0.0535769 0.153117 0.521519
0 0.324212 0.957445 0.0355286 0.0851098 0.516029
0 0.288388 0.950323 0.0420475 0.0993534 0.498156
0 0.590571 0.521415 0.0357546 0.14583 0.484472
0 0.662452 0.579161 0.0606696 0.198767 0.353529
0 0.240728 0.953732 0.0530108 0.0925356 0.315649
0 0.218103 0.936329 0.0324717 0.118698 0.295005
0 0.35473 0.966317 0.0323607 0.0662269 0.252712
