0 0.618741 0.835857 0.0583929 0.229913 0.825025
0 0.349507 0.907226 0.0459979 0.185505 0.802536
0 0.790902 0.440609 0.036404 0.157227 0.728018
0 0.498417 0.699378 0.0540591 0.21958 0.69283
0 0.344312 0.70016 0.0378413 0.212704 0.635741
0 0.325111 0.970863 0.044673 0.0582737 0.58907
0 0.268746 0.962461 0.0623847 0.0750788 0.520413
0 0.689657 0.582205 0.0328346 0.190855 0.517897
32 0.84676 0.424033 0.0226833 0.0398499 0.510684
0 0.726937 0.611449 0.0482494 0.15044 0.453789
0 0.303652 0.497177 0.0430115 0.170053 0.423367
0 0.641447 0.503737 0.0371901 0.207589 0.379391
0 0.112223 0.956551 0.0429211 0.0838233 0.353824
0 0.51946 0.349644 0.0402368 0.0951184 0.318047
32 0.587308 0.363287 0.0187195 0.0348139 0.304803
0 0.0709978 0.966249 0.0315013 0.0656796 0.278129
