0 0.512919 0.730705 0.0622669 0.210769 0.834936
0 0.706933 0.892593 0.0948219 0.209927 0.787728
0 0.704264 0.578108 0.0503849 0.190922 0.765457
0 0.663701 0.520486 0.0462397 0.186162 0.76102
0 0.11628 0.80743 0.0904368 0.190387 0.74373
0 0.360967 0.916454 0.0548629 0.167093 0.719298
0 0.291133 0.493897 0.0402289 0.197957 0.636772
0 0.394804 0.726626 0.0653995 0.205302 0.584586
0 0.842658 0.444839 0.0483625 0.151434 0.553369
32 0.87855 0.422933 0.0236965 0.0405801 0.467476
0 0.784227 0.519554 0.0455849 0.143395 0.399793
0 0.113502 0.964794 0.0400639 0.0670139 0.347133
32 0.177916 0.523418 0.020474 0.0477185 0.335137
0 0.26727 0.970231 0.040263 0.0595382 0.297492
0 0.42258 0.38325 0.0250547 0.118977 0.250085
