0 0.366144 0.945144 0.0424801 0.109294 0.801927
0 0.488847 0.823338 0.0515532 0.222332 0.764188
0 0.0474611 0.771064 0.0417341 0.161639 0.751441
0 0.807188 0.762288 0.034712 0.206255 0.731051
0 0.251513 0.968163 0.0451474 0.0636741 0.709197
0 0.343978 0.558552 0.057339 0.170549 0.637931
0 0.557161 0.671532 0.0470793 0.200102 0.632315
0 0.561781 0.905502 0.0412298 0.188996 0.621831
0 0.713659 0.66259 0.0443665 0.169094 0.506414
0 0.474878 0.949481 0.0532063 0.101037 0.420732
0 0.670027 0.93827 0.0496094 0.120633 0.415493
0 0.630779 0.937456 0.0399502 0.119343 0.375354
0 0.278274 0.427829 0.0495569 0.105418 0.26707
