0 0.222971 0.644093 0.050309 0.169547 0.78122
0 0.871948 0.842157 0.0339628 0.191873 0.77135
0 0.518833 0.714546 0.050708 0.165194 0.645701
0 0.573652 0.554859 0.0538404 0.142114 0.631214
0 0.43848 0.648551 0.0505676 0.165464 0.592164
0 0.633644 0.403592 0.0386445 0.142569 0.568192
0 0.833301 0.627593 0.0499859 0.171378 0.567873
0 0.417085 0.94619 0.0402075 0.104915 0.565196
0 0.745618 0.391605 0.02469 0.143068 0.543099
0 0.312244 0.843898 0.0396492 0.19646 0.48894
0 0.549766 0.451684 0.0343538 0.137551 0.467833
0 0.457431 0.952934 0.0398784 0.0929091 0.445666
0 0.484404 0.576543 0.048712 0.147979 0.435914
0 0.48742 0.967897 0.0373493 0.0642066 0.415306
32 0.843054 0.405248 0.0237022 0.0359951 0.341042
0 0.251505 0.461533 0.0454633 0.142348 0.296159
