0 0.503554 0.574143 0.334114 0.832725 0.909335
0 0.154489 0.580965 0.249957 0.712394 0.816056
0 0.745806 0.324037 0.106471 0.266003 0.49504
0 0.969044 0.697326 0.0608536 0.241507 0.460911
0 0.962854 0.479424 0.0737793 0.266672 0.357626
0 0.365779 0.504257 0.0764225 0.348155 0.345395
0 0.665848 0.456816 0.0859663 0.218467 0.341598
0 0.306441 0.58496 0.0966567 0.435282 0.339876
0 0.682936 0.66014 0.116372 0.306279 0.309641
0 0.802176 0.699187 0.0858982 0.217811 0.307982
0 0.764098 0.530191 0.127089 0.342026 0.2987
0 0.309003 0.353968 0.0915441 0.2217 0.284034
