0 0.423011 0.606607 0.052816 0.228523 0.777058
0 0.340906 0.780091 0.0655736 0.244294 0.766156
0 0.0897611 0.738721 0.0473268 0.238953 0.748865
0 0.668903 0.954971 0.042108 0.0900575 0.733347
0 0.565792 0.92185 0.0564028 0.152729 0.715965
0 0.530087 0.699153 0.045747 0.250782 0.714036
0 0.284673 0.509158 0.032198 0.197402 0.67034
0 0.574405 0.552431 0.0421823 0.165201 0.577095
0 0.224534 0.508647 0.0655 0.123235 0.532702
0 0.298627 0.419207 0.0399025 0.166878 0.525358
0 0.836515 0.531005 0.0308487 0.170989 0.448228
0 0.264303 0.425499 0.0418183 0.112893 0.382149
0 0.981507 0.941089 0.0363586 0.115198 0.339111
0 0.630275 0.97166 0.0383381 0.0566793 0.28669
