0 0.438554 0.837994 0.0590256 0.233302 0.779838
0 0.295092 0.955689 0.0421597 0.0886229 0.73318
0 0.862516 0.739203 0.0511799 0.204861 0.658275
0 0.613365 0.675638 0.0898241 0.190298 0.645578
0 0.243206 0.569932 0.0375486 0.152015 0.602853
0 0.493901 0.912865 0.0530348 0.17427 0.599874
0 0.462457 0.640892 0.0365777 0.188984 0.571339
0 0.401123 0.962733 0.0532574 0.0745349 0.52506
0 0.569791 0.943561 0.0420177 0.108572 0.507629
0 0.635788 0.457526 0.0506603 0.161385 0.452895
0 0.363639 0.55947 0.0445303 0.148508 0.440641
0 0.608806 0.94268 0.0489424 0.11246 0.418377
0 0.629625 0.675475 0.0377605 0.191269 0.315335
0 0.323499 0.484312 0.0332943 0.100236 0.264121
