0 0.544392 0.550022 0.350299 0.879057 0.886991
0 0.817307 0.546334 0.115931 0.335344 0.761803
0 0.784494 0.359966 0.124925 0.275426 0.632959
0 0.353075 0.54665 0.216344 0.897276 0.546178
0 0.0780991 0.394251 0.106657 0.279118 0.509768
0 0.207411 0.473999 0.0969615 0.276089 0.505077
0 0.947245 0.58731 0.101651 0.248843 0.474627
0 0.252418 0.19459 0.161317 0.252662 0.464233
0 0.710753 0.196484 0.130228 0.296532 0.44969
34 0.235486 0.620333 0.117515 0.357129 0.404297
0 0.147379 0.415983 0.109892 0.381844 0.341553
0 0.594723 0.280505 0.0546781 0.100046 0.291711
0 0.897975 0.173002 0.122718 0.291871 0.286077
0 0.900826 0.450394 0.137678 0.473337 0.273081
