0 0.405277 0.936301 0.0399408 0.127268 0.738795
0 0.296199 0.957107 0.0474508 0.0857856 0.670304
0 0.592689 0.898101 0.0395563 0.192341 0.627676
0 0.288798 0.419667 0.0358603 0.126648 0.618723
0 0.465823 0.824653 0.0551615 0.204818 0.550376
0 0.693473 0.744775 0.0578815 0.176459 0.483003
0 0.753775 0.471215 0.0307018 0.152107 0.458505
0 0.532515 0.943108 0.0501677 0.109034 0.437808
0 0.431433 0.554023 0.0497552 0.119732 0.429295
0 0.694406 0.617113 0.0531645 0.148085 0.411102
0 0.353513 0.53441 0.0449105 0.116645 0.401896
0 0.581926 0.651946 0.0634191 0.172018 0.398233
0 0.698804 0.931657 0.0482063 0.130119 0.330465
0 0.569104 0.631402 0.0380529 0.127175 0.300524
0 0.40116 0.442835 0.0370068 0.0841699 0.289361
0 0.486688 0.970953 0.034593 0.0580945 0.28678
0 0.910108 0.965315 0.0422432 0.0693707 0.282914
0 0.661015 0.931478 0.0380941 0.125476 0.266367
