0 0.455374 0.922393 0.0378172 0.155213 0.752875
0 0.354377 0.940392 0.0448083 0.119217 0.700469
0 0.535883 0.653457 0.033563 0.178768 0.621291
0 0.645781 0.593376 0.0458943 0.133891 0.615394
0 0.774159 0.465708 0.0247677 0.139924 0.587388
0 0.294289 0.538659 0.0352692 0.117926 0.547835
0 0.448525 0.523485 0.0342167 0.152807 0.545803
0 0.397269 0.843455 0.0413309 0.187355 0.477472
0 0.628248 0.869643 0.0417994 0.182347 0.452288
0 0.532692 0.955744 0.0352871 0.0885113 0.423918
0 0.392205 0.453666 0.0340516 0.11095 0.414812
0 0.593398 0.709901 0.050573 0.173182 0.395553
0 0.574624 0.955561 0.0486272 0.0888775 0.344525
0 0.499552 0.962331 0.0406803 0.0753386 0.293571
