0 0.578376 0.8056 0.0661858 0.22072 0.801507
0 0.925486 0.893674 0.0453522 0.211345 0.761847
0 0.277905 0.682492 0.0417274 0.190085 0.69341
0 0.465915 0.682788 0.0400705 0.194641 0.665016
0 0.389401 0.968204 0.0381161 0.063591 0.563065
0 0.292469 0.486557 0.0348701 0.159209 0.559085
0 0.627657 0.600715 0.0454296 0.181001 0.53587
0 0.761786 0.600361 0.0427359 0.134027 0.502545
0 0.450895 0.977273 0.0329577 0.0454549 0.483026
0 0.609095 0.472637 0.0308472 0.122499 0.450863
0 0.762914 0.432674 0.0278601 0.142584 0.434448
0 0.250152 0.945349 0.0752435 0.108827 0.377025
0 0.33202 0.891866 0.0386847 0.201135 0.346432
0 0.661577 0.425886 0.0336855 0.124866 0.338627
32 0.787488 0.417736 0.0196255 0.0336879 0.330808
0 0.0890833 0.964673 0.0424032 0.0706543 0.329928
0 0.533976 0.370944 0.0278879 0.0956501 0.312605
