0 0.109285 0.471031 0.0310529 0.144615 0.767233
0 0.482349 0.593583 0.0376171 0.158921 0.737833
0 0.424818 0.459806 0.0343525 0.214399 0.730946
0 0.168503 0.529238 0.0354549 0.143514 0.691691
0 0.733523 0.611399 0.0445456 0.181691 0.677487
0 0.457512 0.453246 0.0229853 0.141449 0.59992
0 0.427908 0.955137 0.0466393 0.0897269 0.579018
0 0.482186 0.814818 0.0405955 0.192469 0.567698
0 0.334494 0.972614 0.0387569 0.0547721 0.467481
0 0.466645 0.947359 0.0374712 0.105223 0.364901
0 0.711073 0.860558 0.0389627 0.0875141 0.283481
0 0.628583 0.867214 0.0444646 0.113675 0.264392
