0 0.317957 0.563377 0.163073 0.621647 0.901726
0 0.0411173 0.576472 0.0822346 0.657303 0.859736
0 0.793507 0.602132 0.279884 0.623543 0.848803
0 0.612295 0.610187 0.15804 0.58586 0.650868
0 0.459242 0.618823 0.220364 0.664427 0.552376
0 0.92892 0.36206 0.0820675 0.209499 0.526151
0 0.167607 0.431116 0.068795 0.221039 0.495661
0 0.215611 0.407803 0.0639686 0.234133 0.466053
0 0.673732 0.108124 0.0755348 0.154177 0.414675
0 0.666433 0.557647 0.138523 0.671915 0.401754
0 0.896685 0.218902 0.0645731 0.168918 0.313296
0 0.0766237 0.448404 0.0732278 0.194388 0.297037
0 0.95798 0.229955 0.0624737 0.177257 0.291482
0 0.743992 0.10754 0.0755221 0.152078 0.270134
