0 0.0502697 0.777015 0.0429074 0.167604 0.791282
0 0.363012 0.945636 0.0435904 0.108728 0.78173
0 0.818214 0.760808 0.0329037 0.205569 0.738873
0 0.488142 0.824467 0.0515659 0.224792 0.698041
0 0.554114 0.671315 0.0455845 0.206392 0.667921
0 0.248296 0.969066 0.0439446 0.0618678 0.653371
0 0.276549 0.434724 0.0459711 0.106098 0.63155
0 0.559919 0.906679 0.0401041 0.186642 0.598891
0 0.472364 0.951294 0.0513258 0.0974126 0.559209
0 0.705118 0.662287 0.0301592 0.171803 0.549982
0 0.353676 0.555358 0.0378883 0.134624 0.497942
0 0.327323 0.559622 0.0453079 0.167027 0.485649
0 0.447469 0.479073 0.0614794 0.227512 0.479932
0 0.668496 0.938831 0.0487335 0.121943 0.416174
0 0.628327 0.938778 0.0405075 0.118979 0.366211
