0 0.834694 0.667856 0.0279434 0.176186 0.807996
0 0.769467 0.468536 0.0321406 0.136125 0.69714
0 0.197524 0.446726 0.0451765 0.156749 0.625042
0 0.577174 0.678195 0.042177 0.196497 0.611562
0 0.570032 0.478396 0.0359064 0.140481 0.532524
0 0.367168 0.665978 0.0436093 0.18582 0.483065
0 0.329448 0.654216 0.0585564 0.150958 0.418525
0 0.388049 0.879298 0.0408031 0.199187 0.357874
0 0.434453 0.958187 0.0368742 0.0836262 0.331346
0 0.387485 0.540648 0.0344556 0.158745 0.271275
0 0.526765 0.56634 0.0345888 0.159942 0.250452
