0 0.95237 0.607844 0.0234892 0.161843 0.772855
0 0.801483 0.540957 0.0289351 0.174072 0.53519
0 0.41029 0.893779 0.0456079 0.199043 0.527091
0 0.603922 0.598611 0.0432879 0.138652 0.485783
0 0.572287 0.745605 0.0400424 0.173517 0.454264
0 0.37384 0.565353 0.0447207 0.165999 0.385261
0 0.435019 0.610219 0.0547079 0.198843 0.364777
0 0.222755 0.464399 0.0426502 0.158935 0.349722
0 0.595116 0.498458 0.0517229 0.11004 0.304724
0 0.49104 0.970783 0.0355187 0.0584335 0.296768
0 0.456318 0.966881 0.0368092 0.0662377 0.283038
0 0.382059 0.551221 0.0251104 0.12959 0.275902
0 0.522588 0.500604 0.0451529 0.107946 0.271725
17 0.49435 0.582086 0.0609173 0.149013 0.256984
0 0.00756001 0.554389 0.0149956 0.161964 0.254533
