0 0.436631 0.837846 0.058629 0.231637 0.791655
0 0.296337 0.955183 0.0420645 0.0896343 0.738171
0 0.613674 0.674448 0.0884974 0.188308 0.663304
0 0.498837 0.91196 0.0424889 0.176081 0.642238
0 0.86305 0.739444 0.0504 0.206887 0.641425
0 0.46442 0.627454 0.0301991 0.164368 0.621401
0 0.572496 0.944229 0.0454815 0.108111 0.560108
0 0.241283 0.579204 0.03959 0.135091 0.553081
0 0.40354 0.965638 0.0485024 0.0687232 0.548695
0 0.636342 0.456309 0.0518601 0.165404 0.517236
0 0.36458 0.560864 0.0443751 0.141759 0.479962
0 0.610561 0.942243 0.0495457 0.111685 0.446519
0 0.632654 0.673634 0.0366021 0.192949 0.327653
0 0.323609 0.478131 0.0349292 0.0897602 0.299538
0 0.372243 0.391211 0.044901 0.10903 0.259437
