0 0.947774 0.896566 0.0529984 0.206867 0.838906
0 0.594715 0.816913 0.0598829 0.225559 0.80264
0 0.306229 0.688671 0.043582 0.19724 0.784651
0 0.338777 0.899927 0.0435033 0.194037 0.717892
0 0.484289 0.682443 0.0359781 0.187445 0.68709
32 0.811031 0.421929 0.0219284 0.0383969 0.661185
0 0.770395 0.439624 0.0357988 0.147904 0.629461
0 0.626537 0.497723 0.0364275 0.196436 0.530086
0 0.254694 0.954245 0.0743307 0.088286 0.525821
32 0.167715 0.520712 0.0177289 0.0435964 0.451559
0 0.755583 0.54169 0.0614503 0.17489 0.450517
0 0.394129 0.97614 0.0326252 0.0477192 0.437831
0 0.662423 0.544768 0.0519713 0.247206 0.421268
0 0.518705 0.345368 0.0252223 0.115447 0.400719
0 0.381439 0.396937 0.0262791 0.124722 0.322382
0 0.299094 0.480899 0.0380797 0.149925 0.32106
