0 0.477367 0.576862 0.30238 0.826499 0.915097
0 0.130612 0.60814 0.260333 0.757949 0.914901
0 0.656888 0.657186 0.0933445 0.303146 0.562074
0 0.712126 0.317063 0.106615 0.267679 0.550158
0 0.330224 0.453619 0.0810897 0.240141 0.522902
0 0.265308 0.363342 0.100481 0.230837 0.448932
0 0.944983 0.523897 0.109053 0.374438 0.438017
0 0.725871 0.528818 0.121769 0.351717 0.365517
0 0.624649 0.467939 0.0971628 0.224492 0.35714
0 0.751525 0.696659 0.111737 0.229629 0.333585
0 0.262711 0.486673 0.0804232 0.23773 0.315175
0 0.266273 0.643224 0.0884283 0.322413 0.303736
0 0.950624 0.702702 0.0978958 0.225796 0.278525
0 0.841546 0.489429 0.104656 0.334865 0.273645
0 0.553222 0.328584 0.108589 0.299535 0.264505
