0 0.0901044 0.64712 0.179983 0.687915 0.903992
0 0.3886 0.590902 0.249831 0.800482 0.894693
0 0.84102 0.574414 0.237095 0.832481 0.88557
0 0.714582 0.33242 0.0944944 0.250514 0.572774
0 0.546687 0.468243 0.105034 0.251927 0.540279
0 0.623945 0.642803 0.109163 0.346666 0.414978
0 0.470167 0.33416 0.0988622 0.247116 0.379417
0 0.202851 0.451661 0.11163 0.252942 0.373167
0 0.135514 0.348548 0.0875872 0.352207 0.350416
0 0.20432 0.623029 0.0963586 0.343808 0.344462
0 0.543675 0.652541 0.0838539 0.322483 0.328697
0 0.968309 0.427567 0.0628792 0.182128 0.321596
0 0.968892 0.730826 0.0614063 0.514648 0.308205
0 0.282991 0.372618 0.0820117 0.386466 0.260421
0 0.0478665 0.296501 0.0957329 0.287723 0.251401
0 0.0901044 0.64712 0.179983 0.687915 0.903992
0 0.3886 0.590902 0.249831 0.800482 0.894693
0 0.84102 0.574414 0.237095 0.832481 0.88557
0 0.714582 0.33242 0.0944944 0.250514 0.572774
0 0.546687 0.468243 0.105034 0.251927 0.540279
0 0.623945 0.642803 0.109163 0.346666 0.414978
0 0.470167 0.33416 0.0988622 0.247116 0.379417
0 0.202851 0.451661 0.11163 0.252942 0.373167
0 0.135514 0.348548 0.0875872 0.352207 0.350416
0 0.20432 0.623029 0.0963586 0.343808 0.344462
0 0.543675 0.652541 0.0838539 0.322483 0.328697
0 0.968309 0.427567 0.0628792 0.182128 0.321596
0 0.968892 0.730826 0.0614063 0.514648 0.308205
0 0.282991 0.372618 0.0820117 0.386466 0.260421
0 0.0478665 0.296501 0.0957329 0.287723 0.251401
