0 0.558383 0.786374 0.0656553 0.22266 0.824216
0 0.297428 0.882875 0.0900932 0.229947 0.777975
0 0.440391 0.778078 0.0504137 0.235243 0.744233
0 0.398117 0.93385 0.0498894 0.132301 0.647752
0 0.864715 0.944383 0.0602043 0.104262 0.584497
0 0.717187 0.568126 0.048823 0.219261 0.542033
0 0.695246 0.540131 0.0353491 0.173689 0.501303
0 0.105798 0.972999 0.0384216 0.0540019 0.439738
0 0.0134957 0.962217 0.026863 0.0653229 0.402939
0 0.861512 0.712512 0.0539902 0.188556 0.392233
0 0.813924 0.442228 0.0466234 0.13822 0.373119
0 0.285118 0.476714 0.0495162 0.176893 0.366939
0 0.736216 0.50508 0.0376143 0.110531 0.299349
