0 0.860351 0.822181 0.0356184 0.185892 0.82841
0 0.230705 0.628862 0.0400595 0.176889 0.813813
0 0.734831 0.374354 0.0274532 0.132094 0.62899
0 0.249384 0.436499 0.0445612 0.157759 0.553115
0 0.54918 0.741158 0.0429777 0.206298 0.552387
0 0.405724 0.939104 0.0459117 0.120682 0.544718
0 0.431459 0.64762 0.0463237 0.152658 0.538329
0 0.481326 0.542855 0.0406767 0.155489 0.532113
0 0.30179 0.826737 0.0388559 0.197693 0.49574
0 0.479103 0.959437 0.0412263 0.0810849 0.46643
0 0.510462 0.467557 0.0285692 0.13115 0.451638
0 0.623763 0.377971 0.0329855 0.121361 0.438316
0 0.332041 0.348183 0.0248495 0.10749 0.407021
0 0.829579 0.604225 0.0326313 0.163289 0.384713
0 0.62652 0.525462 0.0351175 0.137553 0.345771
30 0.854787 0.917856 0.0359447 0.0293744 0.317441
0 0.572427 0.97742 0.0255917 0.0451597 0.309234
0 0.349231 0.93646 0.0649374 0.123289 0.285786
