0 0.439473 0.924716 0.0557837 0.150567 0.727929
0 0.663948 0.668434 0.0468956 0.208506 0.716255
0 0.371513 0.813259 0.0860574 0.193778 0.685546
0 0.456804 0.665843 0.062686 0.219952 0.679369
0 0.130634 0.482768 0.0417686 0.167969 0.679211
0 0.221078 0.61383 0.0380343 0.187571 0.604557
0 0.276857 0.517249 0.0388478 0.181306 0.596029
0 0.919759 0.720735 0.0487843 0.194454 0.582672
0 0.55135 0.957796 0.0454691 0.0844086 0.581423
0 0.512818 0.960748 0.0420564 0.0785035 0.542255
0 0.348737 0.609963 0.037515 0.138811 0.424701
0 0.295591 0.389162 0.0290506 0.1164 0.386605
0 0.319351 0.529406 0.0323332 0.148145 0.344877
0 0.603797 0.951761 0.0469053 0.0963616 0.326464
0 0.534002 0.372731 0.0254612 0.116512 0.285249
0 0.638393 0.936464 0.0594028 0.122487 0.260021
