0 0.866762 0.833056 0.0341084 0.199977 0.827236
0 0.222824 0.636142 0.0588954 0.168515 0.813698
0 0.443804 0.659471 0.0467227 0.174668 0.652351
0 0.521758 0.710342 0.062567 0.170533 0.621215
0 0.630829 0.399478 0.0406075 0.151382 0.620083
0 0.740759 0.383926 0.0289048 0.1382 0.612643
0 0.834637 0.618593 0.0452148 0.176331 0.580026
0 0.41195 0.941808 0.0423638 0.113669 0.559802
0 0.484108 0.962691 0.0408739 0.0746172 0.475519
0 0.45134 0.946299 0.0441582 0.0995473 0.410689
0 0.591297 0.531515 0.0561538 0.171732 0.384631
0 0.473887 0.546241 0.0408609 0.115995 0.347568
0 0.307494 0.834089 0.0384182 0.198405 0.335023
0 0.249281 0.441436 0.0534119 0.158275 0.259434
0 0.353177 0.937201 0.0541162 0.123963 0.256461
