0 0.854192 0.823447 0.0390848 0.196256 0.848127
0 0.238217 0.62221 0.0384574 0.185838 0.725257
0 0.409272 0.638239 0.042826 0.182828 0.656591
0 0.735106 0.371028 0.026704 0.139746 0.6497
0 0.568743 0.820476 0.0486834 0.230973 0.603077
0 0.642106 0.530982 0.0330154 0.141973 0.594963
0 0.468004 0.53154 0.0424618 0.146148 0.587081
0 0.474322 0.958809 0.0440836 0.0818464 0.546294
0 0.562229 0.456076 0.0387955 0.12865 0.542023
0 0.828362 0.574972 0.0479908 0.147468 0.534058
0 0.566764 0.975448 0.0335546 0.0491043 0.530515
0 0.25046 0.426099 0.0343384 0.147392 0.50571
0 0.296308 0.824228 0.0381408 0.197231 0.493856
0 0.401437 0.93858 0.0425784 0.122841 0.468159
0 0.326555 0.345209 0.0246453 0.107387 0.427111
0 0.518356 0.511431 0.0376066 0.100376 0.395932
0 0.619669 0.387597 0.0361282 0.135687 0.386547
