0 0.449991 0.59828 0.0339046 0.17276 0.779347
0 0.444205 0.919179 0.0457376 0.161642 0.741853
0 0.950429 0.626834 0.060252 0.185811 0.693769
0 0.539496 0.72046 0.0370498 0.164322 0.685144
0 0.636355 0.560476 0.0349794 0.178787 0.650539
0 0.0527907 0.608048 0.0353418 0.172177 0.647776
0 0.497222 0.611501 0.0421453 0.15457 0.602455
0 0.320948 0.957105 0.0351906 0.0855265 0.577618
0 0.578097 0.51254 0.0310028 0.135048 0.552823
0 0.285719 0.948677 0.0439989 0.102397 0.522069
0 0.661542 0.566663 0.0426758 0.16346 0.437038
0 0.587813 0.680749 0.0498106 0.177635 0.369994
0 0.355705 0.964363 0.0378199 0.0700836 0.313667
