0 0.350467 0.908166 0.0454086 0.182715 0.790308
0 0.793877 0.441045 0.0355749 0.158393 0.776327
0 0.622326 0.838725 0.0589273 0.2253 0.765657
0 0.498762 0.701262 0.0520479 0.221179 0.68107
0 0.344165 0.701155 0.0423486 0.207308 0.672923
0 0.693929 0.58839 0.0418321 0.184456 0.64126
0 0.727832 0.60792 0.0440269 0.162241 0.63869
0 0.30504 0.497076 0.0425589 0.168872 0.583223
0 0.325328 0.971386 0.0443512 0.0572271 0.551364
32 0.849486 0.423113 0.0226154 0.0404755 0.459669
0 0.269777 0.962943 0.0612201 0.0741133 0.439141
0 0.641899 0.505035 0.0343388 0.205678 0.378088
0 0.520463 0.352506 0.0408573 0.0915924 0.374489
0 0.112892 0.957328 0.0408764 0.08223 0.373219
32 0.176313 0.524877 0.0193664 0.0464723 0.368523
