0 0.366217 0.584965 0.196144 0.813296 0.907954
0 0.581581 0.553862 0.189637 0.87767 0.902091
0 0.824834 0.588026 0.190547 0.808888 0.893204
0 0.0289283 0.577623 0.0578566 0.83377 0.567007
0 0.223267 0.516488 0.0947627 0.264154 0.497231
0 0.171548 0.376367 0.0719101 0.217563 0.426014
0 0.316449 0.318285 0.078144 0.145404 0.416158
0 0.776586 0.279126 0.08588 0.229022 0.385824
56 0.496883 0.364755 0.0565882 0.10388 0.347513
0 0.971254 0.353607 0.0569544 0.202163 0.301393
0 0.258671 0.393844 0.0581449 0.182848 0.290615
0 0.974605 0.513494 0.0502502 0.232841 0.26158
0 0.366217 0.584965 0.196144 0.813296 0.907954
0 0.581581 0.553862 0.189637 0.87767 0.902091
0 0.824834 0.588026 0.190547 0.808888 0.893204
0 0.0289283 0.577623 0.0578566 0.83377 0.567007
0 0.223267 0.516488 0.0947627 0.264154 0.497231
0 0.171548 0.376367 0.0719101 0.217563 0.426014
0 0.316449 0.318285 0.078144 0.145404 0.416158
0 0.776586 0.279126 0.08588 0.229022 0.385824
56 0.496883 0.364755 0.0565882 0.10388 0.347513
0 0.971254 0.353607 0.0569544 0.202163 0.301393
0 0.258671 0.393844 0.0581449 0.182848 0.290615
0 0.974605 0.513494 0.0502502 0.232841 0.26158
