0 0.413968 0.948038 0.0390646 0.103925 0.808981
0 0.61584 0.833207 0.0582378 0.223706 0.767637
0 0.802977 0.548956 0.0618664 0.185654 0.705749
0 0.512276 0.841274 0.0474632 0.240929 0.68644
0 0.744131 0.545092 0.043149 0.210749 0.6621
0 0.716875 0.579487 0.0325245 0.200371 0.645846
0 0.478869 0.952789 0.060145 0.0941976 0.521958
0 0.474838 0.404747 0.0543828 0.136567 0.412795
0 0.926697 0.459664 0.0418062 0.144737 0.370332
0 0.0261664 0.472912 0.0522931 0.155593 0.318799
0 0.261692 0.98285 0.0293447 0.034299 0.279944
0 0.295578 0.490764 0.051749 0.124795 0.262034
