0 0.450207 0.647633 0.0384008 0.176837 0.852642
0 0.0839242 0.630019 0.0288461 0.170401 0.744723
0 0.582588 0.741129 0.0445357 0.164476 0.671442
0 0.280673 0.959805 0.0399604 0.0803899 0.64734
0 0.478426 0.93456 0.0402281 0.129248 0.633987
0 0.668203 0.554733 0.0330091 0.164735 0.620258
0 0.241218 0.958833 0.0437786 0.0819946 0.556173
0 0.721939 0.549515 0.0347143 0.145323 0.532229
0 0.324236 0.962899 0.0362598 0.0742015 0.529267
0 0.575245 0.602986 0.0300163 0.180016 0.480026
0 0.627296 0.503361 0.0402882 0.148714 0.418278
0 0.356111 0.970278 0.0349927 0.0594449 0.370412
0 0.0736675 0.948322 0.0619692 0.101435 0.323342
0 0.745924 0.655807 0.0521884 0.189767 0.285668
