0 0.637049 0.943465 0.059654 0.11307 0.860495
0 0.498114 0.729159 0.0741039 0.271426 0.820043
0 0.604391 0.716574 0.0701109 0.208379 0.804024
0 0.717328 0.491967 0.110147 0.175509 0.790134
0 0.288727 0.423123 0.0523627 0.177841 0.768526
0 0.411138 0.717632 0.0671072 0.236604 0.712187
0 0.923375 0.603906 0.0416317 0.211378 0.659992
0 0.203019 0.424655 0.0525474 0.140297 0.624557
0 0.163074 0.356302 0.0377841 0.143271 0.574315
0 0.183638 0.659686 0.0616966 0.245677 0.445099
0 0.146847 0.518707 0.0443259 0.147972 0.419215
