0 0.519236 0.65677 0.234114 0.668767 0.890683
0 0.0809313 0.579164 0.161863 0.822846 0.886755
0 0.804575 0.585479 0.206066 0.81209 0.850905
0 0.253208 0.630197 0.097095 0.282108 0.594662
0 0.686108 0.630443 0.117737 0.308037 0.445728
0 0.217901 0.42865 0.0928673 0.236224 0.423705
0 0.602739 0.454842 0.09873 0.27295 0.423298
0 0.35682 0.313341 0.093107 0.269797 0.412195
0 0.867706 0.324261 0.0962738 0.256593 0.410036
0 0.186117 0.61789 0.0713707 0.305994 0.401864
0 0.946269 0.462538 0.102252 0.26941 0.383405
0 0.43401 0.333962 0.110708 0.365211 0.362956
0 0.209608 0.325528 0.105806 0.203985 0.289897
0 0.605543 0.302309 0.0857284 0.223237 0.276982
0 0.93539 0.595054 0.0736044 0.224388 0.264937
0 0.519236 0.65677 0.234114 0.668767 0.890683
0 0.0809313 0.579164 0.161863 0.822846 0.886755
0 0.804575 0.585479 0.206066 0.81209 0.850905
0 0.253208 0.630197 0.097095 0.282108 0.594662
0 0.686108 0.630443 0.117737 0.308037 0.445728
0 0.217901 0.42865 0.0928673 0.236224 0.423705
0 0.602739 0.454842 0.09873 0.27295 0.423298
0 0.35682 0.313341 0.093107 0.269797 0.412195
0 0.867706 0.324261 0.0962738 0.256593 0.410036
0 0.186117 0.61789 0.0713707 0.305994 0.401864
0 0.946269 0.462538 0.102252 0.26941 0.383405
0 0.43401 0.333962 0.110708 0.365211 0.362956
0 0.209608 0.325528 0.105806 0.203985 0.289897
0 0.605543 0.302309 0.0857284 0.223237 0.276982
0 0.93539 0.595054 0.0736044 0.224388 0.264937
