0 0.247394 0.853576 0.0712775 0.196873 0.800754
0 0.551765 0.748618 0.0480199 0.233869 0.781941
0 0.390886 0.927581 0.044473 0.144839 0.77826
0 0.416621 0.778583 0.0563071 0.223845 0.718662
0 0.71282 0.583953 0.044082 0.182572 0.707202
0 0.809054 0.932346 0.0603296 0.132048 0.703166
0 0.687938 0.532292 0.0333792 0.189516 0.634458
0 0.884869 0.478242 0.0642284 0.175863 0.574152
0 0.77004 0.441366 0.0475497 0.121202 0.542484
0 0.107672 0.96997 0.043284 0.0595215 0.506537
0 0.281143 0.473927 0.0596364 0.187589 0.39898
0 0.016414 0.96011 0.0326561 0.0731208 0.252494
