0 0.909462 0.620557 0.0615307 0.184502 0.789753
0 0.446092 0.584663 0.0341169 0.171425 0.747699
0 0.437986 0.916839 0.0490625 0.166323 0.739768
0 0.0426207 0.605672 0.0295773 0.168726 0.705317
0 0.559368 0.519616 0.0254589 0.137506 0.66213
0 0.476334 0.603901 0.0368675 0.16793 0.62015
0 0.532145 0.655928 0.0520286 0.25063 0.584116
0 0.62148 0.545845 0.0277254 0.148942 0.578942
0 0.636959 0.57965 0.0476919 0.133217 0.532654
0 0.314529 0.953956 0.0405432 0.0920522 0.53223
0 0.28142 0.94392 0.0447901 0.109587 0.451907
0 0.919598 0.920671 0.0739895 0.151916 0.417544
0 0.348642 0.960462 0.0399205 0.0773624 0.358553
