0 0.356068 0.585181 0.19806 0.812046 0.905305
0 0.577439 0.554519 0.190827 0.87536 0.89696
0 0.812782 0.585493 0.183309 0.809546 0.886263
0 0.0249799 0.585743 0.0499599 0.81895 0.500874
0 0.160441 0.367573 0.0791468 0.226146 0.49333
0 0.769083 0.279058 0.0837036 0.225621 0.458593
0 0.212493 0.515653 0.094475 0.263382 0.429428
0 0.966774 0.350147 0.065929 0.228523 0.371318
0 0.928354 0.501944 0.0737671 0.253068 0.313052
0 0.90741 0.354794 0.0774796 0.201696 0.310732
0 0.309027 0.320489 0.0788157 0.149861 0.302274
0 0.356068 0.585181 0.19806 0.812046 0.905305
0 0.577439 0.554519 0.190827 0.87536 0.89696
0 0.812782 0.585493 0.183309 0.809546 0.886263
0 0.0249799 0.585743 0.0499599 0.81895 0.500874
0 0.160441 0.367573 0.0791468 0.226146 0.49333
0 0.769083 0.279058 0.0837036 0.225621 0.458593
0 0.212493 0.515653 0.094475 0.263382 0.429428
0 0.966774 0.350147 0.065929 0.228523 0.371318
0 0.928354 0.501944 0.0737671 0.253068 0.313052
0 0.90741 0.354794 0.0774796 0.201696 0.310732
0 0.309027 0.320489 0.0788157 0.149861 0.302274
