0 0.331315 0.946238 0.0468243 0.107524 0.721376
0 0.674697 0.602549 0.0345829 0.145632 0.712682
0 0.435375 0.928288 0.0391607 0.143425 0.710121
0 0.560628 0.655898 0.0642393 0.166605 0.617187
0 0.642602 0.716888 0.0408743 0.168146 0.591753
0 0.315494 0.522777 0.0499561 0.122615 0.538252
0 0.421315 0.814408 0.0431435 0.163501 0.532142
0 0.613755 0.880886 0.0401043 0.1888 0.517455
0 0.389566 0.45717 0.0383071 0.12182 0.47555
0 0.51433 0.961215 0.034503 0.0775703 0.466994
0 0.569806 0.939211 0.0464602 0.121578 0.427218
0 0.766854 0.466928 0.0243414 0.154446 0.425787
0 0.481068 0.555569 0.0358381 0.129495 0.414303
0 0.477973 0.402697 0.0252844 0.119826 0.413714
0 0.290241 0.447094 0.0424737 0.0961914 0.408536
0 0.482774 0.968839 0.0363034 0.0623226 0.37447
