0 0.605988 0.711107 0.0838646 0.242847 0.883939
0 0.37629 0.742408 0.0779148 0.261497 0.87759
0 0.462472 0.720569 0.0842878 0.263662 0.867637
0 0.653471 0.94622 0.0571707 0.107561 0.822122
0 0.748812 0.464848 0.0579914 0.23496 0.8171
0 0.183846 0.464881 0.0745348 0.220318 0.798267
0 0.264924 0.420482 0.0412493 0.18847 0.783409
0 0.897942 0.644044 0.0559793 0.182354 0.762986
0 0.0914814 0.39461 0.0476018 0.191395 0.722388
0 0.095467 0.710554 0.0479772 0.265241 0.639272
0 0.0185043 0.578043 0.0369513 0.132701 0.315992
0 0.818522 0.269746 0.0446856 0.0858751 0.307327
0 0.160985 0.212876 0.0292971 0.0677633 0.25687
