0 0.510682 0.635925 0.0666098 0.20049 0.781682
0 0.271754 0.668912 0.0742985 0.208633 0.759535
0 0.555775 0.706812 0.0952129 0.1001 0.752401
0 0.675087 0.501982 0.0660062 0.205204 0.750462
0 0.806419 0.512262 0.0350262 0.171147 0.729527
0 0.400452 0.714224 0.0540168 0.225374 0.724198
0 0.560882 0.912023 0.0552107 0.175955 0.723006
0 0.674417 0.692576 0.0731976 0.209059 0.696227
0 0.403084 0.572515 0.0742098 0.203578 0.639644
0 0.251079 0.467707 0.0446541 0.166064 0.580725
0 0.66369 0.943854 0.0467624 0.112292 0.527055
0 0.305422 0.442163 0.0373212 0.198633 0.518504
0 0.626719 0.961443 0.0407047 0.0771133 0.465079
0 0.586749 0.969539 0.0456572 0.0609212 0.437281
32 0.641468 0.747861 0.0173182 0.0299988 0.428162
0 0.522439 0.971332 0.0427175 0.0573359 0.370407
0 0.277903 0.464897 0.0360166 0.151773 0.29313
