0 0.302725 0.579272 0.198858 0.823887 0.890871
0 0.668223 0.650063 0.256079 0.68379 0.888182
0 0.956787 0.58994 0.085919 0.804756 0.759526
0 0.47971 0.62706 0.099365 0.279988 0.563169
0 0.75242 0.336374 0.100637 0.336659 0.426814
0 0.442401 0.413626 0.0921411 0.201065 0.423597
0 0.827829 0.430035 0.101002 0.236058 0.347466
0 0.0662151 0.439968 0.0953504 0.257604 0.325628
0 0.143442 0.495076 0.0994286 0.288262 0.320023
0 0.116115 0.623731 0.106489 0.255584 0.318744
0 0.564431 0.613455 0.105123 0.323606 0.315155
0 0.580271 0.309647 0.0964314 0.272525 0.306386
0 0.437298 0.323602 0.105027 0.197328 0.297382
0 0.9037 0.626335 0.107738 0.317637 0.288798
0 0.0215479 0.449654 0.0430958 0.27297 0.282552
0 0.526023 0.426507 0.0822523 0.197345 0.275713
35 0.240204 0.752553 0.0747482 0.126907 0.272923
0 0.0512107 0.571945 0.0875214 0.20786 0.269808
0 0.302725 0.579272 0.198858 0.823887 0.890871
0 0.668223 0.650063 0.256079 0.68379 0.888182
0 0.956787 0.58994 0.085919 0.804756 0.759526
0 0.47971 0.62706 0.099365 0.279988 0.563169
0 0.75242 0.336374 0.100637 0.336659 0.426814
0 0.442401 0.413626 0.0921411 0.201065 0.423597
0 0.827829 0.430035 0.101002 0.236058 0.347466
0 0.0662151 0.439968 0.0953504 0.257604 0.325628
0 0.143442 0.495076 0.0994286 0.288262 0.320023
0 0.116115 0.623731 0.106489 0.255584 0.318744
0 0.564431 0.613455 0.105123 0.323606 0.315155
0 0.580271 0.309647 0.0964314 0.272525 0.306386
0 0.437298 0.323602 0.105027 0.197328 0.297382
0 0.9037 0.626335 0.107738 0.317637 0.288798
0 0.0215479 0.449654 0.0430958 0.27297 0.282552
0 0.526023 0.426507 0.0822523 0.197345 0.275713
35 0.240204 0.752553 0.0747482 0.126907 0.272923
0 0.0512107 0.571945 0.0875214 0.20786 0.269808
