0 0.420186 0.932562 0.0411253 0.134877 0.764741
0 0.314231 0.951711 0.0471226 0.0965772 0.736123
0 0.694458 0.615897 0.0487892 0.164345 0.722309
0 0.5638 0.649127 0.0423498 0.180096 0.693007
0 0.661376 0.735194 0.0505812 0.186693 0.691618
0 0.337442 0.520742 0.0363708 0.117084 0.607225
0 0.554114 0.94447 0.0446876 0.11106 0.577831
0 0.604654 0.891619 0.0377882 0.193067 0.568232
0 0.437025 0.809002 0.0387702 0.16739 0.499365
0 0.286099 0.41814 0.0272333 0.13018 0.462433
0 0.501271 0.966072 0.0353943 0.0678551 0.450186
0 0.761258 0.465736 0.0287418 0.15122 0.44014
0 0.449783 0.562129 0.0558628 0.109548 0.41262
0 0.394393 0.454415 0.033415 0.130954 0.408179
0 0.474841 0.405605 0.0297116 0.10559 0.356819
0 0.708078 0.921013 0.045332 0.122636 0.292798
0 0.672029 0.922725 0.0404575 0.126321 0.275707
