0 0.258856 0.550726 0.119967 0.658692 0.859411
0 0.782414 0.575886 0.202022 0.672891 0.816592
0 0.435482 0.595968 0.173378 0.679657 0.796514
0 0.581944 0.613705 0.189838 0.620328 0.784887
0 0.0219509 0.766993 0.043781 0.299382 0.722299
0 0.514875 0.442045 0.088371 0.452477 0.687491
0 0.356864 0.594783 0.177328 0.736188 0.682433
0 0.0746196 0.448457 0.0890082 0.196532 0.631269
0 0.685571 0.558432 0.145327 0.668693 0.606259
0 0.169349 0.433371 0.0704844 0.224166 0.572772
0 0.929483 0.364205 0.0820068 0.211809 0.495652
0 0.032182 0.369066 0.064364 0.20453 0.448474
0 0.676417 0.108972 0.0737221 0.158372 0.387179
0 0.023722 0.464243 0.0472549 0.162969 0.362501
0 0.897988 0.21764 0.0639854 0.165744 0.354482
0 0.958746 0.230865 0.0630232 0.17832 0.305625
0 0.745145 0.116459 0.0747958 0.141274 0.266087
