0 0.398185 0.571345 0.0720075 0.212075 0.860576
0 0.601056 0.643741 0.0609917 0.215063 0.774358
0 0.365545 0.722542 0.091668 0.169264 0.721595
0 0.544654 0.905467 0.0403526 0.184464 0.691689
0 0.628818 0.431173 0.034186 0.183045 0.596621
0 0.669999 0.939936 0.0417945 0.120128 0.567446
0 0.294722 0.483139 0.068266 0.182224 0.530043
0 0.58894 0.955503 0.0490961 0.0889942 0.525685
0 0.469982 0.974879 0.0377978 0.0502415 0.497398
0 0.239575 0.56265 0.0519341 0.195172 0.488754
0 0.633959 0.955367 0.0434334 0.0892663 0.445525
0 0.521738 0.95839 0.044149 0.0832206 0.440033
0 0.285554 0.39127 0.0422542 0.129767 0.286031
