0 0.502693 0.630768 0.0416773 0.149184 0.763042
0 0.872383 0.62491 0.0305202 0.140076 0.640299
0 0.60393 0.68628 0.0361446 0.148396 0.625684
0 0.431791 0.811478 0.0380985 0.200057 0.614552
0 0.461173 0.913175 0.0354659 0.168346 0.606429
0 0.166407 0.461904 0.0351911 0.107079 0.470039
0 0.238172 0.575545 0.0287211 0.118829 0.467497
0 0.377558 0.599526 0.0514063 0.142528 0.422685
0 0.409846 0.56861 0.0245774 0.135168 0.413773
0 0.496602 0.898899 0.0394518 0.176358 0.411552
0 0.261296 0.973301 0.0356085 0.0533971 0.401916
0 0.380604 0.970737 0.0384969 0.058527 0.381143
0 0.502693 0.630768 0.0416773 0.149184 0.763042
0 0.872383 0.62491 0.0305202 0.140076 0.640299
0 0.60393 0.68628 0.0361446 0.148396 0.625684
0 0.431791 0.811478 0.0380985 0.200057 0.614552
0 0.461173 0.913175 0.0354659 0.168346 0.606429
0 0.166407 0.461904 0.0351911 0.107079 0.470039
0 0.238172 0.575545 0.0287211 0.118829 0.467497
0 0.377558 0.599526 0.0514063 0.142528 0.422685
0 0.409846 0.56861 0.0245774 0.135168 0.413773
0 0.496602 0.898899 0.0394518 0.176358 0.411552
0 0.261296 0.973301 0.0356085 0.0533971 0.401916
0 0.380604 0.970737 0.0384969 0.058527 0.381143
