0 0.185235 0.539729 0.0448866 0.148584 0.774332
0 0.404837 0.589834 0.0479086 0.150063 0.734502
0 0.57124 0.806998 0.0369545 0.196585 0.639231
0 0.67307 0.629644 0.0395112 0.182203 0.633473
0 0.0155514 0.496968 0.0308891 0.133759 0.50512
0 0.389338 0.973035 0.0375075 0.0539307 0.483223
0 0.427627 0.963422 0.0362743 0.0731561 0.446245
0 0.466609 0.951091 0.0419121 0.0966363 0.376401
0 0.414657 0.465182 0.0424853 0.138948 0.355174
0 0.382687 0.444134 0.0297124 0.10771 0.284004
0 0.616705 0.815541 0.0345217 0.117605 0.267621
