0 0.654531 0.628575 0.0345671 0.170493 0.716532
0 0.408044 0.582752 0.0329977 0.170377 0.692768
0 0.00926808 0.496925 0.0184862 0.138157 0.622942
0 0.559776 0.802268 0.0389902 0.203654 0.610854
0 0.198931 0.542637 0.0351616 0.153103 0.58895
0 0.228646 0.458792 0.0223138 0.117949 0.45887
0 0.418747 0.966696 0.0366047 0.0666072 0.433478
0 0.380814 0.976103 0.0352909 0.0477944 0.424968
0 0.379234 0.484051 0.0354406 0.145885 0.385603
0 0.552399 0.935419 0.0547885 0.125404 0.316639
0 0.457752 0.952712 0.0423702 0.0924605 0.313328
0 0.589585 0.920411 0.0427327 0.152149 0.300168
0 0.61072 0.814978 0.0326267 0.110785 0.282343
0 0.5133 0.960477 0.0508333 0.0790461 0.27571
0 0.407839 0.405562 0.0344381 0.0965528 0.260106
