0 0.588686 0.654625 0.0746732 0.20942 0.871858
0 0.401179 0.589323 0.0676177 0.204254 0.869635
0 0.330051 0.417595 0.0365525 0.160415 0.766246
0 0.69273 0.79975 0.0631649 0.222944 0.760533
0 0.611773 0.923634 0.0486799 0.152733 0.669041
0 0.736066 0.964095 0.0461693 0.0718092 0.627474
0 0.264202 0.52839 0.050594 0.173411 0.586475
0 0.179124 0.466108 0.0335553 0.17735 0.543246
0 0.293399 0.460336 0.068899 0.14962 0.468985
0 0.0253264 0.631815 0.0503511 0.177282 0.410638
0 0.0294517 0.521161 0.0588943 0.161626 0.311169
