0 0.15205 0.588218 0.197283 0.79788 0.898493
0 0.681763 0.584825 0.212084 0.816316 0.895405
0 0.939155 0.651172 0.121136 0.685081 0.887835
0 0.342398 0.665285 0.187458 0.647483 0.873116
0 0.85924 0.6317 0.0994453 0.281367 0.64458
0 0.3898 0.424733 0.0781038 0.226642 0.479252
0 0.497631 0.626974 0.100332 0.251698 0.475964
0 0.821488 0.417225 0.0932705 0.209738 0.42449
0 0.958453 0.266106 0.0825775 0.187779 0.401742
0 0.451956 0.435542 0.0847166 0.233777 0.357822
0 0.0434113 0.484369 0.0859353 0.317033 0.33901
0 0.815989 0.323564 0.10315 0.191571 0.307934
0 0.603829 0.358983 0.0874294 0.313555 0.291972
0 0.233025 0.337987 0.0960488 0.288686 0.281706
0 0.521848 0.492927 0.106193 0.276482 0.268924
0 0.545173 0.337497 0.0751871 0.20772 0.251702
0 0.15205 0.588218 0.197283 0.79788 0.898493
0 0.681763 0.584825 0.212084 0.816316 0.895405
0 0.939155 0.651172 0.121136 0.685081 0.887835
0 0.342398 0.665285 0.187458 0.647483 0.873116
0 0.85924 0.6317 0.0994453 0.281367 0.64458
0 0.3898 0.424733 0.0781038 0.226642 0.479252
0 0.497631 0.626974 0.100332 0.251698 0.475964
0 0.821488 0.417225 0.0932705 0.209738 0.42449
0 0.958453 0.266106 0.0825775 0.187779 0.401742
0 0.451956 0.435542 0.0847166 0.233777 0.357822
0 0.0434113 0.484369 0.0859353 0.317033 0.33901
0 0.815989 0.323564 0.10315 0.191571 0.307934
0 0.603829 0.358983 0.0874294 0.313555 0.291972
0 0.233025 0.337987 0.0960488 0.288686 0.281706
0 0.521848 0.492927 0.106193 0.276482 0.268924
0 0.545173 0.337497 0.0751871 0.20772 0.251702
