0 0.83927 0.576284 0.220116 0.828448 0.910659
0 0.300212 0.586381 0.198173 0.804599 0.907353
0 0.510597 0.661962 0.208974 0.654931 0.876249
0 0.0448609 0.567736 0.0897219 0.83901 0.827627
0 0.956531 0.633312 0.0855106 0.300912 0.530971
0 0.114371 0.559198 0.0651582 0.184862 0.428068
0 0.545158 0.416202 0.0692832 0.188853 0.398845
0 0.969045 0.422974 0.0615215 0.2293 0.389907
0 0.602973 0.443397 0.0864182 0.24922 0.364952
0 0.654442 0.633137 0.0932066 0.260298 0.361531
0 0.595537 0.564417 0.0597765 0.179494 0.357592
0 0.698016 0.335882 0.0789894 0.21264 0.354115
0 0.675437 0.499067 0.104966 0.291695 0.334943
0 0.186552 0.534645 0.0855999 0.414445 0.317599
0 0.551541 0.31053 0.0907808 0.198337 0.303269
0 0.380039 0.344407 0.102269 0.309822 0.260895
0 0.757404 0.352707 0.0876728 0.311994 0.251842
0 0.83927 0.576284 0.220116 0.828448 0.910659
0 0.300212 0.586381 0.198173 0.804599 0.907353
0 0.510597 0.661962 0.208974 0.654931 0.876249
0 0.0448609 0.567736 0.0897219 0.83901 0.827627
0 0.956531 0.633312 0.0855106 0.300912 0.530971
0 0.114371 0.559198 0.0651582 0.184862 0.428068
0 0.545158 0.416202 0.0692832 0.188853 0.398845
0 0.969045 0.422974 0.0615215 0.2293 0.389907
0 0.602973 0.443397 0.0864182 0.24922 0.364952
0 0.654442 0.633137 0.0932066 0.260298 0.361531
0 0.595537 0.564417 0.0597765 0.179494 0.357592
0 0.698016 0.335882 0.0789894 0.21264 0.354115
0 0.675437 0.499067 0.104966 0.291695 0.334943
0 0.186552 0.534645 0.0855999 0.414445 0.317599
0 0.551541 0.31053 0.0907808 0.198337 0.303269
0 0.380039 0.344407 0.102269 0.309822 0.260895
0 0.757404 0.352707 0.0876728 0.311994 0.251842
