0 0.787827 0.584162 0.213326 0.81653 0.899599
0 0.242631 0.590193 0.196702 0.799132 0.895228
0 0.449824 0.663271 0.206446 0.649189 0.883047
0 0.95295 0.635492 0.0935997 0.285966 0.649483
0 0.483633 0.417998 0.0714113 0.186868 0.464391
0 0.0181975 0.663224 0.036395 0.654373 0.451207
0 0.911448 0.324438 0.106475 0.202101 0.42213
0 0.0612401 0.557829 0.0645385 0.183829 0.421611
0 0.543681 0.441117 0.0832937 0.241351 0.408798
0 0.917759 0.415602 0.091177 0.210626 0.352979
0 0.615586 0.493256 0.0963308 0.278371 0.340989
0 0.595311 0.611571 0.0950355 0.220857 0.335204
0 0.133478 0.489664 0.0854234 0.320318 0.313457
56 0.51954 0.188305 0.0553243 0.0878891 0.307639
0 0.537291 0.565281 0.0632556 0.179674 0.264937
0 0.787827 0.584162 0.213326 0.81653 0.899599
0 0.242631 0.590193 0.196702 0.799132 0.895228
0 0.449824 0.663271 0.206446 0.649189 0.883047
0 0.95295 0.635492 0.0935997 0.285966 0.649483
0 0.483633 0.417998 0.0714113 0.186868 0.464391
0 0.0181975 0.663224 0.036395 0.654373 0.451207
0 0.911448 0.324438 0.106475 0.202101 0.42213
0 0.0612401 0.557829 0.0645385 0.183829 0.421611
0 0.543681 0.441117 0.0832937 0.241351 0.408798
0 0.917759 0.415602 0.091177 0.210626 0.352979
0 0.615586 0.493256 0.0963308 0.278371 0.340989
0 0.595311 0.611571 0.0950355 0.220857 0.335204
0 0.133478 0.489664 0.0854234 0.320318 0.313457
56 0.51954 0.188305 0.0553243 0.0878891 0.307639
0 0.537291 0.565281 0.0632556 0.179674 0.264937
