0 0.60818 0.658717 0.034197 0.15122 0.738136
0 0.406902 0.925515 0.0387032 0.14897 0.660545
0 0.194196 0.483541 0.0338789 0.101779 0.634492
0 0.146433 0.621721 0.0340064 0.145717 0.594263
0 0.476267 0.90282 0.0422123 0.191481 0.517134
0 0.467907 0.63996 0.0513216 0.126554 0.516174
0 0.421778 0.574032 0.0289794 0.133958 0.496442
0 0.346908 0.518222 0.0528953 0.15809 0.452333
0 0.66501 0.480345 0.0256056 0.137881 0.447676
0 0.378957 0.43479 0.0365461 0.106726 0.347359
0 0.447407 0.780564 0.0450373 0.154595 0.320589
0 0.0080951 0.569046 0.0161701 0.136369 0.312988
0 0.444988 0.948722 0.0440418 0.102557 0.266894
0 0.591649 0.85941 0.0329745 0.14082 0.254274
0 0.60818 0.658717 0.034197 0.15122 0.738136
0 0.406902 0.925515 0.0387032 0.14897 0.660545
0 0.194196 0.483541 0.0338789 0.101779 0.634492
0 0.146433 0.621721 0.0340064 0.145717 0.594263
0 0.476267 0.90282 0.0422123 0.191481 0.517134
0 0.467907 0.63996 0.0513216 0.126554 0.516174
0 0.421778 0.574032 0.0289794 0.133958 0.496442
0 0.346908 0.518222 0.0528953 0.15809 0.452333
0 0.66501 0.480345 0.0256056 0.137881 0.447676
0 0.378957 0.43479 0.0365461 0.106726 0.347359
0 0.447407 0.780564 0.0450373 0.154595 0.320589
0 0.0080951 0.569046 0.0161701 0.136369 0.312988
0 0.444988 0.948722 0.0440418 0.102557 0.266894
0 0.591649 0.85941 0.0329745 0.14082 0.254274
