0 0.156118 0.618132 0.0327284 0.146841 0.686716
0 0.608745 0.665259 0.0332678 0.15518 0.660333
0 0.412079 0.922913 0.0373781 0.154174 0.628529
0 0.194783 0.482385 0.0405962 0.105186 0.545455
0 0.473867 0.637072 0.0513887 0.13438 0.516269
0 0.480339 0.899139 0.0419124 0.193387 0.511137
0 0.668691 0.476646 0.0234802 0.13494 0.435483
0 0.448531 0.793775 0.0463282 0.175063 0.300138
0 0.296446 0.977369 0.0369774 0.0452614 0.284502
0 0.597017 0.855176 0.0315872 0.135885 0.252984
0 0.156118 0.618132 0.0327284 0.146841 0.686716
0 0.608745 0.665259 0.0332678 0.15518 0.660333
0 0.412079 0.922913 0.0373781 0.154174 0.628529
0 0.194783 0.482385 0.0405962 0.105186 0.545455
0 0.473867 0.637072 0.0513887 0.13438 0.516269
0 0.480339 0.899139 0.0419124 0.193387 0.511137
0 0.668691 0.476646 0.0234802 0.13494 0.435483
0 0.448531 0.793775 0.0463282 0.175063 0.300138
0 0.296446 0.977369 0.0369774 0.0452614 0.284502
0 0.597017 0.855176 0.0315872 0.135885 0.252984
