0 0.117757 0.685104 0.038241 0.14887 0.717171
0 0.0438875 0.55695 0.0348201 0.124896 0.660814
0 0.426554 0.911965 0.0419507 0.176071 0.654067
0 0.562096 0.679089 0.0435081 0.14612 0.571091
0 0.397152 0.969937 0.0362491 0.0601256 0.500553
0 0.669478 0.778942 0.0445902 0.168895 0.449273
0 0.417455 0.77692 0.03575 0.162621 0.427142
0 0.42317 0.594044 0.0346351 0.140231 0.413397
0 0.229058 0.520413 0.025205 0.11445 0.408484
0 0.962668 0.86746 0.0741711 0.264826 0.405632
0 0.337255 0.553186 0.0271557 0.128159 0.363321
0 0.289084 0.535955 0.0534309 0.140788 0.358556
0 0.6226 0.490341 0.0297834 0.134151 0.328226
0 0.36493 0.672507 0.0461022 0.111581 0.317014
0 0.398905 0.65625 0.0440258 0.145567 0.284686
0 0.368614 0.465839 0.027528 0.112632 0.280718
0 0.483307 0.947558 0.0387998 0.101472 0.260666
0 0.117757 0.685104 0.038241 0.14887 0.717171
0 0.0438875 0.55695 0.0348201 0.124896 0.660814
0 0.426554 0.911965 0.0419507 0.176071 0.654067
0 0.562096 0.679089 0.0435081 0.14612 0.571091
0 0.397152 0.969937 0.0362491 0.0601256 0.500553
0 0.669478 0.778942 0.0445902 0.168895 0.449273
0 0.417455 0.77692 0.03575 0.162621 0.427142
0 0.42317 0.594044 0.0346351 0.140231 0.413397
0 0.229058 0.520413 0.025205 0.11445 0.408484
0 0.962668 0.86746 0.0741711 0.264826 0.405632
0 0.337255 0.553186 0.0271557 0.128159 0.363321
0 0.289084 0.535955 0.0534309 0.140788 0.358556
0 0.6226 0.490341 0.0297834 0.134151 0.328226
0 0.36493 0.672507 0.0461022 0.111581 0.317014
0 0.398905 0.65625 0.0440258 0.145567 0.284686
0 0.368614 0.465839 0.027528 0.112632 0.280718
0 0.483307 0.947558 0.0387998 0.101472 0.260666
