0 0.607794 0.661563 0.0332697 0.152609 0.723871
0 0.193427 0.484018 0.0418199 0.102839 0.655818
0 0.151858 0.618082 0.0353501 0.146644 0.611347
0 0.409399 0.92347 0.0370906 0.15306 0.582942
0 0.477931 0.900654 0.0413141 0.192343 0.48166
0 0.447263 0.948738 0.0425541 0.102525 0.480491
0 0.666871 0.48003 0.0244755 0.133846 0.423366
0 0.469783 0.633551 0.0543947 0.139475 0.401315
0 0.352421 0.525849 0.045655 0.141308 0.38475
0 0.422824 0.574544 0.0313164 0.130925 0.307149
0 0.448161 0.778635 0.044569 0.147978 0.286603
0 0.607794 0.661563 0.0332697 0.152609 0.723871
0 0.193427 0.484018 0.0418199 0.102839 0.655818
0 0.151858 0.618082 0.0353501 0.146644 0.611347
0 0.409399 0.92347 0.0370906 0.15306 0.582942
0 0.477931 0.900654 0.0413141 0.192343 0.48166
0 0.447263 0.948738 0.0425541 0.102525 0.480491
0 0.666871 0.48003 0.0244755 0.133846 0.423366
0 0.469783 0.633551 0.0543947 0.139475 0.401315
0 0.352421 0.525849 0.045655 0.141308 0.38475
0 0.422824 0.574544 0.0313164 0.130925 0.307149
0 0.448161 0.778635 0.044569 0.147978 0.286603
