0 0.930747 0.641106 0.137439 0.708439 0.855559
0 0.77578 0.633217 0.239256 0.719958 0.77581
0 0.062873 0.590481 0.125483 0.232524 0.603629
0 0.275352 0.590238 0.0886315 0.212898 0.46858
0 0.473617 0.576971 0.100418 0.21388 0.391218
0 0.186476 0.579684 0.136115 0.242017 0.373565
0 0.402065 0.576865 0.103937 0.228089 0.367031
0 0.609723 0.415151 0.101328 0.263706 0.35132
56 0.873106 0.88961 0.0803242 0.22078 0.331957
0 0.165344 0.407649 0.083983 0.194961 0.273163
0 0.481647 0.429622 0.0750718 0.202001 0.264577
