0 0.114158 0.683372 0.0382596 0.144658 0.723577
0 0.430905 0.91101 0.040147 0.177979 0.63848
0 0.566343 0.674141 0.0460976 0.150893 0.521748
0 0.0445229 0.558119 0.0392462 0.122333 0.505034
0 0.230992 0.532928 0.0299505 0.113905 0.454576
0 0.424018 0.592931 0.0348007 0.135053 0.446893
0 0.401355 0.970334 0.0364932 0.0593312 0.421688
0 0.965138 0.8674 0.069116 0.263556 0.39263
0 0.339459 0.551723 0.0243286 0.130854 0.385298
0 0.370468 0.666102 0.0539911 0.13006 0.373256
0 0.626563 0.495595 0.0280476 0.126014 0.366447
0 0.420345 0.776735 0.0381475 0.15539 0.361545
0 0.369835 0.462473 0.0261355 0.116963 0.299035
0 0.486604 0.949471 0.0391539 0.0980686 0.28093
0 0.114158 0.683372 0.0382596 0.144658 0.723577
0 0.430905 0.91101 0.040147 0.177979 0.63848
0 0.566343 0.674141 0.0460976 0.150893 0.521748
0 0.0445229 0.558119 0.0392462 0.122333 0.505034
0 0.230992 0.532928 0.0299505 0.113905 0.454576
0 0.424018 0.592931 0.0348007 0.135053 0.446893
0 0.401355 0.970334 0.0364932 0.0593312 0.421688
0 0.965138 0.8674 0.069116 0.263556 0.39263
0 0.339459 0.551723 0.0243286 0.130854 0.385298
0 0.370468 0.666102 0.0539911 0.13006 0.373256
0 0.626563 0.495595 0.0280476 0.126014 0.366447
0 0.420345 0.776735 0.0381475 0.15539 0.361545
0 0.369835 0.462473 0.0261355 0.116963 0.299035
0 0.486604 0.949471 0.0391539 0.0980686 0.28093
