0 0.0769413 0.583694 0.153809 0.797273 0.919723
0 0.902213 0.649758 0.194479 0.685472 0.896539
0 0.563465 0.581443 0.208815 0.822882 0.887458
0 0.252928 0.663637 0.165114 0.655114 0.858606
0 0.765579 0.628976 0.111151 0.279466 0.549722
0 0.300054 0.436595 0.0784292 0.241156 0.470844
0 0.435166 0.497892 0.0868271 0.288074 0.431362
0 0.95504 0.311387 0.0891212 0.323973 0.415717
0 0.407971 0.625092 0.105927 0.253906 0.358703
0 0.727248 0.419853 0.101097 0.21906 0.358406
0 0.455604 0.338562 0.0748784 0.207869 0.344939
0 0.870919 0.279886 0.100224 0.212001 0.336703
56 0.330052 0.935622 0.0518638 0.122852 0.326127
0 0.364497 0.438479 0.0796857 0.238706 0.312853
0 0.140237 0.336522 0.100177 0.290077 0.298105
0 0.0769413 0.583694 0.153809 0.797273 0.919723
0 0.902213 0.649758 0.194479 0.685472 0.896539
0 0.563465 0.581443 0.208815 0.822882 0.887458
0 0.252928 0.663637 0.165114 0.655114 0.858606
0 0.765579 0.628976 0.111151 0.279466 0.549722
0 0.300054 0.436595 0.0784292 0.241156 0.470844
0 0.435166 0.497892 0.0868271 0.288074 0.431362
0 0.95504 0.311387 0.0891212 0.323973 0.415717
0 0.407971 0.625092 0.105927 0.253906 0.358703
0 0.727248 0.419853 0.101097 0.21906 0.358406
0 0.455604 0.338562 0.0748784 0.207869 0.344939
0 0.870919 0.279886 0.100224 0.212001 0.336703
56 0.330052 0.935622 0.0518638 0.122852 0.326127
0 0.364497 0.438479 0.0796857 0.238706 0.312853
0 0.140237 0.336522 0.100177 0.290077 0.298105
