0 0.761216 0.58334 0.215543 0.816905 0.85624
0 0.215563 0.658873 0.171342 0.329355 0.592585
0 0.100185 0.586847 0.121489 0.247412 0.553551
0 0.232271 0.444343 0.11701 0.339989 0.475193
0 0.533305 0.55292 0.0799377 0.250882 0.463754
0 0.494383 0.676353 0.0976672 0.271494 0.395438
0 0.966126 0.413959 0.0672998 0.256882 0.393737
0 0.873392 0.572748 0.11326 0.238974 0.389285
0 0.947718 0.622708 0.103821 0.33184 0.364048
0 0.329945 0.62063 0.17592 0.38211 0.342909
0 0.450629 0.430192 0.105713 0.2592 0.334523
0 0.591741 0.585349 0.138944 0.231844 0.329625
0 0.373036 0.416506 0.0968574 0.285816 0.313075
0 0.413952 0.634951 0.107173 0.330918 0.30254
0 0.0234653 0.580714 0.0468828 0.24727 0.250185
