0 0.0908884 0.588993 0.181589 0.803461 0.935345
0 0.596735 0.582402 0.21035 0.820438 0.909815
0 0.907849 0.650942 0.183484 0.682779 0.900356
0 0.271448 0.664373 0.174252 0.654396 0.851685
0 0.793079 0.629292 0.0995245 0.280274 0.525944
0 0.432634 0.627643 0.10486 0.252717 0.410439
0 0.323492 0.44407 0.084506 0.257379 0.402481
0 0.753453 0.419559 0.101555 0.2193 0.358173
0 0.464214 0.500533 0.092469 0.292122 0.35368
0 0.390607 0.439751 0.0782934 0.242927 0.305812
0 0.481139 0.334977 0.0747637 0.204072 0.286047
0 0.379091 0.567676 0.0715586 0.192161 0.272186
0 0.898607 0.269819 0.0984041 0.191621 0.254824
0 0.0908884 0.588993 0.181589 0.803461 0.935345
0 0.596735 0.582402 0.21035 0.820438 0.909815
0 0.907849 0.650942 0.183484 0.682779 0.900356
0 0.271448 0.664373 0.174252 0.654396 0.851685
0 0.793079 0.629292 0.0995245 0.280274 0.525944
0 0.432634 0.627643 0.10486 0.252717 0.410439
0 0.323492 0.44407 0.084506 0.257379 0.402481
0 0.753453 0.419559 0.101555 0.2193 0.358173
0 0.464214 0.500533 0.092469 0.292122 0.35368
0 0.390607 0.439751 0.0782934 0.242927 0.305812
0 0.481139 0.334977 0.0747637 0.204072 0.286047
0 0.379091 0.567676 0.0715586 0.192161 0.272186
0 0.898607 0.269819 0.0984041 0.191621 0.254824
