0 0.448568 0.911037 0.0404606 0.177925 0.705158
0 0.0302164 0.55854 0.0344371 0.118383 0.638433
0 0.104857 0.663097 0.0405761 0.1531 0.618319
0 0.372808 0.934333 0.0342158 0.131334 0.556697
0 0.582544 0.664491 0.037881 0.153459 0.491461
0 0.204886 0.535025 0.039358 0.0998458 0.478836
0 0.431277 0.779056 0.0417336 0.154197 0.472275
0 0.971239 0.868879 0.0570433 0.262241 0.468248
0 0.414023 0.966642 0.0379456 0.0667153 0.433788
0 0.343474 0.552601 0.029108 0.133258 0.367933
0 0.635164 0.493043 0.0277624 0.119497 0.340593
0 0.379525 0.466765 0.0328755 0.0998201 0.331334
0 0.489735 0.947835 0.0585442 0.104329 0.288869
0 0.387402 0.652558 0.0427591 0.144996 0.277385
0 0.448568 0.911037 0.0404606 0.177925 0.705158
0 0.0302164 0.55854 0.0344371 0.118383 0.638433
0 0.104857 0.663097 0.0405761 0.1531 0.618319
0 0.372808 0.934333 0.0342158 0.131334 0.556697
0 0.582544 0.664491 0.037881 0.153459 0.491461
0 0.204886 0.535025 0.039358 0.0998458 0.478836
0 0.431277 0.779056 0.0417336 0.154197 0.472275
0 0.971239 0.868879 0.0570433 0.262241 0.468248
0 0.414023 0.966642 0.0379456 0.0667153 0.433788
0 0.343474 0.552601 0.029108 0.133258 0.367933
0 0.635164 0.493043 0.0277624 0.119497 0.340593
0 0.379525 0.466765 0.0328755 0.0998201 0.331334
0 0.489735 0.947835 0.0585442 0.104329 0.288869
0 0.387402 0.652558 0.0427591 0.144996 0.277385
