0 0.297466 0.616965 0.236621 0.742144 0.841843
0 0.537543 0.585844 0.336404 0.812652 0.837992
0 0.0806047 0.492325 0.161209 0.978365 0.804173
56 0.798881 0.171585 0.0771278 0.141174 0.797816
56 0.671068 0.144458 0.156952 0.16369 0.780677
0 0.888791 0.133914 0.136058 0.267829 0.575298
56 0.432444 0.262646 0.121858 0.223038 0.543626
0 0.482049 0.424609 0.207937 0.804579 0.49858
0 0.247155 0.42832 0.266868 0.845884 0.424508
56 0.653306 0.163647 0.0852923 0.0871658 0.368106
0 0.974432 0.168703 0.0500774 0.232934 0.310573
