0 0.401756 0.584308 0.0454021 0.16155 0.838363
0 0.189003 0.548576 0.0459301 0.153907 0.779487
0 0.665186 0.636065 0.0415307 0.177023 0.683132
0 0.564446 0.798275 0.0377637 0.191632 0.677036
0 0.225143 0.441947 0.0266409 0.139257 0.568652
0 0.0128252 0.500659 0.0254775 0.131497 0.488
0 0.423529 0.9645 0.0361078 0.0709993 0.351752
0 0.385933 0.974026 0.0381933 0.0519472 0.32269
0 0.461646 0.95192 0.0395856 0.0937188 0.302902
0 0.410527 0.4117 0.0328139 0.122255 0.29659
0 0.384345 0.476111 0.0315664 0.13981 0.270208
0 0.614671 0.818591 0.0353586 0.119107 0.260564
