0 0.430163 0.918778 0.0379076 0.162444 0.645877
0 0.61273 0.675825 0.035871 0.152338 0.633812
0 0.185857 0.472656 0.0286139 0.10869 0.546333
0 0.191534 0.59954 0.0241064 0.131752 0.493751
0 0.469323 0.925485 0.0363533 0.143273 0.463214
0 0.688535 0.476154 0.0261056 0.132047 0.45292
0 0.492167 0.626477 0.0551538 0.146533 0.402387
0 0.49471 0.887997 0.041241 0.187742 0.355025
0 0.445189 0.746932 0.0367626 0.0831948 0.328183
0 0.370087 0.54512 0.0265268 0.0979904 0.318639
0 0.613443 0.856848 0.0291714 0.143162 0.275314
0 0.420073 0.593642 0.0382603 0.173422 0.253875
0 0.430163 0.918778 0.0379076 0.162444 0.645877
0 0.61273 0.675825 0.035871 0.152338 0.633812
0 0.185857 0.472656 0.0286139 0.10869 0.546333
0 0.191534 0.59954 0.0241064 0.131752 0.493751
0 0.469323 0.925485 0.0363533 0.143273 0.463214
0 0.688535 0.476154 0.0261056 0.132047 0.45292
0 0.492167 0.626477 0.0551538 0.146533 0.402387
0 0.49471 0.887997 0.041241 0.187742 0.355025
0 0.445189 0.746932 0.0367626 0.0831948 0.328183
0 0.370087 0.54512 0.0265268 0.0979904 0.318639
0 0.613443 0.856848 0.0291714 0.143162 0.275314
0 0.420073 0.593642 0.0382603 0.173422 0.253875
