0 0.771381 0.61922 0.0542013 0.165028 0.746492
0 0.162939 0.512517 0.031427 0.133905 0.723767
0 0.570227 0.730561 0.040815 0.19946 0.623147
0 0.396317 0.955451 0.0465591 0.089099 0.580047
0 0.396024 0.465807 0.0309184 0.14668 0.551481
0 0.528118 0.583134 0.0378185 0.139661 0.533482
0 0.304252 0.972728 0.0413325 0.0545432 0.507783
0 0.432297 0.481381 0.0309661 0.160894 0.392966
0 0.434074 0.946024 0.0367718 0.105743 0.382783
0 0.133003 0.455041 0.0267296 0.113391 0.375673
0 0.350113 0.975062 0.0380749 0.0498757 0.350834
