0 0.130953 0.591051 0.200053 0.800034 0.88974
0 0.655979 0.581608 0.211562 0.81929 0.880842
0 0.925833 0.651459 0.147623 0.684172 0.874965
0 0.319117 0.666292 0.181991 0.652735 0.861618
0 0.839394 0.629526 0.101308 0.279171 0.57372
0 0.368367 0.428884 0.0798071 0.215248 0.425963
0 0.476324 0.626805 0.103199 0.250421 0.386869
0 0.801311 0.415497 0.0971621 0.212582 0.325154
0 0.0323379 0.474739 0.0646758 0.298193 0.282681
56 0.409742 0.189666 0.0554465 0.0897525 0.277074
0 0.435311 0.436211 0.0799645 0.234134 0.262462
0 0.504471 0.498152 0.103253 0.288962 0.251089
0 0.130953 0.591051 0.200053 0.800034 0.88974
0 0.655979 0.581608 0.211562 0.81929 0.880842
0 0.925833 0.651459 0.147623 0.684172 0.874965
0 0.319117 0.666292 0.181991 0.652735 0.861618
0 0.839394 0.629526 0.101308 0.279171 0.57372
0 0.368367 0.428884 0.0798071 0.215248 0.425963
0 0.476324 0.626805 0.103199 0.250421 0.386869
0 0.801311 0.415497 0.0971621 0.212582 0.325154
0 0.0323379 0.474739 0.0646758 0.298193 0.282681
56 0.409742 0.189666 0.0554465 0.0897525 0.277074
0 0.435311 0.436211 0.0799645 0.234134 0.262462
0 0.504471 0.498152 0.103253 0.288962 0.251089
