0 0.568176 0.658252 0.0667402 0.208068 0.834613
0 0.386816 0.589667 0.0473581 0.211594 0.801074
0 0.163752 0.482527 0.0715473 0.187118 0.730933
0 0.612203 0.831295 0.0450022 0.20138 0.720033
0 0.349769 0.422674 0.0369287 0.163916 0.717192
0 0.763583 0.61119 0.0614477 0.170988 0.697321
0 0.637322 0.927355 0.0503658 0.145291 0.641607
0 0.272559 0.558455 0.0360599 0.182198 0.599771
0 0.764141 0.96735 0.0429314 0.0652996 0.593149
0 0.7259 0.440519 0.0423018 0.215978 0.551564
0 0.266656 0.419572 0.0390021 0.0945165 0.45922
0 0.232095 0.338685 0.0277817 0.104148 0.284747
