0 0.592604 0.642275 0.0910028 0.188538 0.611071
0 0.220113 0.555426 0.0415056 0.164041 0.600084
0 0.627289 0.437645 0.03088 0.179736 0.576996
0 0.489287 0.806508 0.052953 0.225173 0.525536
0 0.254911 0.476849 0.0319278 0.149965 0.497019
0 0.395661 0.601848 0.0475473 0.147257 0.481984
0 0.362377 0.40269 0.0264052 0.12892 0.473657
0 0.546362 0.929712 0.041074 0.12521 0.367589
0 0.505568 0.948306 0.0566702 0.103388 0.331306
0 0.40691 0.970845 0.0390747 0.0583098 0.295416
0 0.567495 0.849688 0.0388242 0.145309 0.27952
