0 0.756138 0.598613 0.240356 0.783172 0.898131
0 0.970743 0.634292 0.0579296 0.672377 0.459085
0 0.474983 0.426898 0.0850078 0.200101 0.404743
0 0.474215 0.586676 0.0850264 0.210337 0.394961
0 0.258845 0.588038 0.112962 0.229539 0.370206
0 0.619432 0.412668 0.0974631 0.23674 0.361894
0 0.179847 0.564034 0.0829872 0.258869 0.358462
0 0.383436 0.575949 0.144928 0.241466 0.345084
0 0.94459 0.231783 0.10951 0.410736 0.327966
0 0.0615002 0.647845 0.11898 0.328438 0.318202
0 0.140962 0.682292 0.0916766 0.267702 0.307151
0 0.596442 0.574279 0.0919882 0.229889 0.306513
0 0.364416 0.407755 0.0852376 0.192822 0.2865
