0 0.872151 0.608062 0.031422 0.131139 0.750107
0 0.176306 0.461549 0.0272132 0.110799 0.678697
0 0.609982 0.685158 0.0263899 0.142948 0.640822
0 0.50996 0.633512 0.0482658 0.139664 0.606112
0 0.447059 0.9169 0.0348248 0.16221 0.60003
0 0.405567 0.58995 0.0421681 0.179308 0.481249
0 0.704766 0.4781 0.0264626 0.128949 0.418699
0 0.357938 0.476987 0.0470359 0.163964 0.356196
0 0.483336 0.909853 0.037055 0.169304 0.350473
0 0.215803 0.553216 0.0270403 0.0637772 0.346824
0 0.509861 0.878916 0.038765 0.176144 0.255079
0 0.872151 0.608062 0.031422 0.131139 0.750107
0 0.176306 0.461549 0.0272132 0.110799 0.678697
0 0.609982 0.685158 0.0263899 0.142948 0.640822
0 0.50996 0.633512 0.0482658 0.139664 0.606112
0 0.447059 0.9169 0.0348248 0.16221 0.60003
0 0.405567 0.58995 0.0421681 0.179308 0.481249
0 0.704766 0.4781 0.0264626 0.128949 0.418699
0 0.357938 0.476987 0.0470359 0.163964 0.356196
0 0.483336 0.909853 0.037055 0.169304 0.350473
0 0.215803 0.553216 0.0270403 0.0637772 0.346824
0 0.509861 0.878916 0.038765 0.176144 0.255079
