0 0.380634 0.59379 0.0768633 0.206195 0.807668
0 0.73908 0.624555 0.0366205 0.172985 0.746346
0 0.579834 0.830916 0.0678024 0.198345 0.641903
0 0.648072 0.926873 0.0528595 0.146254 0.632201
0 0.544262 0.658657 0.0497815 0.191401 0.598882
0 0.775944 0.968341 0.0441223 0.063317 0.577585
0 0.351857 0.411502 0.027976 0.156476 0.575814
0 0.270604 0.559016 0.0378168 0.157721 0.554214
0 0.140372 0.510581 0.0418919 0.137515 0.521831
0 0.738741 0.438956 0.0347352 0.202159 0.487649
0 0.122581 0.440153 0.028841 0.0878698 0.428011
0 0.247949 0.407486 0.0448777 0.0865723 0.362557
0 0.258412 0.418946 0.0261311 0.0723267 0.258217
