0 0.445287 0.740979 0.0588822 0.211516 0.768796
0 0.602242 0.644226 0.0620771 0.199602 0.673518
0 0.376686 0.567507 0.052754 0.167322 0.582742
0 0.270599 0.555699 0.0550084 0.1753 0.515915
0 0.260044 0.423261 0.0353391 0.155616 0.474904
0 0.624084 0.445932 0.0297415 0.174518 0.463684
0 0.549889 0.889305 0.0375484 0.18493 0.457506
0 0.530057 0.945394 0.0431635 0.109211 0.37121
0 0.582863 0.945257 0.0435789 0.109486 0.315106
0 0.308995 0.46744 0.0398981 0.20247 0.294018
0 0.327683 0.432754 0.0303597 0.168025 0.2708
0 0.48188 0.962994 0.0447622 0.0740117 0.253609
