0 0.0696904 0.565445 0.139108 0.845185 0.905602
0 0.346192 0.584987 0.201736 0.808426 0.903477
0 0.880679 0.580819 0.229992 0.824414 0.901137
0 0.55574 0.66014 0.1945 0.659323 0.863603
0 0.226992 0.506454 0.0804329 0.363023 0.402619
0 0.731381 0.50512 0.0982158 0.30613 0.352537
0 0.655808 0.439005 0.0900273 0.256996 0.313611
0 0.16051 0.568319 0.0652368 0.210121 0.313231
0 0.702132 0.595077 0.102848 0.178436 0.290939
0 0.429505 0.343606 0.105564 0.311426 0.288823
0 0.595207 0.422111 0.0708018 0.20525 0.277131
0 0.60096 0.307452 0.0904661 0.201526 0.253467
0 0.0696904 0.565445 0.139108 0.845185 0.905602
0 0.346192 0.584987 0.201736 0.808426 0.903477
0 0.880679 0.580819 0.229992 0.824414 0.901137
0 0.55574 0.66014 0.1945 0.659323 0.863603
0 0.226992 0.506454 0.0804329 0.363023 0.402619
0 0.731381 0.50512 0.0982158 0.30613 0.352537
0 0.655808 0.439005 0.0900273 0.256996 0.313611
0 0.16051 0.568319 0.0652368 0.210121 0.313231
0 0.702132 0.595077 0.102848 0.178436 0.290939
0 0.429505 0.343606 0.105564 0.311426 0.288823
0 0.595207 0.422111 0.0708018 0.20525 0.277131
0 0.60096 0.307452 0.0904661 0.201526 0.253467
