0 0.777202 0.615199 0.247124 0.752579 0.859205
0 0.944473 0.633912 0.110371 0.72814 0.833941
0 0.0456348 0.55969 0.0911525 0.255062 0.479901
0 0.343874 0.588068 0.0840722 0.213157 0.448375
0 0.484575 0.419355 0.0892201 0.240807 0.341599
0 0.586436 0.579185 0.105947 0.223296 0.339079
0 0.535568 0.577362 0.0966993 0.216564 0.336674
0 0.288672 0.375243 0.0755861 0.185466 0.313736
0 0.472481 0.623717 0.125016 0.335203 0.306048
0 0.266225 0.573693 0.116579 0.232192 0.302864
0 0.343407 0.403174 0.0859357 0.231113 0.298322
0 0.105416 0.58827 0.126704 0.236593 0.270295
