0 0.893432 0.579432 0.212507 0.828689 0.927477
0 0.0806534 0.568009 0.161145 0.834349 0.907423
0 0.366632 0.584188 0.201903 0.807346 0.889381
0 0.576389 0.662293 0.18497 0.655789 0.858542
0 0.678034 0.440832 0.0894225 0.26173 0.357196
0 0.179205 0.562802 0.0648275 0.190868 0.356089
0 0.754875 0.504772 0.0996773 0.307372 0.354722
0 0.722767 0.640541 0.113371 0.270327 0.303647
0 0.247215 0.497996 0.0800871 0.347769 0.302907
0 0.617853 0.427918 0.0722726 0.21939 0.298502
0 0.455356 0.340553 0.112659 0.310451 0.292679
0 0.893432 0.579432 0.212507 0.828689 0.927477
0 0.0806534 0.568009 0.161145 0.834349 0.907423
0 0.366632 0.584188 0.201903 0.807346 0.889381
0 0.576389 0.662293 0.18497 0.655789 0.858542
0 0.678034 0.440832 0.0894225 0.26173 0.357196
0 0.179205 0.562802 0.0648275 0.190868 0.356089
0 0.754875 0.504772 0.0996773 0.307372 0.354722
0 0.722767 0.640541 0.113371 0.270327 0.303647
0 0.247215 0.497996 0.0800871 0.347769 0.302907
0 0.617853 0.427918 0.0722726 0.21939 0.298502
0 0.455356 0.340553 0.112659 0.310451 0.292679
