0 0.202515 0.468655 0.0673919 0.194944 0.808018
0 0.58913 0.647808 0.0623049 0.214047 0.789018
0 0.32302 0.413572 0.034654 0.158349 0.780877
0 0.399653 0.594839 0.0562354 0.188257 0.752428
0 0.732247 0.787046 0.0896909 0.235498 0.74551
0 0.60012 0.920047 0.0472736 0.151992 0.701922
0 0.725921 0.960323 0.0443904 0.0793545 0.667666
0 0.2719 0.522499 0.0563353 0.187624 0.662194
0 0.0211121 0.864948 0.0421989 0.25266 0.621574
0 0.295593 0.451635 0.0552331 0.170055 0.495237
0 0.792478 0.575455 0.0531803 0.179474 0.492463
0 0.704691 0.443888 0.037672 0.161732 0.355142
0 0.0500401 0.610456 0.0436194 0.154718 0.351927
0 0.0353212 0.502116 0.0699862 0.15169 0.340215
0 0.678193 0.967802 0.0410787 0.0643962 0.301633
