0 0.861891 0.578871 0.224294 0.826571 0.903067
0 0.326475 0.585964 0.201575 0.806972 0.898688
0 0.0594762 0.565672 0.118952 0.840667 0.896703
0 0.53864 0.661859 0.196916 0.654711 0.876196
0 0.140949 0.560964 0.064532 0.191828 0.392271
0 0.577034 0.417184 0.0674871 0.189041 0.391461
0 0.621716 0.565323 0.0686829 0.181523 0.385639
0 0.707682 0.507364 0.103531 0.310659 0.380481
0 0.63144 0.440587 0.0941805 0.254716 0.329737
0 0.683423 0.596459 0.0969282 0.183978 0.317838
0 0.861891 0.578871 0.224294 0.826571 0.903067
0 0.326475 0.585964 0.201575 0.806972 0.898688
0 0.0594762 0.565672 0.118952 0.840667 0.896703
0 0.53864 0.661859 0.196916 0.654711 0.876196
0 0.140949 0.560964 0.064532 0.191828 0.392271
0 0.577034 0.417184 0.0674871 0.189041 0.391461
0 0.621716 0.565323 0.0686829 0.181523 0.385639
0 0.707682 0.507364 0.103531 0.310659 0.380481
0 0.63144 0.440587 0.0941805 0.254716 0.329737
0 0.683423 0.596459 0.0969282 0.183978 0.317838
