0 0.181509 0.530169 0.0456253 0.134643 0.763546
0 0.50445 0.57788 0.0517089 0.161525 0.653219
0 0.575898 0.749132 0.0389466 0.193797 0.639738
0 0.751632 0.622547 0.0461736 0.171783 0.63461
0 0.395637 0.962907 0.0433171 0.0741865 0.49497
0 0.433646 0.953024 0.0371357 0.0939512 0.458099
0 0.428836 0.482558 0.0318251 0.160653 0.45597
0 0.400145 0.436892 0.0372892 0.175514 0.440195
0 0.34787 0.972004 0.0391941 0.0559928 0.416296
0 0.85129 0.525876 0.0281115 0.138185 0.372715
0 0.516207 0.949201 0.0370919 0.0983607 0.35738
0 0.611963 0.802217 0.0329575 0.110813 0.353096
0 0.596791 0.879778 0.0414404 0.112579 0.306474
