0 0.398598 0.571984 0.0694288 0.21197 0.840276
0 0.601801 0.643917 0.0568232 0.213737 0.72486
0 0.544948 0.906167 0.0404951 0.184222 0.697735
0 0.358159 0.728403 0.0844445 0.177579 0.681448
0 0.630658 0.431741 0.0361794 0.185179 0.620983
0 0.670266 0.940749 0.0418335 0.118503 0.589733
0 0.591827 0.955767 0.052786 0.0884666 0.515001
0 0.301686 0.479255 0.0538162 0.190041 0.464764
0 0.634202 0.955961 0.0438398 0.088079 0.445063
0 0.470081 0.976097 0.0375139 0.047807 0.408391
0 0.279046 0.423178 0.0502908 0.19392 0.392554
0 0.23334 0.561506 0.0504347 0.196743 0.380114
0 0.521776 0.958831 0.0439835 0.0823378 0.362181
