0 0.0419233 0.560224 0.0344767 0.127179 0.692694
0 0.673352 0.76957 0.0424477 0.184062 0.641238
0 0.561252 0.671407 0.0483704 0.1537 0.572736
0 0.331841 0.553295 0.0332453 0.129976 0.567661
0 0.419724 0.911823 0.0411344 0.176354 0.548959
0 0.617254 0.492426 0.0307577 0.132202 0.528051
0 0.422881 0.594156 0.0362234 0.141714 0.519751
0 0.360052 0.46705 0.0257822 0.108726 0.516784
0 0.122711 0.665917 0.0260767 0.13276 0.498183
0 0.394198 0.658302 0.0425378 0.155411 0.424078
0 0.230695 0.494185 0.0401612 0.107187 0.384095
0 0.389915 0.97135 0.0364379 0.057299 0.342827
0 0.959051 0.866365 0.08141 0.26651 0.316708
0 0.478161 0.949811 0.0382809 0.0974826 0.283092
0 0.44846 0.958466 0.0358787 0.0830685 0.273356
0 0.414399 0.775473 0.0343933 0.161523 0.272072
0 0.0419233 0.560224 0.0344767 0.127179 0.692694
0 0.673352 0.76957 0.0424477 0.184062 0.641238
0 0.561252 0.671407 0.0483704 0.1537 0.572736
0 0.331841 0.553295 0.0332453 0.129976 0.567661
0 0.419724 0.911823 0.0411344 0.176354 0.548959
0 0.617254 0.492426 0.0307577 0.132202 0.528051
0 0.422881 0.594156 0.0362234 0.141714 0.519751
0 0.360052 0.46705 0.0257822 0.108726 0.516784
0 0.122711 0.665917 0.0260767 0.13276 0.498183
0 0.394198 0.658302 0.0425378 0.155411 0.424078
0 0.230695 0.494185 0.0401612 0.107187 0.384095
0 0.389915 0.97135 0.0364379 0.057299 0.342827
0 0.959051 0.866365 0.08141 0.26651 0.316708
0 0.478161 0.949811 0.0382809 0.0974826 0.283092
0 0.44846 0.958466 0.0358787 0.0830685 0.273356
0 0.414399 0.775473 0.0343933 0.161523 0.272072
