0 0.385722 0.59104 0.0565616 0.214161 0.825159
0 0.566346 0.661539 0.0721679 0.21006 0.814614
0 0.760962 0.610876 0.0624046 0.179504 0.746287
0 0.352164 0.422887 0.0372888 0.16025 0.723137
0 0.730169 0.434611 0.0416903 0.206433 0.640137
0 0.767372 0.96722 0.0429173 0.0655595 0.619356
0 0.271008 0.558923 0.0355791 0.180852 0.605979
0 0.633921 0.92393 0.0641977 0.152139 0.587571
0 0.60274 0.830846 0.0372635 0.194108 0.570889
0 0.145343 0.491249 0.0380295 0.181218 0.565362
0 0.227191 0.347926 0.0274168 0.11871 0.414636
0 0.258605 0.407421 0.0293712 0.0875926 0.325844
