0 0.876841 0.637219 0.0396688 0.146054 0.728575
0 0.484083 0.909037 0.0367657 0.174708 0.574806
0 0.596635 0.71445 0.0354767 0.158633 0.523278
0 0.49519 0.643959 0.0424431 0.143029 0.520218
0 0.391873 0.924859 0.0515414 0.139179 0.497086
0 0.747236 0.47835 0.0280878 0.125824 0.398381
0 0.163075 0.455426 0.0343159 0.110399 0.393938
0 0.401721 0.964356 0.0403843 0.071287 0.393591
0 0.515282 0.893874 0.0352615 0.174476 0.388245
0 0.287763 0.959207 0.0330763 0.0808221 0.335268
0 0.876841 0.637219 0.0396688 0.146054 0.728575
0 0.484083 0.909037 0.0367657 0.174708 0.574806
0 0.596635 0.71445 0.0354767 0.158633 0.523278
0 0.49519 0.643959 0.0424431 0.143029 0.520218
0 0.391873 0.924859 0.0515414 0.139179 0.497086
0 0.747236 0.47835 0.0280878 0.125824 0.398381
0 0.163075 0.455426 0.0343159 0.110399 0.393938
0 0.401721 0.964356 0.0403843 0.071287 0.393591
0 0.515282 0.893874 0.0352615 0.174476 0.388245
0 0.287763 0.959207 0.0330763 0.0808221 0.335268
