0 0.415433 0.58985 0.050696 0.141782 0.646662
0 0.694588 0.625357 0.0368584 0.179934 0.611635
0 0.183826 0.528039 0.0254436 0.143831 0.610908
0 0.580662 0.795564 0.044329 0.19772 0.531708
0 0.20337 0.440997 0.0238872 0.111998 0.525012
0 0.429562 0.963254 0.0378085 0.0734914 0.460714
0 0.390268 0.971399 0.0370074 0.0572025 0.456363
0 0.419365 0.464442 0.030677 0.129924 0.441386
0 0.469846 0.950895 0.0432806 0.0982101 0.311499
0 0.395679 0.492208 0.0317707 0.153498 0.311361
0 0.668048 0.444842 0.0288955 0.156804 0.263462
