0 0.063856 0.587494 0.127712 0.801177 0.913444
0 0.533234 0.581388 0.212786 0.822718 0.889208
0 0.890929 0.650682 0.193096 0.682675 0.876505
0 0.237623 0.663136 0.16683 0.652482 0.834423
0 0.73838 0.628452 0.108288 0.277831 0.636876
0 0.704379 0.41604 0.0949778 0.212212 0.363012
38 0.649552 0.906219 0.074369 0.185234 0.341509
0 0.843792 0.294362 0.0994389 0.241713 0.309812
0 0.405508 0.493531 0.0907821 0.27739 0.299903
0 0.381625 0.624824 0.0993505 0.253026 0.299395
0 0.666304 0.61517 0.0967155 0.302573 0.2989
0 0.275256 0.429621 0.0750595 0.220387 0.2979
0 0.93786 0.297388 0.104953 0.295734 0.289909
0 0.063856 0.587494 0.127712 0.801177 0.913444
0 0.533234 0.581388 0.212786 0.822718 0.889208
0 0.890929 0.650682 0.193096 0.682675 0.876505
0 0.237623 0.663136 0.16683 0.652482 0.834423
0 0.73838 0.628452 0.108288 0.277831 0.636876
0 0.704379 0.41604 0.0949778 0.212212 0.363012
38 0.649552 0.906219 0.074369 0.185234 0.341509
0 0.843792 0.294362 0.0994389 0.241713 0.309812
0 0.405508 0.493531 0.0907821 0.27739 0.299903
0 0.381625 0.624824 0.0993505 0.253026 0.299395
0 0.666304 0.61517 0.0967155 0.302573 0.2989
0 0.275256 0.429621 0.0750595 0.220387 0.2979
0 0.93786 0.297388 0.104953 0.295734 0.289909
