0 0.187344 0.581107 0.192112 0.82501 0.919548
0 0.689435 0.586547 0.187102 0.809906 0.898462
0 0.456926 0.550082 0.190538 0.882312 0.897943
0 0.969543 0.649716 0.0604996 0.67958 0.553293
56 0.100887 0.242302 0.0768963 0.105889 0.450703
0 0.634766 0.278099 0.0824175 0.224714 0.442632
0 0.0606658 0.481156 0.0724959 0.182903 0.43174
0 0.906136 0.381716 0.0815088 0.187995 0.342245
0 0.322199 0.503763 0.0806108 0.275493 0.338696
0 0.975044 0.276927 0.0494297 0.220508 0.331978
0 0.0271369 0.354246 0.0542738 0.251279 0.319982
56 0.354858 0.361171 0.0651685 0.0994194 0.316071
0 0.564271 0.176144 0.092174 0.277239 0.3055
0 0.830721 0.362151 0.0695096 0.212615 0.268103
0 0.187344 0.581107 0.192112 0.82501 0.919548
0 0.689435 0.586547 0.187102 0.809906 0.898462
0 0.456926 0.550082 0.190538 0.882312 0.897943
0 0.969543 0.649716 0.0604996 0.67958 0.553293
56 0.100887 0.242302 0.0768963 0.105889 0.450703
0 0.634766 0.278099 0.0824175 0.224714 0.442632
0 0.0606658 0.481156 0.0724959 0.182903 0.43174
0 0.906136 0.381716 0.0815088 0.187995 0.342245
0 0.322199 0.503763 0.0806108 0.275493 0.338696
0 0.975044 0.276927 0.0494297 0.220508 0.331978
0 0.0271369 0.354246 0.0542738 0.251279 0.319982
56 0.354858 0.361171 0.0651685 0.0994194 0.316071
0 0.564271 0.176144 0.092174 0.277239 0.3055
0 0.830721 0.362151 0.0695096 0.212615 0.268103
