0 0.722462 0.608992 0.304729 0.764226 0.876167
0 0.354677 0.657174 0.159783 0.331168 0.698516
0 0.467076 0.619357 0.175213 0.386153 0.588809
0 0.364442 0.449253 0.122041 0.359899 0.496442
0 0.245809 0.5834 0.108412 0.248223 0.481538
0 0.130786 0.579211 0.106415 0.264306 0.461563
0 0.924255 0.36589 0.0814816 0.191883 0.444797
0 0.590864 0.455023 0.116522 0.323199 0.408251
0 0.854635 0.401032 0.0964977 0.234589 0.397919
0 0.965826 0.387792 0.0674452 0.224938 0.338402
0 0.501914 0.414188 0.0781215 0.293751 0.319913
0 0.540341 0.589115 0.0878104 0.24194 0.252083
