0 0.673275 0.583456 0.339122 0.813797 0.916329
0 0.455043 0.585702 0.117715 0.255733 0.605875
0 0.343613 0.580743 0.106523 0.270944 0.593399
0 0.576472 0.419619 0.0970265 0.316943 0.572663
0 0.0288869 0.399054 0.0576693 0.322387 0.522746
0 0.520209 0.468519 0.0926102 0.288568 0.447382
0 0.825599 0.402269 0.0875143 0.245734 0.445117
0 0.971991 0.576555 0.0555302 0.237423 0.361412
0 0.805721 0.21119 0.126713 0.282499 0.315083
0 0.25072 0.576588 0.106625 0.226594 0.309997
0 0.904261 0.560827 0.103275 0.283654 0.270783
0 0.0670564 0.576772 0.128015 0.296879 0.251982
