0 0.603002 0.642403 0.0730719 0.213453 0.821757
0 0.384914 0.729673 0.0903977 0.168661 0.785921
0 0.38795 0.565095 0.0628192 0.203583 0.723505
0 0.252028 0.52801 0.0784934 0.245652 0.666509
0 0.62373 0.42872 0.0348548 0.185153 0.607605
0 0.544289 0.904853 0.0396667 0.183597 0.566749
0 0.302838 0.492702 0.0547137 0.162134 0.510639
0 0.293713 0.387473 0.0380375 0.117698 0.43054
0 0.587552 0.952896 0.0513872 0.0942078 0.414968
0 0.522302 0.955896 0.0449861 0.0882069 0.403079
0 0.631494 0.953273 0.0450219 0.0934548 0.376013
0 0.667949 0.93776 0.0416771 0.12369 0.372683
0 0.471045 0.973062 0.0395777 0.0538766 0.37078
