0 0.877343 0.657059 0.0340019 0.137766 0.672381
0 0.503963 0.652996 0.0354292 0.153396 0.544486
0 0.167923 0.454035 0.0216469 0.0981257 0.508559
0 0.506867 0.902191 0.032432 0.176902 0.491257
0 0.771986 0.477447 0.0285398 0.124515 0.455759
0 0.28316 0.414218 0.0279173 0.105022 0.451523
0 0.599046 0.71831 0.0434171 0.148396 0.414271
0 0.424836 0.960695 0.0405823 0.0786107 0.407621
0 0.426005 0.896258 0.0412765 0.108792 0.374392
0 0.413897 0.816742 0.0437527 0.204766 0.357817
0 0.579556 0.867442 0.060112 0.183839 0.329393
0 0.404873 0.559568 0.0363997 0.125319 0.305841
0 0.371579 0.952829 0.0443598 0.0920024 0.265389
0 0.315238 0.955553 0.0371457 0.0885637 0.264135
0 0.536151 0.882728 0.0349026 0.159553 0.262846
0 0.877343 0.657059 0.0340019 0.137766 0.672381
0 0.503963 0.652996 0.0354292 0.153396 0.544486
0 0.167923 0.454035 0.0216469 0.0981257 0.508559
0 0.506867 0.902191 0.032432 0.176902 0.491257
0 0.771986 0.477447 0.0285398 0.124515 0.455759
0 0.28316 0.414218 0.0279173 0.105022 0.451523
0 0.599046 0.71831 0.0434171 0.148396 0.414271
0 0.424836 0.960695 0.0405823 0.0786107 0.407621
0 0.426005 0.896258 0.0412765 0.108792 0.374392
0 0.413897 0.816742 0.0437527 0.204766 0.357817
0 0.579556 0.867442 0.060112 0.183839 0.329393
0 0.404873 0.559568 0.0363997 0.125319 0.305841
0 0.371579 0.952829 0.0443598 0.0920024 0.265389
0 0.315238 0.955553 0.0371457 0.0885637 0.264135
0 0.536151 0.882728 0.0349026 0.159553 0.262846
