0 0.181512 0.471199 0.0246936 0.104695 0.672651
0 0.612246 0.679447 0.032781 0.159371 0.663439
0 0.86841 0.606846 0.0292748 0.127736 0.642237
0 0.436533 0.920711 0.0360024 0.154462 0.594946
0 0.201802 0.592221 0.026559 0.125847 0.59252
0 0.501093 0.632719 0.0473423 0.140974 0.526631
0 0.473146 0.918939 0.0418703 0.155576 0.490089
0 0.499977 0.883379 0.0397522 0.178426 0.454193
0 0.695576 0.474118 0.0265867 0.128366 0.453299
0 0.416296 0.588182 0.0444434 0.178437 0.395832
0 0.440869 0.812713 0.0490189 0.105727 0.265341
0 0.620682 0.848461 0.0300138 0.130416 0.263764
0 0.181512 0.471199 0.0246936 0.104695 0.672651
0 0.612246 0.679447 0.032781 0.159371 0.663439
0 0.86841 0.606846 0.0292748 0.127736 0.642237
0 0.436533 0.920711 0.0360024 0.154462 0.594946
0 0.201802 0.592221 0.026559 0.125847 0.59252
0 0.501093 0.632719 0.0473423 0.140974 0.526631
0 0.473146 0.918939 0.0418703 0.155576 0.490089
0 0.499977 0.883379 0.0397522 0.178426 0.454193
0 0.695576 0.474118 0.0265867 0.128366 0.453299
0 0.416296 0.588182 0.0444434 0.178437 0.395832
0 0.440869 0.812713 0.0490189 0.105727 0.265341
0 0.620682 0.848461 0.0300138 0.130416 0.263764
