0 0.759854 0.594393 0.190164 0.795822 0.857281
0 0.118357 0.451337 0.120711 0.346596 0.500746
0 0.221761 0.618801 0.175871 0.384924 0.464109
0 0.425277 0.558901 0.0855923 0.262602 0.463283
0 0.343463 0.417092 0.0990702 0.229829 0.411448
0 0.664367 0.369767 0.0742779 0.208299 0.385115
0 0.929944 0.421082 0.0776394 0.202538 0.357572
0 0.969004 0.564845 0.0619926 0.196831 0.353971
0 0.611775 0.405197 0.0848479 0.203037 0.330294
0 0.30431 0.603128 0.102827 0.252773 0.321642
0 0.376844 0.677913 0.10644 0.270079 0.307567
0 0.495901 0.583804 0.12263 0.228541 0.304656
0 0.915722 0.575452 0.105261 0.223314 0.272567
0 0.866206 0.415472 0.0909538 0.249572 0.271747
0 0.624302 0.623081 0.145195 0.339302 0.26753
0 0.541198 0.412773 0.11139 0.26276 0.257891
0 0.0988423 0.659678 0.182858 0.329811 0.253299
