0 0.398564 0.587679 0.0594884 0.202866 0.802319
0 0.667561 0.799068 0.0829964 0.195835 0.79188
0 0.341344 0.416671 0.0364669 0.152588 0.758134
0 0.575899 0.655385 0.0521147 0.198131 0.740391
0 0.174401 0.471534 0.0550533 0.177593 0.689677
0 0.62462 0.925286 0.0482179 0.148856 0.65496
0 0.749806 0.966512 0.0441219 0.0669754 0.573836
0 0.266697 0.540995 0.0465671 0.173218 0.516885
0 0.72054 0.435857 0.0423292 0.202206 0.491177
0 0.772173 0.598039 0.0516813 0.162563 0.440077
0 0.245456 0.326472 0.0372828 0.110923 0.289743
0 0.0124819 0.704118 0.0248048 0.15894 0.287592
