0 0.401174 0.573364 0.0657455 0.21312 0.818185
0 0.632151 0.43057 0.036764 0.18685 0.720193
0 0.545541 0.907257 0.040482 0.184049 0.668557
0 0.60256 0.643722 0.0556097 0.215601 0.654264
0 0.590627 0.956025 0.0495058 0.0879505 0.543357
0 0.670894 0.941357 0.0429376 0.117287 0.522553
0 0.344725 0.729478 0.0742187 0.172501 0.449358
0 0.470651 0.976893 0.0388613 0.0462142 0.38113
0 0.279798 0.430147 0.046924 0.206509 0.377769
0 0.634717 0.955735 0.0446662 0.0885305 0.375218
0 0.227446 0.568732 0.0492957 0.153183 0.371859
0 0.297504 0.472219 0.0585116 0.197457 0.361529
0 0.522121 0.959519 0.0443953 0.0809626 0.352517
0 0.216002 0.536214 0.0867833 0.245999 0.291991
