0 0.50142 0.632934 0.0388834 0.150929 0.776346
0 0.603348 0.688972 0.0376414 0.151287 0.671842
0 0.873213 0.626778 0.0304077 0.13659 0.625629
0 0.431086 0.811918 0.0367195 0.202731 0.561674
0 0.165 0.461925 0.0302163 0.108861 0.550317
0 0.463947 0.913214 0.0366312 0.167563 0.543435
0 0.374533 0.60851 0.0512441 0.125989 0.462797
0 0.383273 0.970772 0.0385419 0.0584558 0.451753
0 0.498797 0.900098 0.0389698 0.179409 0.422452
0 0.241069 0.57538 0.0276879 0.11652 0.380471
0 0.408695 0.558758 0.0230429 0.124512 0.258101
0 0.50142 0.632934 0.0388834 0.150929 0.776346
0 0.603348 0.688972 0.0376414 0.151287 0.671842
0 0.873213 0.626778 0.0304077 0.13659 0.625629
0 0.431086 0.811918 0.0367195 0.202731 0.561674
0 0.165 0.461925 0.0302163 0.108861 0.550317
0 0.463947 0.913214 0.0366312 0.167563 0.543435
0 0.374533 0.60851 0.0512441 0.125989 0.462797
0 0.383273 0.970772 0.0385419 0.0584558 0.451753
0 0.498797 0.900098 0.0389698 0.179409 0.422452
0 0.241069 0.57538 0.0276879 0.11652 0.380471
0 0.408695 0.558758 0.0230429 0.124512 0.258101
