0 0.740765 0.631421 0.23553 0.720269 0.919632
0 0.573107 0.582794 0.0836353 0.206684 0.495519
0 0.573899 0.401801 0.0877058 0.223927 0.435322
0 0.634689 0.57294 0.0717295 0.239937 0.419845
0 0.284433 0.555504 0.0926337 0.254046 0.396344
0 0.914392 0.426397 0.103131 0.303128 0.374681
0 0.46797 0.572452 0.172223 0.252416 0.374428
0 0.46714 0.424585 0.0865755 0.2285 0.369864
0 0.521019 0.371936 0.0708187 0.180067 0.339966
0 0.908581 0.265381 0.11301 0.260246 0.333085
0 0.352428 0.586333 0.0963149 0.234194 0.329312
0 0.387863 0.415304 0.09105 0.228848 0.319252
0 0.163439 0.646375 0.112748 0.331464 0.293069
0 0.24157 0.679473 0.0913502 0.268752 0.28508
