0 0.740931 0.62721 0.225863 0.731956 0.909228
0 0.610953 0.405737 0.0816208 0.233152 0.409408
0 0.369633 0.5874 0.130472 0.236805 0.379557
0 0.609413 0.583544 0.0794255 0.207448 0.354275
0 0.554437 0.370955 0.0745719 0.190404 0.339995
0 0.500365 0.424675 0.0892616 0.222069 0.337954
0 0.316438 0.549079 0.0912537 0.240747 0.331383
0 0.0337788 0.456253 0.0675412 0.344741 0.313845
0 0.947732 0.418383 0.10043 0.277321 0.305402
0 0.677904 0.368026 0.0723372 0.174649 0.297698
0 0.0399796 0.723176 0.0798357 0.204767 0.281692
0 0.517357 0.572211 0.147465 0.241728 0.280988
0 0.274562 0.675231 0.0918318 0.275399 0.267735
0 0.94334 0.265289 0.112844 0.255431 0.259405
0 0.196117 0.645468 0.107444 0.333594 0.25055
