0 0.700509 0.540628 0.325797 0.901869 0.913828
0 0.905246 0.463094 0.123241 0.434907 0.716496
0 0.297634 0.387979 0.121603 0.323645 0.5814
0 0.962138 0.330267 0.0749359 0.266293 0.427285
0 0.413478 0.39457 0.115411 0.261799 0.39384
0 0.211318 0.481086 0.155639 0.467905 0.391442
0 0.291427 0.651765 0.144442 0.38246 0.382894
0 0.0637087 0.550468 0.12547 0.328278 0.337368
0 0.375594 0.575825 0.146388 0.305762 0.321105
0 0.893207 0.212883 0.108036 0.251241 0.308763
24 0.547326 0.754704 0.184913 0.191494 0.289138
