0 0.217481 0.551971 0.0370454 0.169164 0.690215
0 0.396575 0.604953 0.0348509 0.147845 0.653793
0 0.616511 0.639832 0.0413833 0.181837 0.632023
0 0.520944 0.803346 0.0542546 0.207822 0.550689
0 0.640716 0.440403 0.0272964 0.170586 0.52344
0 0.254563 0.483347 0.0495971 0.139886 0.522848
0 0.38602 0.399611 0.0247776 0.127133 0.456733
0 0.428093 0.962004 0.0413445 0.0759922 0.329798
0 0.337281 0.480351 0.0464305 0.170742 0.329132
0 0.52535 0.947217 0.0570127 0.105566 0.308061
0 0.485049 0.970367 0.0360809 0.0592667 0.280908
0 0.35233 0.425054 0.0300867 0.122933 0.267851
