0 0.391877 0.58448 0.0395603 0.179148 0.66167
0 0.212564 0.558214 0.0513736 0.161617 0.654272
0 0.253868 0.482175 0.0460372 0.14637 0.625121
0 0.506283 0.807923 0.0564623 0.221366 0.577844
0 0.634852 0.437024 0.0309298 0.182188 0.559276
0 0.611819 0.642142 0.0536724 0.179543 0.501861
0 0.374243 0.398807 0.0249561 0.131346 0.473015
0 0.335516 0.488063 0.0372832 0.153656 0.440493
0 0.472736 0.972927 0.0333962 0.0541465 0.35513
0 0.417458 0.966201 0.0410707 0.0675981 0.352037
0 0.336589 0.405494 0.0344698 0.0900681 0.314928
0 0.517125 0.946105 0.0599333 0.107539 0.296796
0 0.556009 0.928668 0.0419941 0.134788 0.256392
0 0.597219 0.931764 0.0427422 0.128052 0.255722
