0 0.113815 0.684644 0.044512 0.148507 0.736446
0 0.428656 0.911036 0.041024 0.177928 0.637478
0 0.0455798 0.55966 0.0396835 0.124255 0.635774
0 0.230365 0.531107 0.0222343 0.124838 0.518029
0 0.565252 0.677087 0.0445671 0.147985 0.471736
0 0.3989 0.970467 0.03576 0.0590666 0.462708
0 0.41876 0.776719 0.0366852 0.159092 0.420752
0 0.423696 0.594122 0.0349051 0.138707 0.402699
0 0.624321 0.49106 0.0295709 0.134454 0.389278
0 0.665131 0.781392 0.0457994 0.169733 0.383609
0 0.292932 0.517773 0.0473677 0.10652 0.358331
0 0.963463 0.867863 0.0726143 0.263589 0.334288
0 0.367952 0.67607 0.0509774 0.113809 0.334066
0 0.338448 0.552542 0.0253793 0.130385 0.331097
0 0.484387 0.948254 0.0389408 0.100716 0.32542
0 0.36955 0.464859 0.0270691 0.113352 0.288311
0 0.399912 0.656064 0.0472351 0.144595 0.282507
0 0.113815 0.684644 0.044512 0.148507 0.736446
0 0.428656 0.911036 0.041024 0.177928 0.637478
0 0.0455798 0.55966 0.0396835 0.124255 0.635774
0 0.230365 0.531107 0.0222343 0.124838 0.518029
0 0.565252 0.677087 0.0445671 0.147985 0.471736
0 0.3989 0.970467 0.03576 0.0590666 0.462708
0 0.41876 0.776719 0.0366852 0.159092 0.420752
0 0.423696 0.594122 0.0349051 0.138707 0.402699
0 0.624321 0.49106 0.0295709 0.134454 0.389278
0 0.665131 0.781392 0.0457994 0.169733 0.383609
0 0.292932 0.517773 0.0473677 0.10652 0.358331
0 0.963463 0.867863 0.0726143 0.263589 0.334288
0 0.367952 0.67607 0.0509774 0.113809 0.334066
0 0.338448 0.552542 0.0253793 0.130385 0.331097
0 0.484387 0.948254 0.0389408 0.100716 0.32542
0 0.36955 0.464859 0.0270691 0.113352 0.288311
0 0.399912 0.656064 0.0472351 0.144595 0.282507
