0 0.0864541 0.588861 0.172598 0.801421 0.913408
0 0.90574 0.650717 0.187616 0.681968 0.899393
0 0.584379 0.584656 0.210804 0.816979 0.890744
0 0.265171 0.665259 0.171753 0.650619 0.867639
0 0.785352 0.631357 0.101143 0.281647 0.649626
0 0.315425 0.434388 0.0791827 0.234846 0.398174
0 0.745897 0.417427 0.0967768 0.212508 0.390786
0 0.424482 0.62663 0.101615 0.251759 0.31866
0 0.888313 0.273403 0.0951244 0.201596 0.312953
0 0.453643 0.50193 0.0964387 0.296619 0.30782
0 0.742028 0.324516 0.103933 0.195169 0.300342
0 0.381669 0.435415 0.0784289 0.235044 0.299064
56 0.358108 0.189037 0.0530483 0.089082 0.275843
38 0.672673 0.905631 0.0368262 0.187582 0.250273
0 0.0864541 0.588861 0.172598 0.801421 0.913408
0 0.90574 0.650717 0.187616 0.681968 0.899393
0 0.584379 0.584656 0.210804 0.816979 0.890744
0 0.265171 0.665259 0.171753 0.650619 0.867639
0 0.785352 0.631357 0.101143 0.281647 0.649626
0 0.315425 0.434388 0.0791827 0.234846 0.398174
0 0.745897 0.417427 0.0967768 0.212508 0.390786
0 0.424482 0.62663 0.101615 0.251759 0.31866
0 0.888313 0.273403 0.0951244 0.201596 0.312953
0 0.453643 0.50193 0.0964387 0.296619 0.30782
0 0.742028 0.324516 0.103933 0.195169 0.300342
0 0.381669 0.435415 0.0784289 0.235044 0.299064
56 0.358108 0.189037 0.0530483 0.089082 0.275843
38 0.672673 0.905631 0.0368262 0.187582 0.250273
