0 0.13207 0.634824 0.033223 0.150289 0.685441
0 0.46913 0.901957 0.0403693 0.187005 0.648633
0 0.442897 0.781313 0.041963 0.163091 0.625896
0 0.380531 0.43863 0.0375001 0.124691 0.610417
0 0.396488 0.926687 0.0377228 0.146626 0.609585
0 0.605958 0.657917 0.0446601 0.139692 0.599544
0 0.198267 0.497189 0.0292365 0.0944858 0.597615
0 0.342535 0.538201 0.0479629 0.160843 0.563845
0 0.436552 0.953668 0.0458956 0.0926636 0.512609
0 0.844924 0.585532 0.0307816 0.123563 0.453768
0 0.0146967 0.557386 0.0293818 0.132597 0.420671
0 0.655649 0.489189 0.024172 0.12393 0.409194
0 0.42897 0.58273 0.0482332 0.147044 0.265138
0 0.13207 0.634824 0.033223 0.150289 0.685441
0 0.46913 0.901957 0.0403693 0.187005 0.648633
0 0.442897 0.781313 0.041963 0.163091 0.625896
0 0.380531 0.43863 0.0375001 0.124691 0.610417
0 0.396488 0.926687 0.0377228 0.146626 0.609585
0 0.605958 0.657917 0.0446601 0.139692 0.599544
0 0.198267 0.497189 0.0292365 0.0944858 0.597615
0 0.342535 0.538201 0.0479629 0.160843 0.563845
0 0.436552 0.953668 0.0458956 0.0926636 0.512609
0 0.844924 0.585532 0.0307816 0.123563 0.453768
0 0.0146967 0.557386 0.0293818 0.132597 0.420671
0 0.655649 0.489189 0.024172 0.12393 0.409194
0 0.42897 0.58273 0.0482332 0.147044 0.265138
