0 0.707743 0.545236 0.056328 0.160782 0.817998
0 0.348422 0.894272 0.0573235 0.203313 0.747366
0 0.459316 0.93779 0.0444496 0.124421 0.714144
0 0.248841 0.905181 0.0636569 0.184789 0.689582
0 0.607185 0.906098 0.0474063 0.187805 0.627753
0 0.663792 0.690096 0.0318613 0.160565 0.62466
0 0.0621323 0.64587 0.0422257 0.182311 0.600937
0 0.724062 0.903766 0.0417088 0.189127 0.578306
0 0.519444 0.921834 0.0577864 0.156331 0.511463
0 0.0237009 0.710729 0.0432791 0.190317 0.511254
0 0.0458457 0.461921 0.0324873 0.144009 0.497216
0 0.557909 0.966397 0.0419388 0.0672068 0.488245
0 0.765764 0.932529 0.0518032 0.130035 0.47795
0 0.245147 0.537756 0.0350685 0.130457 0.418348
0 0.811989 0.938977 0.0480513 0.112536 0.36974
0 0.30367 0.587187 0.0421439 0.103573 0.368285
0 0.694489 0.943769 0.0434605 0.109538 0.297466
0 0.186409 0.460536 0.0458074 0.132672 0.285335
0 0.707743 0.545236 0.056328 0.160782 0.817998
0 0.348422 0.894272 0.0573235 0.203313 0.747366
0 0.459316 0.93779 0.0444496 0.124421 0.714144
0 0.248841 0.905181 0.0636569 0.184789 0.689582
0 0.607185 0.906098 0.0474063 0.187805 0.627753
0 0.663792 0.690096 0.0318613 0.160565 0.62466
0 0.0621323 0.64587 0.0422257 0.182311 0.600937
0 0.724062 0.903766 0.0417088 0.189127 0.578306
0 0.519444 0.921834 0.0577864 0.156331 0.511463
0 0.0237009 0.710729 0.0432791 0.190317 0.511254
0 0.0458457 0.461921 0.0324873 0.144009 0.497216
0 0.557909 0.966397 0.0419388 0.0672068 0.488245
0 0.765764 0.932529 0.0518032 0.130035 0.47795
0 0.245147 0.537756 0.0350685 0.130457 0.418348
0 0.811989 0.938977 0.0480513 0.112536 0.36974
0 0.30367 0.587187 0.0421439 0.103573 0.368285
0 0.694489 0.943769 0.0434605 0.109538 0.297466
0 0.186409 0.460536 0.0458074 0.132672 0.285335
