0 0.0953828 0.602073 0.0422904 0.132265 0.798655
0 0.376486 0.919801 0.0440885 0.160398 0.755898
0 0.296148 0.948729 0.0432412 0.102542 0.73792
0 0.571857 0.670569 0.0459701 0.160851 0.698116
0 0.309395 0.544309 0.0298732 0.15165 0.649064
0 0.691564 0.76255 0.0574952 0.164062 0.62764
0 0.354063 0.659765 0.04903 0.175193 0.567193
0 0.363381 0.797659 0.0454232 0.149083 0.461184
0 0.24484 0.579805 0.0335846 0.172059 0.460052
0 0.230593 0.593635 0.0416374 0.16615 0.420626
0 0.584529 0.494121 0.0388626 0.124226 0.413485
0 0.387709 0.59809 0.0404628 0.147459 0.392481
0 0.495717 0.898169 0.0404213 0.148096 0.389961
0 0.757989 0.569665 0.0255711 0.124262 0.322137
0 0.397992 0.364818 0.0298096 0.10881 0.321743
0 0.434665 0.961019 0.0376356 0.0779622 0.320198
0 0.287432 0.462698 0.0310491 0.108138 0.271178
0 0.471305 0.950768 0.0368916 0.0984633 0.26208
0 0.0953828 0.602073 0.0422904 0.132265 0.798655
0 0.376486 0.919801 0.0440885 0.160398 0.755898
0 0.296148 0.948729 0.0432412 0.102542 0.73792
0 0.571857 0.670569 0.0459701 0.160851 0.698116
0 0.309395 0.544309 0.0298732 0.15165 0.649064
0 0.691564 0.76255 0.0574952 0.164062 0.62764
0 0.354063 0.659765 0.04903 0.175193 0.567193
0 0.363381 0.797659 0.0454232 0.149083 0.461184
0 0.24484 0.579805 0.0335846 0.172059 0.460052
0 0.230593 0.593635 0.0416374 0.16615 0.420626
0 0.584529 0.494121 0.0388626 0.124226 0.413485
0 0.387709 0.59809 0.0404628 0.147459 0.392481
0 0.495717 0.898169 0.0404213 0.148096 0.389961
0 0.757989 0.569665 0.0255711 0.124262 0.322137
0 0.397992 0.364818 0.0298096 0.10881 0.321743
0 0.434665 0.961019 0.0376356 0.0779622 0.320198
0 0.287432 0.462698 0.0310491 0.108138 0.271178
0 0.471305 0.950768 0.0368916 0.0984633 0.26208
