0 0.634679 0.550809 0.0368664 0.163726 0.805403
0 0.732172 0.662452 0.0658685 0.151127 0.735039
0 0.114616 0.896162 0.0951631 0.200538 0.705034
0 0.480653 0.918137 0.0606293 0.163726 0.674527
0 0.602431 0.915679 0.0415012 0.168642 0.605058
0 0.0584487 0.488782 0.0316966 0.122257 0.562037
0 0.277133 0.930748 0.0530416 0.138504 0.538505
0 0.402326 0.932242 0.0658856 0.135517 0.509231
0 0.333223 0.959489 0.0434827 0.0810227 0.472177
0 0.571095 0.955694 0.0373755 0.0886118 0.46914
0 0.123643 0.661438 0.0441858 0.188342 0.467123
0 0.536301 0.966621 0.0353096 0.066757 0.429428
0 0.68783 0.952325 0.0458224 0.0953497 0.41447
0 0.175541 0.679654 0.0948182 0.175692 0.398717
0 0.641339 0.942684 0.0453423 0.114632 0.389697
0 0.72582 0.941165 0.0360481 0.101104 0.323806
0 0.279751 0.560413 0.0337682 0.145499 0.31902
0 0.335767 0.788622 0.0447528 0.197538 0.30874
0 0.634679 0.550809 0.0368664 0.163726 0.805403
0 0.732172 0.662452 0.0658685 0.151127 0.735039
0 0.114616 0.896162 0.0951631 0.200538 0.705034
0 0.480653 0.918137 0.0606293 0.163726 0.674527
0 0.602431 0.915679 0.0415012 0.168642 0.605058
0 0.0584487 0.488782 0.0316966 0.122257 0.562037
0 0.277133 0.930748 0.0530416 0.138504 0.538505
0 0.402326 0.932242 0.0658856 0.135517 0.509231
0 0.333223 0.959489 0.0434827 0.0810227 0.472177
0 0.571095 0.955694 0.0373755 0.0886118 0.46914
0 0.123643 0.661438 0.0441858 0.188342 0.467123
0 0.536301 0.966621 0.0353096 0.066757 0.429428
0 0.68783 0.952325 0.0458224 0.0953497 0.41447
0 0.175541 0.679654 0.0948182 0.175692 0.398717
0 0.641339 0.942684 0.0453423 0.114632 0.389697
0 0.72582 0.941165 0.0360481 0.101104 0.323806
0 0.279751 0.560413 0.0337682 0.145499 0.31902
0 0.335767 0.788622 0.0447528 0.197538 0.30874
