0 0.614094 0.542575 0.0444677 0.156786 0.772659
0 0.766068 0.626619 0.0484787 0.136761 0.702217
0 0.411972 0.924676 0.062047 0.150648 0.685772
0 0.321517 0.955256 0.0452535 0.0894882 0.668879
0 0.331754 0.545401 0.0560224 0.130689 0.630923
0 0.353989 0.697196 0.054031 0.150456 0.550164
0 0.119968 0.700759 0.0630602 0.158261 0.482369
0 0.43519 0.761619 0.0376352 0.168582 0.46484
0 0.239632 0.875726 0.0885866 0.184577 0.462693
0 0.270191 0.560392 0.0373215 0.118021 0.44992
0 0.530641 0.918329 0.0410434 0.162883 0.356499
0 0.126649 0.482833 0.052267 0.121117 0.352293
0 0.255967 0.970819 0.0378061 0.0583616 0.345246
0 0.465156 0.968335 0.036215 0.0633299 0.307694
0 0.500201 0.961953 0.0363985 0.0760942 0.285987
0 0.570555 0.945943 0.0437976 0.106795 0.25057
0 0.614094 0.542575 0.0444677 0.156786 0.772659
0 0.766068 0.626619 0.0484787 0.136761 0.702217
0 0.411972 0.924676 0.062047 0.150648 0.685772
0 0.321517 0.955256 0.0452535 0.0894882 0.668879
0 0.331754 0.545401 0.0560224 0.130689 0.630923
0 0.353989 0.697196 0.054031 0.150456 0.550164
0 0.119968 0.700759 0.0630602 0.158261 0.482369
0 0.43519 0.761619 0.0376352 0.168582 0.46484
0 0.239632 0.875726 0.0885866 0.184577 0.462693
0 0.270191 0.560392 0.0373215 0.118021 0.44992
0 0.530641 0.918329 0.0410434 0.162883 0.356499
0 0.126649 0.482833 0.052267 0.121117 0.352293
0 0.255967 0.970819 0.0378061 0.0583616 0.345246
0 0.465156 0.968335 0.036215 0.0633299 0.307694
0 0.500201 0.961953 0.0363985 0.0760942 0.285987
0 0.570555 0.945943 0.0437976 0.106795 0.25057
