0 0.687308 0.544715 0.0561448 0.168537 0.835906
0 0.434823 0.941269 0.0442443 0.117463 0.715486
0 0.233135 0.905851 0.0549771 0.172747 0.710015
0 0.331926 0.8926 0.0609488 0.207478 0.614839
0 0.585802 0.906764 0.049324 0.186473 0.612693
0 0.702849 0.907255 0.0423311 0.18485 0.606263
0 0.663989 0.688213 0.0517555 0.164877 0.599358
0 0.4959 0.920351 0.0590796 0.159298 0.596666
0 0.0509897 0.648834 0.0475139 0.186549 0.576558
0 0.0252316 0.459643 0.0308536 0.14943 0.498674
0 0.29393 0.61428 0.0443879 0.147901 0.475555
0 0.184442 0.448227 0.0468771 0.125272 0.468496
0 0.53623 0.969603 0.0403006 0.0607941 0.426595
0 0.789393 0.943742 0.0468878 0.110383 0.380903
0 0.0203065 0.711368 0.0405839 0.208491 0.368724
0 0.742119 0.935129 0.0509771 0.125536 0.351054
0 0.233567 0.54633 0.0379247 0.135005 0.333385
0 0.671009 0.94646 0.0399975 0.10708 0.327608
0 0.65612 0.676877 0.0264704 0.135888 0.319142
0 0.825946 0.936929 0.0390911 0.115236 0.280476
0 0.687308 0.544715 0.0561448 0.168537 0.835906
0 0.434823 0.941269 0.0442443 0.117463 0.715486
0 0.233135 0.905851 0.0549771 0.172747 0.710015
0 0.331926 0.8926 0.0609488 0.207478 0.614839
0 0.585802 0.906764 0.049324 0.186473 0.612693
0 0.702849 0.907255 0.0423311 0.18485 0.606263
0 0.663989 0.688213 0.0517555 0.164877 0.599358
0 0.4959 0.920351 0.0590796 0.159298 0.596666
0 0.0509897 0.648834 0.0475139 0.186549 0.576558
0 0.0252316 0.459643 0.0308536 0.14943 0.498674
0 0.29393 0.61428 0.0443879 0.147901 0.475555
0 0.184442 0.448227 0.0468771 0.125272 0.468496
0 0.53623 0.969603 0.0403006 0.0607941 0.426595
0 0.789393 0.943742 0.0468878 0.110383 0.380903
0 0.0203065 0.711368 0.0405839 0.208491 0.368724
0 0.742119 0.935129 0.0509771 0.125536 0.351054
0 0.233567 0.54633 0.0379247 0.135005 0.333385
0 0.671009 0.94646 0.0399975 0.10708 0.327608
0 0.65612 0.676877 0.0264704 0.135888 0.319142
0 0.825946 0.936929 0.0390911 0.115236 0.280476
