0 0.267714 0.892402 0.0439567 0.209829 0.794627
0 0.132606 0.954249 0.0628878 0.0900494 0.78026
0 0.369404 0.952212 0.044832 0.0955755 0.732697
0 0.523005 0.913877 0.0542473 0.172245 0.710012
0 0.331618 0.848 0.0521764 0.21188 0.672229
0 0.243032 0.556434 0.0345219 0.1433 0.624704
0 0.635029 0.911203 0.0436458 0.175651 0.58651
0 0.424541 0.942413 0.0431652 0.115175 0.532369
0 0.648435 0.551078 0.0447887 0.177525 0.531438
0 0.604898 0.952313 0.0412182 0.0953735 0.529931
0 0.218123 0.441103 0.0350504 0.111128 0.509668
0 0.570423 0.962077 0.0366138 0.0758467 0.466718
0 0.687039 0.678694 0.0686689 0.165458 0.395864
0 0.282157 0.596311 0.056446 0.118349 0.384183
0 0.720922 0.949279 0.0484758 0.0986303 0.376412
0 0.674799 0.939067 0.0515171 0.118792 0.375777
0 0.0369271 0.912253 0.0733711 0.15267 0.342595
0 0.0935771 0.697988 0.0920626 0.229806 0.333226
0 0.538273 0.968863 0.0290443 0.0622737 0.264367
0 0.267714 0.892402 0.0439567 0.209829 0.794627
0 0.132606 0.954249 0.0628878 0.0900494 0.78026
0 0.369404 0.952212 0.044832 0.0955755 0.732697
0 0.523005 0.913877 0.0542473 0.172245 0.710012
0 0.331618 0.848 0.0521764 0.21188 0.672229
0 0.243032 0.556434 0.0345219 0.1433 0.624704
0 0.635029 0.911203 0.0436458 0.175651 0.58651
0 0.424541 0.942413 0.0431652 0.115175 0.532369
0 0.648435 0.551078 0.0447887 0.177525 0.531438
0 0.604898 0.952313 0.0412182 0.0953735 0.529931
0 0.218123 0.441103 0.0350504 0.111128 0.509668
0 0.570423 0.962077 0.0366138 0.0758467 0.466718
0 0.687039 0.678694 0.0686689 0.165458 0.395864
0 0.282157 0.596311 0.056446 0.118349 0.384183
0 0.720922 0.949279 0.0484758 0.0986303 0.376412
0 0.674799 0.939067 0.0515171 0.118792 0.375777
0 0.0369271 0.912253 0.0733711 0.15267 0.342595
0 0.0935771 0.697988 0.0920626 0.229806 0.333226
0 0.538273 0.968863 0.0290443 0.0622737 0.264367
