0 0.612352 0.545628 0.0305235 0.15468 0.732278
0 0.339314 0.953677 0.0485905 0.091921 0.690784
0 0.548077 0.918836 0.0425852 0.162328 0.64965
0 0.428445 0.92309 0.0641551 0.15382 0.642409
0 0.198052 0.88823 0.0535938 0.213311 0.525553
0 0.589018 0.945499 0.0455084 0.107359 0.502211
0 0.286097 0.587153 0.0507407 0.152724 0.498916
0 0.756963 0.644724 0.0308607 0.125237 0.470784
0 0.63181 0.953064 0.0441328 0.0938719 0.46972
0 0.272318 0.970222 0.0366527 0.0595559 0.457669
0 0.105751 0.484703 0.0534612 0.128776 0.443454
0 0.666422 0.941869 0.038287 0.111554 0.439188
0 0.220805 0.64124 0.0598213 0.169499 0.383402
0 0.518839 0.960851 0.0391151 0.0782978 0.36779
0 0.0667181 0.723793 0.0544336 0.17324 0.365942
0 0.32453 0.549768 0.0567883 0.123865 0.353347
0 0.397269 0.756186 0.0421215 0.118633 0.335313
0 0.482276 0.967698 0.0341299 0.0646047 0.296385
0 0.348499 0.716885 0.0431184 0.160828 0.262571
0 0.612352 0.545628 0.0305235 0.15468 0.732278
0 0.339314 0.953677 0.0485905 0.091921 0.690784
0 0.548077 0.918836 0.0425852 0.162328 0.64965
0 0.428445 0.92309 0.0641551 0.15382 0.642409
0 0.198052 0.88823 0.0535938 0.213311 0.525553
0 0.589018 0.945499 0.0455084 0.107359 0.502211
0 0.286097 0.587153 0.0507407 0.152724 0.498916
0 0.756963 0.644724 0.0308607 0.125237 0.470784
0 0.63181 0.953064 0.0441328 0.0938719 0.46972
0 0.272318 0.970222 0.0366527 0.0595559 0.457669
0 0.105751 0.484703 0.0534612 0.128776 0.443454
0 0.666422 0.941869 0.038287 0.111554 0.439188
0 0.220805 0.64124 0.0598213 0.169499 0.383402
0 0.518839 0.960851 0.0391151 0.0782978 0.36779
0 0.0667181 0.723793 0.0544336 0.17324 0.365942
0 0.32453 0.549768 0.0567883 0.123865 0.353347
0 0.397269 0.756186 0.0421215 0.118633 0.335313
0 0.482276 0.967698 0.0341299 0.0646047 0.296385
0 0.348499 0.716885 0.0431184 0.160828 0.262571
