0 0.378687 0.921676 0.0640666 0.156647 0.717085
0 0.289893 0.955133 0.0428553 0.0897337 0.658274
0 0.359569 0.655688 0.0557073 0.171524 0.649178
0 0.245588 0.582237 0.0317966 0.170347 0.648871
0 0.323101 0.810981 0.0580767 0.185272 0.586369
0 0.492808 0.91517 0.0418849 0.165568 0.520575
0 0.202799 0.462152 0.036697 0.111463 0.502019
0 0.21866 0.96871 0.0390278 0.0625802 0.491542
0 0.430693 0.967503 0.0368778 0.064994 0.388019
0 0.307721 0.520487 0.0225595 0.123531 0.366413
0 0.0101631 0.605013 0.0202087 0.0741653 0.366025
0 0.952177 0.871891 0.0951939 0.249716 0.35377
0 0.469415 0.956361 0.0334639 0.087279 0.309958
0 0.605756 0.502232 0.0317997 0.12668 0.28946
0 0.378687 0.921676 0.0640666 0.156647 0.717085
0 0.289893 0.955133 0.0428553 0.0897337 0.658274
0 0.359569 0.655688 0.0557073 0.171524 0.649178
0 0.245588 0.582237 0.0317966 0.170347 0.648871
0 0.323101 0.810981 0.0580767 0.185272 0.586369
0 0.492808 0.91517 0.0418849 0.165568 0.520575
0 0.202799 0.462152 0.036697 0.111463 0.502019
0 0.21866 0.96871 0.0390278 0.0625802 0.491542
0 0.430693 0.967503 0.0368778 0.064994 0.388019
0 0.307721 0.520487 0.0225595 0.123531 0.366413
0 0.0101631 0.605013 0.0202087 0.0741653 0.366025
0 0.952177 0.871891 0.0951939 0.249716 0.35377
0 0.469415 0.956361 0.0334639 0.087279 0.309958
0 0.605756 0.502232 0.0317997 0.12668 0.28946
