0 0.0932903 0.600241 0.0445539 0.133814 0.786943
0 0.307295 0.543018 0.03318 0.151443 0.748651
0 0.575004 0.671664 0.0487716 0.157432 0.744689
0 0.375646 0.920082 0.0445433 0.159836 0.739738
0 0.69003 0.763103 0.0590484 0.164183 0.713027
0 0.294908 0.949294 0.0430163 0.101412 0.709522
0 0.243051 0.581891 0.03544 0.169861 0.472034
0 0.584748 0.492574 0.0384089 0.129556 0.421694
0 0.384552 0.598375 0.0420486 0.143898 0.408216
0 0.494885 0.899367 0.0407898 0.151147 0.372432
0 0.360968 0.802561 0.0437737 0.14293 0.360803
0 0.352734 0.669681 0.0487524 0.1522 0.352969
0 0.402664 0.969506 0.0281199 0.0609877 0.341203
0 0.433923 0.960977 0.0364296 0.0780453 0.339218
0 0.757819 0.571134 0.0260201 0.121589 0.320592
0 0.396988 0.361589 0.0261567 0.11484 0.319549
0 0.231968 0.60342 0.0385593 0.144661 0.306556
0 0.470702 0.951159 0.0359369 0.0976822 0.277113
0 0.0932903 0.600241 0.0445539 0.133814 0.786943
0 0.307295 0.543018 0.03318 0.151443 0.748651
0 0.575004 0.671664 0.0487716 0.157432 0.744689
0 0.375646 0.920082 0.0445433 0.159836 0.739738
0 0.69003 0.763103 0.0590484 0.164183 0.713027
0 0.294908 0.949294 0.0430163 0.101412 0.709522
0 0.243051 0.581891 0.03544 0.169861 0.472034
0 0.584748 0.492574 0.0384089 0.129556 0.421694
0 0.384552 0.598375 0.0420486 0.143898 0.408216
0 0.494885 0.899367 0.0407898 0.151147 0.372432
0 0.360968 0.802561 0.0437737 0.14293 0.360803
0 0.352734 0.669681 0.0487524 0.1522 0.352969
0 0.402664 0.969506 0.0281199 0.0609877 0.341203
0 0.433923 0.960977 0.0364296 0.0780453 0.339218
0 0.757819 0.571134 0.0260201 0.121589 0.320592
0 0.396988 0.361589 0.0261567 0.11484 0.319549
0 0.231968 0.60342 0.0385593 0.144661 0.306556
0 0.470702 0.951159 0.0359369 0.0976822 0.277113
