0 0.380632 0.922257 0.0709435 0.155487 0.70135
0 0.247172 0.581562 0.0325406 0.173664 0.696907
0 0.290726 0.955088 0.0430883 0.0898236 0.679729
0 0.222132 0.968081 0.0390231 0.0638376 0.592049
0 0.356552 0.658017 0.047088 0.171508 0.588369
0 0.494762 0.915652 0.0429377 0.168695 0.556103
0 0.318889 0.813077 0.0668234 0.197182 0.532987
0 0.307899 0.528695 0.0265502 0.139983 0.491671
0 0.189712 0.46787 0.0351077 0.120095 0.463232
0 0.953122 0.873629 0.0932743 0.247025 0.449491
0 0.432511 0.967536 0.0377465 0.0649282 0.389073
0 0.471981 0.957677 0.0344737 0.0846461 0.317116
0 0.192548 0.623345 0.0505939 0.114652 0.315868
0 0.606309 0.512782 0.0359254 0.136989 0.273817
0 0.380632 0.922257 0.0709435 0.155487 0.70135
0 0.247172 0.581562 0.0325406 0.173664 0.696907
0 0.290726 0.955088 0.0430883 0.0898236 0.679729
0 0.222132 0.968081 0.0390231 0.0638376 0.592049
0 0.356552 0.658017 0.047088 0.171508 0.588369
0 0.494762 0.915652 0.0429377 0.168695 0.556103
0 0.318889 0.813077 0.0668234 0.197182 0.532987
0 0.307899 0.528695 0.0265502 0.139983 0.491671
0 0.189712 0.46787 0.0351077 0.120095 0.463232
0 0.953122 0.873629 0.0932743 0.247025 0.449491
0 0.432511 0.967536 0.0377465 0.0649282 0.389073
0 0.471981 0.957677 0.0344737 0.0846461 0.317116
0 0.192548 0.623345 0.0505939 0.114652 0.315868
0 0.606309 0.512782 0.0359254 0.136989 0.273817
