0 0.576821 0.674723 0.0510822 0.162602 0.785512
0 0.0906777 0.599341 0.0448802 0.130122 0.758881
0 0.305258 0.543415 0.0346464 0.152965 0.729547
0 0.374837 0.921462 0.0446958 0.157077 0.702532
0 0.687935 0.76479 0.061163 0.164434 0.652394
0 0.293565 0.950363 0.0428943 0.0992742 0.624135
0 0.241594 0.582775 0.0378884 0.171916 0.516365
0 0.3594 0.800197 0.0450002 0.156426 0.465802
0 0.401804 0.969401 0.0286546 0.0611988 0.394991
0 0.584728 0.491742 0.0380986 0.126736 0.362992
0 0.433009 0.96174 0.0365515 0.0765191 0.357418
0 0.395908 0.363333 0.0316573 0.114147 0.313698
0 0.494368 0.904167 0.0410748 0.159446 0.311781
0 0.352754 0.655078 0.0472496 0.174535 0.302758
0 0.383146 0.598633 0.041268 0.139611 0.298667
0 0.975575 0.87253 0.0484238 0.254941 0.260511
0 0.576821 0.674723 0.0510822 0.162602 0.785512
0 0.0906777 0.599341 0.0448802 0.130122 0.758881
0 0.305258 0.543415 0.0346464 0.152965 0.729547
0 0.374837 0.921462 0.0446958 0.157077 0.702532
0 0.687935 0.76479 0.061163 0.164434 0.652394
0 0.293565 0.950363 0.0428943 0.0992742 0.624135
0 0.241594 0.582775 0.0378884 0.171916 0.516365
0 0.3594 0.800197 0.0450002 0.156426 0.465802
0 0.401804 0.969401 0.0286546 0.0611988 0.394991
0 0.584728 0.491742 0.0380986 0.126736 0.362992
0 0.433009 0.96174 0.0365515 0.0765191 0.357418
0 0.395908 0.363333 0.0316573 0.114147 0.313698
0 0.494368 0.904167 0.0410748 0.159446 0.311781
0 0.352754 0.655078 0.0472496 0.174535 0.302758
0 0.383146 0.598633 0.041268 0.139611 0.298667
0 0.975575 0.87253 0.0484238 0.254941 0.260511
