0 0.352406 0.680482 0.0432209 0.168778 0.748528
0 0.323948 0.530669 0.0372503 0.130981 0.725081
0 0.30454 0.95551 0.0434242 0.0889793 0.694342
0 0.395156 0.924163 0.0734413 0.151331 0.620349
0 0.23923 0.968903 0.0383646 0.0621948 0.551845
0 0.162832 0.689952 0.0799781 0.153628 0.484896
0 0.138773 0.473776 0.0288461 0.127269 0.458583
0 0.607445 0.500562 0.0405087 0.178435 0.442378
0 0.512704 0.915432 0.0448755 0.167531 0.39415
0 0.257575 0.575598 0.0342922 0.157342 0.351185
0 0.469655 0.757087 0.0445475 0.156013 0.342326
0 0.278896 0.859419 0.0736757 0.180754 0.301925
0 0.484963 0.958754 0.0383989 0.0824912 0.268366
0 0.352406 0.680482 0.0432209 0.168778 0.748528
0 0.323948 0.530669 0.0372503 0.130981 0.725081
0 0.30454 0.95551 0.0434242 0.0889793 0.694342
0 0.395156 0.924163 0.0734413 0.151331 0.620349
0 0.23923 0.968903 0.0383646 0.0621948 0.551845
0 0.162832 0.689952 0.0799781 0.153628 0.484896
0 0.138773 0.473776 0.0288461 0.127269 0.458583
0 0.607445 0.500562 0.0405087 0.178435 0.442378
0 0.512704 0.915432 0.0448755 0.167531 0.39415
0 0.257575 0.575598 0.0342922 0.157342 0.351185
0 0.469655 0.757087 0.0445475 0.156013 0.342326
0 0.278896 0.859419 0.0736757 0.180754 0.301925
0 0.484963 0.958754 0.0383989 0.0824912 0.268366
