0 0.37284 0.951113 0.045049 0.0977743 0.765369
0 0.262298 0.896391 0.0456458 0.197837 0.68617
0 0.639232 0.911609 0.0430761 0.174878 0.675238
0 0.526844 0.912805 0.0545391 0.174389 0.673132
0 0.119856 0.957584 0.0643625 0.0848312 0.62226
0 0.330653 0.834149 0.0471898 0.169241 0.61084
0 0.43861 0.926444 0.0621948 0.147111 0.594991
0 0.6084 0.951774 0.0402363 0.0964522 0.58682
0 0.241138 0.560523 0.0336302 0.144212 0.570622
0 0.64962 0.547786 0.0485886 0.171013 0.478903
0 0.574249 0.960532 0.03793 0.0789359 0.453342
0 0.679869 0.938825 0.0491287 0.11811 0.388282
0 0.725643 0.949336 0.047744 0.0994883 0.363383
0 0.0629643 0.660989 0.0540709 0.173445 0.358249
0 0.680514 0.684813 0.0602625 0.164046 0.354937
0 0.763606 0.937959 0.0361715 0.104952 0.339934
0 0.0103123 0.925807 0.0205515 0.0836104 0.322746
0 0.0286767 0.510466 0.0573534 0.130408 0.301179
0 0.482272 0.978746 0.0227917 0.0425083 0.280731
0 0.214053 0.440007 0.0380761 0.0967279 0.253877
0 0.37284 0.951113 0.045049 0.0977743 0.765369
0 0.262298 0.896391 0.0456458 0.197837 0.68617
0 0.639232 0.911609 0.0430761 0.174878 0.675238
0 0.526844 0.912805 0.0545391 0.174389 0.673132
0 0.119856 0.957584 0.0643625 0.0848312 0.62226
0 0.330653 0.834149 0.0471898 0.169241 0.61084
0 0.43861 0.926444 0.0621948 0.147111 0.594991
0 0.6084 0.951774 0.0402363 0.0964522 0.58682
0 0.241138 0.560523 0.0336302 0.144212 0.570622
0 0.64962 0.547786 0.0485886 0.171013 0.478903
0 0.574249 0.960532 0.03793 0.0789359 0.453342
0 0.679869 0.938825 0.0491287 0.11811 0.388282
0 0.725643 0.949336 0.047744 0.0994883 0.363383
0 0.0629643 0.660989 0.0540709 0.173445 0.358249
0 0.680514 0.684813 0.0602625 0.164046 0.354937
0 0.763606 0.937959 0.0361715 0.104952 0.339934
0 0.0103123 0.925807 0.0205515 0.0836104 0.322746
0 0.0286767 0.510466 0.0573534 0.130408 0.301179
0 0.482272 0.978746 0.0227917 0.0425083 0.280731
0 0.214053 0.440007 0.0380761 0.0967279 0.253877
