0 0.258853 0.894393 0.0605696 0.199629 0.736728
0 0.38744 0.948332 0.0449352 0.103336 0.733923
0 0.333428 0.876977 0.0604162 0.239048 0.683385
0 0.451354 0.922992 0.0633932 0.154016 0.67539
0 0.23343 0.552811 0.0358009 0.127572 0.654146
0 0.54026 0.911283 0.0535778 0.177434 0.631063
0 0.652109 0.910951 0.041584 0.173445 0.614984
0 0.197952 0.453511 0.0483217 0.135262 0.584072
0 0.0725053 0.971573 0.0404522 0.0568549 0.541654
0 0.274695 0.609636 0.0460546 0.149039 0.485713
0 0.0154962 0.497993 0.0307612 0.143324 0.478256
0 0.621414 0.949293 0.0396237 0.101415 0.460554
0 0.656356 0.544415 0.0362556 0.164239 0.416854
0 0.691212 0.938807 0.050599 0.119418 0.416346
0 0.738412 0.947393 0.0473753 0.104529 0.406727
0 0.040205 0.691186 0.0523203 0.142883 0.361687
0 0.587112 0.961114 0.0344647 0.0775567 0.354498
0 0.665113 0.685067 0.0312733 0.158848 0.35288
0 0.658567 0.616333 0.0706869 0.297211 0.321901
0 0.776845 0.937387 0.0359623 0.108221 0.31253
0 0.494634 0.976139 0.0362794 0.0477221 0.305907
0 0.258853 0.894393 0.0605696 0.199629 0.736728
0 0.38744 0.948332 0.0449352 0.103336 0.733923
0 0.333428 0.876977 0.0604162 0.239048 0.683385
0 0.451354 0.922992 0.0633932 0.154016 0.67539
0 0.23343 0.552811 0.0358009 0.127572 0.654146
0 0.54026 0.911283 0.0535778 0.177434 0.631063
0 0.652109 0.910951 0.041584 0.173445 0.614984
0 0.197952 0.453511 0.0483217 0.135262 0.584072
0 0.0725053 0.971573 0.0404522 0.0568549 0.541654
0 0.274695 0.609636 0.0460546 0.149039 0.485713
0 0.0154962 0.497993 0.0307612 0.143324 0.478256
0 0.621414 0.949293 0.0396237 0.101415 0.460554
0 0.656356 0.544415 0.0362556 0.164239 0.416854
0 0.691212 0.938807 0.050599 0.119418 0.416346
0 0.738412 0.947393 0.0473753 0.104529 0.406727
0 0.040205 0.691186 0.0523203 0.142883 0.361687
0 0.587112 0.961114 0.0344647 0.0775567 0.354498
0 0.665113 0.685067 0.0312733 0.158848 0.35288
0 0.658567 0.616333 0.0706869 0.297211 0.321901
0 0.776845 0.937387 0.0359623 0.108221 0.31253
0 0.494634 0.976139 0.0362794 0.0477221 0.305907
