0 0.677935 0.548121 0.0562946 0.175151 0.805523
0 0.42451 0.943558 0.0445684 0.112884 0.733409
0 0.232152 0.906486 0.0525093 0.176782 0.684845
0 0.664015 0.685363 0.0720493 0.165404 0.633516
0 0.691019 0.906608 0.041139 0.182735 0.63048
0 0.574964 0.907446 0.0511449 0.185108 0.619947
0 0.328462 0.893552 0.0610963 0.212897 0.584377
0 0.0418784 0.648921 0.0369445 0.174076 0.508717
0 0.486749 0.920765 0.059514 0.158469 0.483993
0 0.285916 0.611772 0.0407287 0.14665 0.477929
0 0.527452 0.971981 0.0407974 0.056038 0.446997
0 0.626119 0.957251 0.0415997 0.0843438 0.426953
0 0.659863 0.946934 0.0391417 0.105762 0.424746
0 0.0164011 0.460913 0.0328022 0.153992 0.394202
0 0.732395 0.935694 0.0482801 0.124413 0.39181
0 0.777514 0.944253 0.0455854 0.109367 0.370831
0 0.231197 0.542483 0.0421275 0.131708 0.335873
0 0.0123284 0.710066 0.0246567 0.21494 0.283802
0 0.814702 0.937284 0.0402494 0.111692 0.269244
0 0.677935 0.548121 0.0562946 0.175151 0.805523
0 0.42451 0.943558 0.0445684 0.112884 0.733409
0 0.232152 0.906486 0.0525093 0.176782 0.684845
0 0.664015 0.685363 0.0720493 0.165404 0.633516
0 0.691019 0.906608 0.041139 0.182735 0.63048
0 0.574964 0.907446 0.0511449 0.185108 0.619947
0 0.328462 0.893552 0.0610963 0.212897 0.584377
0 0.0418784 0.648921 0.0369445 0.174076 0.508717
0 0.486749 0.920765 0.059514 0.158469 0.483993
0 0.285916 0.611772 0.0407287 0.14665 0.477929
0 0.527452 0.971981 0.0407974 0.056038 0.446997
0 0.626119 0.957251 0.0415997 0.0843438 0.426953
0 0.659863 0.946934 0.0391417 0.105762 0.424746
0 0.0164011 0.460913 0.0328022 0.153992 0.394202
0 0.732395 0.935694 0.0482801 0.124413 0.39181
0 0.777514 0.944253 0.0455854 0.109367 0.370831
0 0.231197 0.542483 0.0421275 0.131708 0.335873
0 0.0123284 0.710066 0.0246567 0.21494 0.283802
0 0.814702 0.937284 0.0402494 0.111692 0.269244
