0 0.291249 0.795699 0.129569 0.401797 0.902879
0 0.337865 0.406509 0.121349 0.470287 0.871655
0 0.113085 0.694242 0.117124 0.570054 0.845253
0 0.581952 0.716643 0.102006 0.521779 0.840563
0 0.849625 0.735266 0.177147 0.520868 0.831808
0 0.231247 0.688214 0.0735631 0.415909 0.8046
0 0.724025 0.718877 0.152861 0.559241 0.753986
0 0.981488 0.496307 0.0365242 0.19542 0.406135
0 0.488426 0.0468399 0.0865591 0.0936799 0.305332
26 0.14314 0.618381 0.051524 0.165459 0.285262
0 0.291249 0.795699 0.129569 0.401797 0.902879
0 0.337865 0.406509 0.121349 0.470287 0.871655
0 0.113085 0.694242 0.117124 0.570054 0.845253
0 0.581952 0.716643 0.102006 0.521779 0.840563
0 0.849625 0.735266 0.177147 0.520868 0.831808
0 0.231247 0.688214 0.0735631 0.415909 0.8046
0 0.724025 0.718877 0.152861 0.559241 0.753986
0 0.981488 0.496307 0.0365242 0.19542 0.406135
0 0.488426 0.0468399 0.0865591 0.0936799 0.305332
26 0.14314 0.618381 0.051524 0.165459 0.285262
