0 0.824655 0.682453 0.141983 0.575307 0.895811
0 0.938319 0.716266 0.122326 0.560961 0.841541
0 0.287923 0.592699 0.294931 0.51564 0.823336
0 0.524088 0.419712 0.205762 0.45937 0.788923
0 0.43112 0.719978 0.175559 0.542005 0.717458
0 0.153975 0.19981 0.0816915 0.195574 0.435817
0 0.0415015 0.186923 0.083003 0.282801 0.427556
0 0.959534 0.0899524 0.0786766 0.173854 0.342692
0 0.824655 0.682453 0.141983 0.575307 0.895811
0 0.938319 0.716266 0.122326 0.560961 0.841541
0 0.287923 0.592699 0.294931 0.51564 0.823336
0 0.524088 0.419712 0.205762 0.45937 0.788923
0 0.43112 0.719978 0.175559 0.542005 0.717458
0 0.153975 0.19981 0.0816915 0.195574 0.435817
0 0.0415015 0.186923 0.083003 0.282801 0.427556
0 0.959534 0.0899524 0.0786766 0.173854 0.342692
