0 0.295566 0.794236 0.128073 0.401267 0.894796
0 0.337269 0.405363 0.123092 0.465263 0.89334
0 0.109577 0.696798 0.118344 0.572854 0.864728
0 0.579517 0.71953 0.104993 0.52133 0.861282
0 0.72751 0.723466 0.124893 0.549779 0.833739
0 0.233983 0.693687 0.0736042 0.420369 0.797579
0 0.878754 0.734495 0.114972 0.521606 0.704496
0 0.983065 0.509069 0.0332237 0.176955 0.335887
26 0.136605 0.621319 0.0611658 0.178705 0.276366
0 0.487546 0.0470253 0.0886837 0.0940505 0.273627
0 0.186327 0.245495 0.0803663 0.222388 0.261004
38 0.663245 0.749349 0.116984 0.0892629 0.255563
0 0.295566 0.794236 0.128073 0.401267 0.894796
0 0.337269 0.405363 0.123092 0.465263 0.89334
0 0.109577 0.696798 0.118344 0.572854 0.864728
0 0.579517 0.71953 0.104993 0.52133 0.861282
0 0.72751 0.723466 0.124893 0.549779 0.833739
0 0.233983 0.693687 0.0736042 0.420369 0.797579
0 0.878754 0.734495 0.114972 0.521606 0.704496
0 0.983065 0.509069 0.0332237 0.176955 0.335887
26 0.136605 0.621319 0.0611658 0.178705 0.276366
0 0.487546 0.0470253 0.0886837 0.0940505 0.273627
0 0.186327 0.245495 0.0803663 0.222388 0.261004
38 0.663245 0.749349 0.116984 0.0892629 0.255563
