0 0.776549 0.669165 0.138732 0.570227 0.888244
0 0.907824 0.701492 0.183335 0.571872 0.883118
0 0.307243 0.578373 0.198471 0.602073 0.827812
0 0.456478 0.417966 0.22969 0.42147 0.541037
0 0.395392 0.711996 0.163187 0.547296 0.534233
0 0.351029 0.215578 0.0800737 0.228647 0.493641
32 0.96357 0.775222 0.0158112 0.0316142 0.492733
0 0.108423 0.193942 0.0797733 0.195093 0.463956
0 0.907253 0.0857564 0.0763134 0.171513 0.297767
0 0.188622 0.0660921 0.0720315 0.13218 0.277031
0 0.0184013 0.128369 0.0366339 0.189335 0.253814
0 0.291559 0.171863 0.0681683 0.333953 0.250108
0 0.776549 0.669165 0.138732 0.570227 0.888244
0 0.907824 0.701492 0.183335 0.571872 0.883118
0 0.307243 0.578373 0.198471 0.602073 0.827812
0 0.456478 0.417966 0.22969 0.42147 0.541037
0 0.395392 0.711996 0.163187 0.547296 0.534233
0 0.351029 0.215578 0.0800737 0.228647 0.493641
32 0.96357 0.775222 0.0158112 0.0316142 0.492733
0 0.108423 0.193942 0.0797733 0.195093 0.463956
0 0.907253 0.0857564 0.0763134 0.171513 0.297767
0 0.188622 0.0660921 0.0720315 0.13218 0.277031
0 0.0184013 0.128369 0.0366339 0.189335 0.253814
0 0.291559 0.171863 0.0681683 0.333953 0.250108
