0 0.92995 0.548783 0.138799 0.568345 0.932576
0 0.638428 0.274207 0.179146 0.459861 0.908067
0 0.531761 0.570958 0.157435 0.599604 0.852631
0 0.664157 0.858018 0.215045 0.271898 0.817766
0 0.302514 0.537232 0.134418 0.77825 0.806361
0 0.279283 0.0747963 0.0789516 0.148285 0.495378
0 0.519737 0.0938161 0.0828314 0.186365 0.349102
0 0.92995 0.548783 0.138799 0.568345 0.932576
0 0.638428 0.274207 0.179146 0.459861 0.908067
0 0.531761 0.570958 0.157435 0.599604 0.852631
0 0.664157 0.858018 0.215045 0.271898 0.817766
0 0.302514 0.537232 0.134418 0.77825 0.806361
0 0.279283 0.0747963 0.0789516 0.148285 0.495378
0 0.519737 0.0938161 0.0828314 0.186365 0.349102
