0 0.904708 0.665209 0.153774 0.57055 0.889697
0 0.604358 0.393276 0.194034 0.467569 0.882928
0 0.486949 0.674467 0.175584 0.570174 0.778586
0 0.313368 0.640506 0.207241 0.702407 0.728446
0 0.226574 0.176721 0.0778472 0.204917 0.541236
0 0.114781 0.113492 0.0832831 0.201655 0.473391
0 0.542774 0.884301 0.173641 0.215443 0.424952
0 0.0406024 0.131028 0.0611326 0.130836 0.384617
0 0.251509 0.25353 0.0975513 0.11573 0.260054
0 0.904708 0.665209 0.153774 0.57055 0.889697
0 0.604358 0.393276 0.194034 0.467569 0.882928
0 0.486949 0.674467 0.175584 0.570174 0.778586
0 0.313368 0.640506 0.207241 0.702407 0.728446
0 0.226574 0.176721 0.0778472 0.204917 0.541236
0 0.114781 0.113492 0.0832831 0.201655 0.473391
0 0.542774 0.884301 0.173641 0.215443 0.424952
0 0.0406024 0.131028 0.0611326 0.130836 0.384617
0 0.251509 0.25353 0.0975513 0.11573 0.260054
