0 0.851495 0.538929 0.0495722 0.161389 0.77061
0 0.621394 0.914826 0.0402588 0.168973 0.712164
0 0.727563 0.68602 0.0447598 0.152329 0.68423
0 0.441801 0.91061 0.0399961 0.17878 0.671441
0 0.0457734 0.81424 0.0672016 0.200746 0.66709
0 0.534227 0.969541 0.0363377 0.0609182 0.600587
0 0.204988 0.581079 0.0343664 0.125092 0.600549
0 0.125589 0.634468 0.0645286 0.177366 0.5678
0 0.674694 0.908438 0.0399988 0.173619 0.515257
0 0.752849 0.88283 0.0436268 0.192249 0.512994
0 0.404013 0.570057 0.0276561 0.120614 0.500388
0 0.577667 0.962513 0.0440424 0.0747284 0.473173
0 0.877444 0.872135 0.0423168 0.159087 0.440396
0 0.325406 0.894181 0.045599 0.197333 0.421863
0 0.356449 0.507961 0.0368158 0.11295 0.418042
0 0.344101 0.932491 0.0668258 0.132956 0.31266
0 0.710575 0.94385 0.051184 0.110375 0.289439
0 0.847421 0.928934 0.0447151 0.132968 0.273899
0 0.851495 0.538929 0.0495722 0.161389 0.77061
0 0.621394 0.914826 0.0402588 0.168973 0.712164
0 0.727563 0.68602 0.0447598 0.152329 0.68423
0 0.441801 0.91061 0.0399961 0.17878 0.671441
0 0.0457734 0.81424 0.0672016 0.200746 0.66709
0 0.534227 0.969541 0.0363377 0.0609182 0.600587
0 0.204988 0.581079 0.0343664 0.125092 0.600549
0 0.125589 0.634468 0.0645286 0.177366 0.5678
0 0.674694 0.908438 0.0399988 0.173619 0.515257
0 0.752849 0.88283 0.0436268 0.192249 0.512994
0 0.404013 0.570057 0.0276561 0.120614 0.500388
0 0.577667 0.962513 0.0440424 0.0747284 0.473173
0 0.877444 0.872135 0.0423168 0.159087 0.440396
0 0.325406 0.894181 0.045599 0.197333 0.421863
0 0.356449 0.507961 0.0368158 0.11295 0.418042
0 0.344101 0.932491 0.0668258 0.132956 0.31266
0 0.710575 0.94385 0.051184 0.110375 0.289439
0 0.847421 0.928934 0.0447151 0.132968 0.273899
