0 0.27729 0.788328 0.147048 0.41693 0.895929
0 0.330243 0.40862 0.138239 0.482032 0.883237
0 0.601762 0.6749 0.105392 0.525356 0.857244
0 0.133983 0.684393 0.0904595 0.561422 0.799262
0 0.729416 0.705683 0.17029 0.586196 0.790055
0 0.211518 0.669239 0.0811003 0.384541 0.775144
0 0.975665 0.512292 0.0481453 0.155742 0.574283
0 0.872234 0.728016 0.157202 0.52938 0.564805
0 0.0296845 0.889708 0.0591146 0.169863 0.541574
0 0.192713 0.231398 0.0788316 0.218735 0.466659
0 0.255611 0.146565 0.0609706 0.267524 0.44856
0 0.490949 0.0447196 0.0716354 0.0894391 0.318626
0 0.667354 0.096207 0.070422 0.146688 0.291781
0 0.612416 0.219215 0.0781738 0.239049 0.255385
0 0.27729 0.788328 0.147048 0.41693 0.895929
0 0.330243 0.40862 0.138239 0.482032 0.883237
0 0.601762 0.6749 0.105392 0.525356 0.857244
0 0.133983 0.684393 0.0904595 0.561422 0.799262
0 0.729416 0.705683 0.17029 0.586196 0.790055
0 0.211518 0.669239 0.0811003 0.384541 0.775144
0 0.975665 0.512292 0.0481453 0.155742 0.574283
0 0.872234 0.728016 0.157202 0.52938 0.564805
0 0.0296845 0.889708 0.0591146 0.169863 0.541574
0 0.192713 0.231398 0.0788316 0.218735 0.466659
0 0.255611 0.146565 0.0609706 0.267524 0.44856
0 0.490949 0.0447196 0.0716354 0.0894391 0.318626
0 0.667354 0.096207 0.070422 0.146688 0.291781
0 0.612416 0.219215 0.0781738 0.239049 0.255385
