0 0.366897 0.421359 0.193547 0.447153 0.901693
0 0.672376 0.672524 0.119916 0.562703 0.892424
0 0.250415 0.690139 0.186217 0.603978 0.803999
0 0.7857 0.693727 0.179361 0.608121 0.781559
0 0.954743 0.734569 0.0898941 0.524016 0.600233
0 0.102575 0.869076 0.204322 0.248975 0.505228
0 0.0227803 0.215756 0.0455266 0.204128 0.363297
0 0.366897 0.421359 0.193547 0.447153 0.901693
0 0.672376 0.672524 0.119916 0.562703 0.892424
0 0.250415 0.690139 0.186217 0.603978 0.803999
0 0.7857 0.693727 0.179361 0.608121 0.781559
0 0.954743 0.734569 0.0898941 0.524016 0.600233
0 0.102575 0.869076 0.204322 0.248975 0.505228
0 0.0227803 0.215756 0.0455266 0.204128 0.363297
