0 0.360446 0.660548 0.0506829 0.208888 0.791261
0 0.600451 0.84619 0.0560785 0.234119 0.730805
0 0.383138 0.425011 0.0385403 0.180606 0.60332
0 0.854725 0.525192 0.0279896 0.162225 0.60272
0 0.675605 0.370796 0.0355953 0.151866 0.528086
0 0.507517 0.94998 0.0427738 0.100041 0.49858
0 0.574796 0.586521 0.0591761 0.195019 0.496632
0 0.297613 0.879179 0.121839 0.238869 0.453301
0 0.470006 0.859078 0.0388811 0.134362 0.436268
0 0.547675 0.956133 0.0514664 0.0870594 0.434998
0 0.0176993 0.671779 0.0353941 0.172062 0.398212
0 0.735997 0.523089 0.0340039 0.14435 0.392772
0 0.782442 0.517706 0.0538022 0.155358 0.341059
0 0.609284 0.547249 0.0413666 0.149406 0.310693
0 0.615499 0.972324 0.0402554 0.0553522 0.277077
0 0.360446 0.660548 0.0506829 0.208888 0.791261
0 0.600451 0.84619 0.0560785 0.234119 0.730805
0 0.383138 0.425011 0.0385403 0.180606 0.60332
0 0.854725 0.525192 0.0279896 0.162225 0.60272
0 0.675605 0.370796 0.0355953 0.151866 0.528086
0 0.507517 0.94998 0.0427738 0.100041 0.49858
0 0.574796 0.586521 0.0591761 0.195019 0.496632
0 0.297613 0.879179 0.121839 0.238869 0.453301
0 0.470006 0.859078 0.0388811 0.134362 0.436268
0 0.547675 0.956133 0.0514664 0.0870594 0.434998
0 0.0176993 0.671779 0.0353941 0.172062 0.398212
0 0.735997 0.523089 0.0340039 0.14435 0.392772
0 0.782442 0.517706 0.0538022 0.155358 0.341059
0 0.609284 0.547249 0.0413666 0.149406 0.310693
0 0.615499 0.972324 0.0402554 0.0553522 0.277077
