0 0.752215 0.55298 0.184713 0.878317 0.899392
0 0.202586 0.571707 0.199824 0.837736 0.895845
0 0.493511 0.570853 0.202445 0.839682 0.873298
0 0.961973 0.635067 0.0753994 0.713666 0.774995
0 0.960088 0.259348 0.0793461 0.218218 0.62578
0 0.607289 0.501195 0.0865252 0.225843 0.515284
0 0.892287 0.157956 0.0914534 0.259453 0.314224
0 0.636743 0.161723 0.0917015 0.253468 0.298478
56 0.449764 0.22732 0.0662436 0.0898663 0.296768
0 0.101594 0.229391 0.0798846 0.171125 0.267521
0 0.14485 0.325573 0.0699954 0.161478 0.264722
56 0.907883 0.452713 0.0662109 0.151623 0.256026
0 0.752215 0.55298 0.184713 0.878317 0.899392
0 0.202586 0.571707 0.199824 0.837736 0.895845
0 0.493511 0.570853 0.202445 0.839682 0.873298
0 0.961973 0.635067 0.0753994 0.713666 0.774995
0 0.960088 0.259348 0.0793461 0.218218 0.62578
0 0.607289 0.501195 0.0865252 0.225843 0.515284
0 0.892287 0.157956 0.0914534 0.259453 0.314224
0 0.636743 0.161723 0.0917015 0.253468 0.298478
56 0.449764 0.22732 0.0662436 0.0898663 0.296768
0 0.101594 0.229391 0.0798846 0.171125 0.267521
0 0.14485 0.325573 0.0699954 0.161478 0.264722
56 0.907883 0.452713 0.0662109 0.151623 0.256026
