0 0.744509 0.473243 0.0409713 0.164898 0.811719
0 0.686176 0.550897 0.0676043 0.182111 0.764074
0 0.809774 0.625742 0.0537916 0.185345 0.705245
0 0.658648 0.372269 0.0389473 0.13825 0.661995
0 0.368189 0.435485 0.0456522 0.174226 0.659992
0 0.840926 0.477275 0.0341019 0.14493 0.640653
0 0.287656 0.664117 0.0751286 0.161596 0.625816
0 0.582758 0.546162 0.0513603 0.174704 0.577897
0 0.503836 0.947396 0.0431747 0.105208 0.505061
0 0.541519 0.560754 0.0423362 0.123694 0.449677
0 0.611973 0.971361 0.0400884 0.0568988 0.402638
0 0.543704 0.953551 0.0522654 0.0928988 0.352356
0 0.463661 0.860213 0.0392056 0.14101 0.276951
0 0.744509 0.473243 0.0409713 0.164898 0.811719
0 0.686176 0.550897 0.0676043 0.182111 0.764074
0 0.809774 0.625742 0.0537916 0.185345 0.705245
0 0.658648 0.372269 0.0389473 0.13825 0.661995
0 0.368189 0.435485 0.0456522 0.174226 0.659992
0 0.840926 0.477275 0.0341019 0.14493 0.640653
0 0.287656 0.664117 0.0751286 0.161596 0.625816
0 0.582758 0.546162 0.0513603 0.174704 0.577897
0 0.503836 0.947396 0.0431747 0.105208 0.505061
0 0.541519 0.560754 0.0423362 0.123694 0.449677
0 0.611973 0.971361 0.0400884 0.0568988 0.402638
0 0.543704 0.953551 0.0522654 0.0928988 0.352356
0 0.463661 0.860213 0.0392056 0.14101 0.276951
