0 0.285701 0.667952 0.0719227 0.154197 0.77606
0 0.684163 0.549442 0.0642278 0.185739 0.768375
0 0.747393 0.472288 0.0404509 0.164732 0.765552
0 0.656066 0.373715 0.0369528 0.13957 0.714669
0 0.85016 0.477046 0.0382711 0.148852 0.678707
0 0.542522 0.572887 0.0451993 0.15266 0.635809
0 0.818207 0.634569 0.0487648 0.200372 0.619142
0 0.593548 0.543517 0.063339 0.180274 0.591903
0 0.36824 0.436877 0.0479641 0.176424 0.583988
0 0.503858 0.947587 0.0428427 0.104825 0.519494
0 0.612177 0.971451 0.040448 0.0568934 0.383749
0 0.544088 0.953799 0.0523787 0.0924016 0.357644
0 0.477452 0.724592 0.0566444 0.211069 0.288938
0 0.285701 0.667952 0.0719227 0.154197 0.77606
0 0.684163 0.549442 0.0642278 0.185739 0.768375
0 0.747393 0.472288 0.0404509 0.164732 0.765552
0 0.656066 0.373715 0.0369528 0.13957 0.714669
0 0.85016 0.477046 0.0382711 0.148852 0.678707
0 0.542522 0.572887 0.0451993 0.15266 0.635809
0 0.818207 0.634569 0.0487648 0.200372 0.619142
0 0.593548 0.543517 0.063339 0.180274 0.591903
0 0.36824 0.436877 0.0479641 0.176424 0.583988
0 0.503858 0.947587 0.0428427 0.104825 0.519494
0 0.612177 0.971451 0.040448 0.0568934 0.383749
0 0.544088 0.953799 0.0523787 0.0924016 0.357644
0 0.477452 0.724592 0.0566444 0.211069 0.288938
