0 0.361807 0.660348 0.0492637 0.208382 0.771918
0 0.586793 0.853889 0.0562848 0.242723 0.731041
0 0.83603 0.543096 0.0344982 0.164854 0.713718
0 0.017821 0.67257 0.0355057 0.174844 0.692209
0 0.670629 0.37628 0.0299957 0.140485 0.611759
0 0.30986 0.882254 0.114808 0.235491 0.607727
0 0.50637 0.94987 0.0435423 0.100259 0.574185
0 0.379093 0.429209 0.0422351 0.169138 0.569938
0 0.58108 0.575313 0.0724653 0.202677 0.542014
0 0.784771 0.515056 0.03589 0.165842 0.532621
0 0.545669 0.956853 0.0503603 0.0862947 0.506206
0 0.467803 0.859109 0.0406673 0.136662 0.419732
0 0.638485 0.305553 0.0281418 0.134314 0.354698
0 0.470178 0.946848 0.0439161 0.106305 0.319761
0 0.739653 0.516104 0.0435982 0.159355 0.319647
0 0.40233 0.925792 0.0438258 0.135692 0.271805
0 0.361807 0.660348 0.0492637 0.208382 0.771918
0 0.586793 0.853889 0.0562848 0.242723 0.731041
0 0.83603 0.543096 0.0344982 0.164854 0.713718
0 0.017821 0.67257 0.0355057 0.174844 0.692209
0 0.670629 0.37628 0.0299957 0.140485 0.611759
0 0.30986 0.882254 0.114808 0.235491 0.607727
0 0.50637 0.94987 0.0435423 0.100259 0.574185
0 0.379093 0.429209 0.0422351 0.169138 0.569938
0 0.58108 0.575313 0.0724653 0.202677 0.542014
0 0.784771 0.515056 0.03589 0.165842 0.532621
0 0.545669 0.956853 0.0503603 0.0862947 0.506206
0 0.467803 0.859109 0.0406673 0.136662 0.419732
0 0.638485 0.305553 0.0281418 0.134314 0.354698
0 0.470178 0.946848 0.0439161 0.106305 0.319761
0 0.739653 0.516104 0.0435982 0.159355 0.319647
0 0.40233 0.925792 0.0438258 0.135692 0.271805
