0 0.664104 0.372214 0.038298 0.138641 0.792768
0 0.337594 0.661076 0.0510749 0.185523 0.741522
0 0.705255 0.550129 0.050036 0.17712 0.716256
0 0.794832 0.609549 0.0590219 0.201721 0.651251
0 0.737982 0.470525 0.0367225 0.157689 0.600946
0 0.0175253 0.671546 0.0350505 0.183597 0.538327
0 0.820578 0.475561 0.0463784 0.137789 0.519908
0 0.368273 0.434286 0.0407769 0.174871 0.448227
0 0.543261 0.955559 0.0535135 0.0883123 0.446644
0 0.594043 0.558165 0.0453152 0.157499 0.440082
0 0.529036 0.658631 0.0421584 0.138367 0.390803
0 0.503915 0.949099 0.0439548 0.101802 0.383236
0 0.612319 0.971836 0.0383423 0.0563283 0.337434
0 0.464685 0.856625 0.0398912 0.132914 0.326345
0 0.534421 0.806881 0.0574041 0.181776 0.282817
0 0.544562 0.549879 0.0407625 0.143807 0.271889
0 0.250235 0.905728 0.090614 0.183495 0.258385
0 0.664104 0.372214 0.038298 0.138641 0.792768
0 0.337594 0.661076 0.0510749 0.185523 0.741522
0 0.705255 0.550129 0.050036 0.17712 0.716256
0 0.794832 0.609549 0.0590219 0.201721 0.651251
0 0.737982 0.470525 0.0367225 0.157689 0.600946
0 0.0175253 0.671546 0.0350505 0.183597 0.538327
0 0.820578 0.475561 0.0463784 0.137789 0.519908
0 0.368273 0.434286 0.0407769 0.174871 0.448227
0 0.543261 0.955559 0.0535135 0.0883123 0.446644
0 0.594043 0.558165 0.0453152 0.157499 0.440082
0 0.529036 0.658631 0.0421584 0.138367 0.390803
0 0.503915 0.949099 0.0439548 0.101802 0.383236
0 0.612319 0.971836 0.0383423 0.0563283 0.337434
0 0.464685 0.856625 0.0398912 0.132914 0.326345
0 0.534421 0.806881 0.0574041 0.181776 0.282817
0 0.544562 0.549879 0.0407625 0.143807 0.271889
0 0.250235 0.905728 0.090614 0.183495 0.258385
