0 0.219395 0.550748 0.200856 0.880885 0.900692
0 0.867341 0.571186 0.199158 0.837935 0.886188
0 0.514849 0.590611 0.176747 0.800914 0.880075
0 0.0460839 0.573547 0.0921677 0.839529 0.826999
0 0.449242 0.297439 0.0857025 0.251942 0.502216
0 0.719399 0.392476 0.0869526 0.193974 0.352611
0 0.728114 0.516126 0.0871356 0.241214 0.344109
0 0.107642 0.166114 0.0992504 0.297697 0.33399
0 0.64035 0.260893 0.0905079 0.194285 0.31229
0 0.64434 0.36685 0.0688532 0.213632 0.276596
0 0.219395 0.550748 0.200856 0.880885 0.900692
0 0.867341 0.571186 0.199158 0.837935 0.886188
0 0.514849 0.590611 0.176747 0.800914 0.880075
0 0.0460839 0.573547 0.0921677 0.839529 0.826999
0 0.449242 0.297439 0.0857025 0.251942 0.502216
0 0.719399 0.392476 0.0869526 0.193974 0.352611
0 0.728114 0.516126 0.0871356 0.241214 0.344109
0 0.107642 0.166114 0.0992504 0.297697 0.33399
0 0.64035 0.260893 0.0905079 0.194285 0.31229
0 0.64434 0.36685 0.0688532 0.213632 0.276596
