0 0.66005 0.387021 0.0351305 0.147868 0.685702
0 0.935527 0.470786 0.0506386 0.176856 0.680581
0 0.334896 0.652763 0.0415823 0.208762 0.679192
0 0.365242 0.457633 0.0421098 0.164433 0.667057
0 0.733172 0.499234 0.0481857 0.154469 0.636855
0 0.638281 0.546659 0.0492952 0.183975 0.616586
0 0.986461 0.848687 0.0263241 0.219923 0.610815
0 0.740352 0.597562 0.0462445 0.174945 0.581737
0 0.46206 0.894042 0.0415537 0.158833 0.571595
0 0.511945 0.600973 0.0696032 0.182425 0.533848
0 0.504698 0.962819 0.0382024 0.0743625 0.523165
0 0.420859 0.943434 0.044327 0.113132 0.496965
0 0.58834 0.578105 0.0388498 0.187638 0.462471
0 0.540988 0.969267 0.0414034 0.061465 0.42514
0 0.350705 0.92855 0.0447463 0.130619 0.310791
0 0.468611 0.964309 0.0389263 0.0713816 0.299912
0 0.388986 0.941941 0.03749 0.113034 0.288526
0 0.66005 0.387021 0.0351305 0.147868 0.685702
0 0.935527 0.470786 0.0506386 0.176856 0.680581
0 0.334896 0.652763 0.0415823 0.208762 0.679192
0 0.365242 0.457633 0.0421098 0.164433 0.667057
0 0.733172 0.499234 0.0481857 0.154469 0.636855
0 0.638281 0.546659 0.0492952 0.183975 0.616586
0 0.986461 0.848687 0.0263241 0.219923 0.610815
0 0.740352 0.597562 0.0462445 0.174945 0.581737
0 0.46206 0.894042 0.0415537 0.158833 0.571595
0 0.511945 0.600973 0.0696032 0.182425 0.533848
0 0.504698 0.962819 0.0382024 0.0743625 0.523165
0 0.420859 0.943434 0.044327 0.113132 0.496965
0 0.58834 0.578105 0.0388498 0.187638 0.462471
0 0.540988 0.969267 0.0414034 0.061465 0.42514
0 0.350705 0.92855 0.0447463 0.130619 0.310791
0 0.468611 0.964309 0.0389263 0.0713816 0.299912
0 0.388986 0.941941 0.03749 0.113034 0.288526
