0 0.0917698 0.691943 0.122176 0.577846 0.924751
0 0.563224 0.730698 0.12389 0.501652 0.878844
0 0.72014 0.734617 0.124966 0.529748 0.828972
0 0.855666 0.738719 0.152096 0.519739 0.803031
0 0.361375 0.775163 0.123983 0.441581 0.796503
0 0.26774 0.725299 0.113218 0.539956 0.779961
0 0.354223 0.414269 0.157383 0.456453 0.725913
38 0.649777 0.757889 0.119161 0.0821221 0.625247
0 0.479495 0.046002 0.0730508 0.0920039 0.283225
0 0.597645 0.22617 0.0687744 0.236215 0.261975
0 0.0917698 0.691943 0.122176 0.577846 0.924751
0 0.563224 0.730698 0.12389 0.501652 0.878844
0 0.72014 0.734617 0.124966 0.529748 0.828972
0 0.855666 0.738719 0.152096 0.519739 0.803031
0 0.361375 0.775163 0.123983 0.441581 0.796503
0 0.26774 0.725299 0.113218 0.539956 0.779961
0 0.354223 0.414269 0.157383 0.456453 0.725913
38 0.649777 0.757889 0.119161 0.0821221 0.625247
0 0.479495 0.046002 0.0730508 0.0920039 0.283225
0 0.597645 0.22617 0.0687744 0.236215 0.261975
