0 0.170776 0.553535 0.207475 0.878919 0.900627
0 0.461127 0.590325 0.180349 0.801836 0.884755
0 0.811365 0.570108 0.196744 0.841052 0.863995
0 0.0338593 0.671504 0.0677186 0.643334 0.57193
0 0.676355 0.518539 0.0816105 0.24619 0.494443
0 0.0532308 0.159646 0.100251 0.308087 0.473319
0 0.398745 0.296226 0.085722 0.249022 0.410803
0 0.980699 0.67539 0.0379967 0.633412 0.38719
0 0.667955 0.392764 0.0851599 0.190783 0.356902
0 0.594367 0.366381 0.0669141 0.218937 0.331827
0 0.592852 0.261731 0.0912251 0.192444 0.311305
56 0.116638 0.142456 0.0597779 0.113221 0.251093
0 0.170776 0.553535 0.207475 0.878919 0.900627
0 0.461127 0.590325 0.180349 0.801836 0.884755
0 0.811365 0.570108 0.196744 0.841052 0.863995
0 0.0338593 0.671504 0.0677186 0.643334 0.57193
0 0.676355 0.518539 0.0816105 0.24619 0.494443
0 0.0532308 0.159646 0.100251 0.308087 0.473319
0 0.398745 0.296226 0.085722 0.249022 0.410803
0 0.980699 0.67539 0.0379967 0.633412 0.38719
0 0.667955 0.392764 0.0851599 0.190783 0.356902
0 0.594367 0.366381 0.0669141 0.218937 0.331827
0 0.592852 0.261731 0.0912251 0.192444 0.311305
56 0.116638 0.142456 0.0597779 0.113221 0.251093
