0 0.272484 0.670165 0.0819984 0.136273 0.806173
0 0.748329 0.47317 0.0382013 0.164578 0.798757
0 0.652743 0.374919 0.0374662 0.139232 0.761767
0 0.594865 0.541631 0.0483271 0.177431 0.759424
0 0.668828 0.549347 0.060284 0.174517 0.748471
0 0.876446 0.47062 0.047221 0.167569 0.733023
0 0.536916 0.580497 0.060828 0.163439 0.679004
0 0.829076 0.644363 0.0499542 0.20009 0.670757
0 0.50382 0.948385 0.0430386 0.10323 0.605041
0 0.361649 0.443414 0.0487298 0.169531 0.50084
0 0.463069 0.864895 0.0383036 0.153538 0.482703
0 0.54379 0.954816 0.0511419 0.0894721 0.459861
0 0.611837 0.971307 0.0399627 0.0573856 0.413965
30 0.803478 0.735448 0.0930805 0.0426856 0.364329
0 0.4686 0.949814 0.0429729 0.100373 0.358596
0 0.440238 0.735426 0.0719957 0.185937 0.32172
0 0.425723 0.930769 0.0577688 0.138462 0.305571
0 0.272484 0.670165 0.0819984 0.136273 0.806173
0 0.748329 0.47317 0.0382013 0.164578 0.798757
0 0.652743 0.374919 0.0374662 0.139232 0.761767
0 0.594865 0.541631 0.0483271 0.177431 0.759424
0 0.668828 0.549347 0.060284 0.174517 0.748471
0 0.876446 0.47062 0.047221 0.167569 0.733023
0 0.536916 0.580497 0.060828 0.163439 0.679004
0 0.829076 0.644363 0.0499542 0.20009 0.670757
0 0.50382 0.948385 0.0430386 0.10323 0.605041
0 0.361649 0.443414 0.0487298 0.169531 0.50084
0 0.463069 0.864895 0.0383036 0.153538 0.482703
0 0.54379 0.954816 0.0511419 0.0894721 0.459861
0 0.611837 0.971307 0.0399627 0.0573856 0.413965
30 0.803478 0.735448 0.0930805 0.0426856 0.364329
0 0.4686 0.949814 0.0429729 0.100373 0.358596
0 0.440238 0.735426 0.0719957 0.185937 0.32172
0 0.425723 0.930769 0.0577688 0.138462 0.305571
