0 0.36189 0.659916 0.0517647 0.208103 0.787751
0 0.594326 0.850887 0.0536401 0.235484 0.754123
0 0.845308 0.543181 0.0323891 0.178193 0.635882
0 0.382618 0.424689 0.0364287 0.17619 0.567798
0 0.303481 0.879853 0.124647 0.238442 0.560486
0 0.581344 0.583878 0.0728648 0.214597 0.559374
0 0.765638 0.520939 0.075643 0.163737 0.552932
0 0.507079 0.950037 0.0428894 0.0999253 0.546481
0 0.673164 0.372333 0.0336466 0.149089 0.543088
0 0.0176778 0.671971 0.0353555 0.173683 0.48061
0 0.46952 0.858867 0.040137 0.133613 0.447635
0 0.546673 0.95685 0.050959 0.0856957 0.416112
0 0.403413 0.925758 0.0439881 0.134744 0.304379
0 0.471405 0.947214 0.0439737 0.105571 0.278469
0 0.741184 0.445714 0.0482401 0.111715 0.2659
0 0.36189 0.659916 0.0517647 0.208103 0.787751
0 0.594326 0.850887 0.0536401 0.235484 0.754123
0 0.845308 0.543181 0.0323891 0.178193 0.635882
0 0.382618 0.424689 0.0364287 0.17619 0.567798
0 0.303481 0.879853 0.124647 0.238442 0.560486
0 0.581344 0.583878 0.0728648 0.214597 0.559374
0 0.765638 0.520939 0.075643 0.163737 0.552932
0 0.507079 0.950037 0.0428894 0.0999253 0.546481
0 0.673164 0.372333 0.0336466 0.149089 0.543088
0 0.0176778 0.671971 0.0353555 0.173683 0.48061
0 0.46952 0.858867 0.040137 0.133613 0.447635
0 0.546673 0.95685 0.050959 0.0856957 0.416112
0 0.403413 0.925758 0.0439881 0.134744 0.304379
0 0.471405 0.947214 0.0439737 0.105571 0.278469
0 0.741184 0.445714 0.0482401 0.111715 0.2659
