0 0.360926 0.659009 0.0507624 0.209019 0.731204
0 0.5762 0.840902 0.0500857 0.237922 0.699163
0 0.375524 0.433942 0.0409545 0.164063 0.691492
0 0.0174173 0.673103 0.0346896 0.176755 0.69084
0 0.815325 0.557118 0.0531701 0.167483 0.624081
0 0.669475 0.374139 0.0308926 0.141169 0.618753
0 0.788129 0.514363 0.0487042 0.174669 0.552193
0 0.505969 0.949854 0.0444801 0.100291 0.545353
0 0.734222 0.48355 0.0386209 0.188418 0.511832
0 0.5901 0.573194 0.0377352 0.188808 0.505127
0 0.632563 0.303916 0.0251772 0.135276 0.413755
0 0.46692 0.858512 0.0402946 0.137529 0.410665
0 0.545544 0.95822 0.0508806 0.0835605 0.400797
0 0.55991 0.620938 0.0352852 0.137468 0.386094
0 0.469587 0.949089 0.0437012 0.101823 0.276658
0 0.400373 0.925083 0.047109 0.135945 0.273616
0 0.360926 0.659009 0.0507624 0.209019 0.731204
0 0.5762 0.840902 0.0500857 0.237922 0.699163
0 0.375524 0.433942 0.0409545 0.164063 0.691492
0 0.0174173 0.673103 0.0346896 0.176755 0.69084
0 0.815325 0.557118 0.0531701 0.167483 0.624081
0 0.669475 0.374139 0.0308926 0.141169 0.618753
0 0.788129 0.514363 0.0487042 0.174669 0.552193
0 0.505969 0.949854 0.0444801 0.100291 0.545353
0 0.734222 0.48355 0.0386209 0.188418 0.511832
0 0.5901 0.573194 0.0377352 0.188808 0.505127
0 0.632563 0.303916 0.0251772 0.135276 0.413755
0 0.46692 0.858512 0.0402946 0.137529 0.410665
0 0.545544 0.95822 0.0508806 0.0835605 0.400797
0 0.55991 0.620938 0.0352852 0.137468 0.386094
0 0.469587 0.949089 0.0437012 0.101823 0.276658
0 0.400373 0.925083 0.047109 0.135945 0.273616
