0 0.742818 0.472861 0.0383285 0.161071 0.765485
0 0.834956 0.480716 0.0349836 0.163993 0.756743
0 0.686875 0.552703 0.0684692 0.179166 0.725705
0 0.581096 0.54886 0.0597921 0.169019 0.623554
0 0.298494 0.660375 0.0633312 0.167389 0.602714
0 0.661283 0.372681 0.0431787 0.138406 0.585647
0 0.807639 0.62929 0.0518498 0.202158 0.544887
0 0.368292 0.435109 0.04681 0.172996 0.532497
0 0.61209 0.971466 0.0403383 0.0566993 0.373435
0 0.542819 0.954311 0.0532925 0.0905948 0.335968
0 0.0175942 0.670177 0.0351885 0.178361 0.31786
0 0.251912 0.904154 0.0939772 0.189461 0.311871
0 0.503662 0.948466 0.042798 0.103068 0.306691
0 0.533615 0.557204 0.0584891 0.116907 0.299813
0 0.523817 0.675677 0.0705659 0.185172 0.257597
0 0.499446 0.787039 0.0592955 0.22932 0.255827
0 0.742818 0.472861 0.0383285 0.161071 0.765485
0 0.834956 0.480716 0.0349836 0.163993 0.756743
0 0.686875 0.552703 0.0684692 0.179166 0.725705
0 0.581096 0.54886 0.0597921 0.169019 0.623554
0 0.298494 0.660375 0.0633312 0.167389 0.602714
0 0.661283 0.372681 0.0431787 0.138406 0.585647
0 0.807639 0.62929 0.0518498 0.202158 0.544887
0 0.368292 0.435109 0.04681 0.172996 0.532497
0 0.61209 0.971466 0.0403383 0.0566993 0.373435
0 0.542819 0.954311 0.0532925 0.0905948 0.335968
0 0.0175942 0.670177 0.0351885 0.178361 0.31786
0 0.251912 0.904154 0.0939772 0.189461 0.311871
0 0.503662 0.948466 0.042798 0.103068 0.306691
0 0.533615 0.557204 0.0584891 0.116907 0.299813
0 0.523817 0.675677 0.0705659 0.185172 0.257597
0 0.499446 0.787039 0.0592955 0.22932 0.255827
