0 0.092553 0.688543 0.140037 0.581474 0.927891
0 0.55951 0.730382 0.125177 0.49025 0.879233
0 0.26951 0.72677 0.130376 0.536978 0.836782
0 0.735914 0.734279 0.150532 0.526384 0.793498
0 0.856793 0.736743 0.1399 0.524984 0.782986
0 0.381108 0.81033 0.124066 0.371242 0.772076
0 0.360073 0.404154 0.170285 0.478206 0.725253
0 0.242051 0.182789 0.0653594 0.336738 0.416339
0 0.182324 0.239734 0.0821176 0.223158 0.409667
0 0.480115 0.0461289 0.0784381 0.0922578 0.329836
35 0.241753 0.637686 0.0359886 0.115754 0.275823
0 0.655409 0.0983805 0.0696159 0.137387 0.273435
0 0.092553 0.688543 0.140037 0.581474 0.927891
0 0.55951 0.730382 0.125177 0.49025 0.879233
0 0.26951 0.72677 0.130376 0.536978 0.836782
0 0.735914 0.734279 0.150532 0.526384 0.793498
0 0.856793 0.736743 0.1399 0.524984 0.782986
0 0.381108 0.81033 0.124066 0.371242 0.772076
0 0.360073 0.404154 0.170285 0.478206 0.725253
0 0.242051 0.182789 0.0653594 0.336738 0.416339
0 0.182324 0.239734 0.0821176 0.223158 0.409667
0 0.480115 0.0461289 0.0784381 0.0922578 0.329836
35 0.241753 0.637686 0.0359886 0.115754 0.275823
0 0.655409 0.0983805 0.0696159 0.137387 0.273435
