0 0.361821 0.660767 0.0513737 0.208597 0.777458
0 0.585641 0.852697 0.0601276 0.243069 0.700527
0 0.0175745 0.672987 0.0350089 0.176044 0.695636
0 0.831462 0.544657 0.0362009 0.158376 0.667188
0 0.377635 0.43032 0.0430055 0.171322 0.620121
0 0.506089 0.949959 0.0437287 0.100083 0.594202
0 0.670078 0.373914 0.0307646 0.142977 0.582615
0 0.312547 0.883677 0.113873 0.232234 0.576933
0 0.788622 0.515832 0.0465377 0.168469 0.480463
0 0.545691 0.956963 0.0511594 0.0860744 0.466102
0 0.467443 0.858766 0.0405436 0.13752 0.453117
0 0.586116 0.574802 0.0545973 0.19977 0.428359
0 0.635239 0.302142 0.0283699 0.136308 0.365379
0 0.469924 0.946732 0.0436225 0.106536 0.340802
0 0.734204 0.52122 0.0336533 0.143557 0.339094
0 0.736929 0.430478 0.0399715 0.0849169 0.336412
0 0.401947 0.925652 0.0443174 0.135129 0.331282
0 0.361821 0.660767 0.0513737 0.208597 0.777458
0 0.585641 0.852697 0.0601276 0.243069 0.700527
0 0.0175745 0.672987 0.0350089 0.176044 0.695636
0 0.831462 0.544657 0.0362009 0.158376 0.667188
0 0.377635 0.43032 0.0430055 0.171322 0.620121
0 0.506089 0.949959 0.0437287 0.100083 0.594202
0 0.670078 0.373914 0.0307646 0.142977 0.582615
0 0.312547 0.883677 0.113873 0.232234 0.576933
0 0.788622 0.515832 0.0465377 0.168469 0.480463
0 0.545691 0.956963 0.0511594 0.0860744 0.466102
0 0.467443 0.858766 0.0405436 0.13752 0.453117
0 0.586116 0.574802 0.0545973 0.19977 0.428359
0 0.635239 0.302142 0.0283699 0.136308 0.365379
0 0.469924 0.946732 0.0436225 0.106536 0.340802
0 0.734204 0.52122 0.0336533 0.143557 0.339094
0 0.736929 0.430478 0.0399715 0.0849169 0.336412
0 0.401947 0.925652 0.0443174 0.135129 0.331282
