0 0.657784 0.556176 0.0770896 0.169721 0.838707
0 0.748578 0.47253 0.0377515 0.162346 0.806305
0 0.893001 0.47199 0.0611429 0.166996 0.800444
0 0.590431 0.530883 0.0461123 0.158534 0.799042
0 0.27098 0.664733 0.0842679 0.162698 0.758475
0 0.655464 0.376345 0.0335433 0.141741 0.729442
0 0.353997 0.455643 0.0484162 0.164272 0.707566
0 0.818754 0.637913 0.0642412 0.178412 0.651659
0 0.503488 0.949119 0.0430293 0.101763 0.5896
0 0.480496 0.716204 0.0650219 0.181659 0.507945
0 0.543056 0.955127 0.0508818 0.0890104 0.493267
0 0.6118 0.972084 0.0409956 0.0558328 0.478691
0 0.428039 0.681504 0.0824758 0.160868 0.460923
0 0.330951 0.924903 0.0737775 0.148369 0.458215
0 0.46222 0.868945 0.0385727 0.154989 0.43607
0 0.528917 0.577364 0.0615651 0.148125 0.416715
0 0.414915 0.926993 0.0722002 0.143719 0.371065
0 0.468903 0.949283 0.0440504 0.101434 0.351455
0 0.64804 0.983766 0.0193741 0.032467 0.277308
0 0.472998 0.344573 0.0292996 0.124354 0.258393
0 0.00928544 0.669956 0.0185709 0.180355 0.258005
0 0.657784 0.556176 0.0770896 0.169721 0.838707
0 0.748578 0.47253 0.0377515 0.162346 0.806305
0 0.893001 0.47199 0.0611429 0.166996 0.800444
0 0.590431 0.530883 0.0461123 0.158534 0.799042
0 0.27098 0.664733 0.0842679 0.162698 0.758475
0 0.655464 0.376345 0.0335433 0.141741 0.729442
0 0.353997 0.455643 0.0484162 0.164272 0.707566
0 0.818754 0.637913 0.0642412 0.178412 0.651659
0 0.503488 0.949119 0.0430293 0.101763 0.5896
0 0.480496 0.716204 0.0650219 0.181659 0.507945
0 0.543056 0.955127 0.0508818 0.0890104 0.493267
0 0.6118 0.972084 0.0409956 0.0558328 0.478691
0 0.428039 0.681504 0.0824758 0.160868 0.460923
0 0.330951 0.924903 0.0737775 0.148369 0.458215
0 0.46222 0.868945 0.0385727 0.154989 0.43607
0 0.528917 0.577364 0.0615651 0.148125 0.416715
0 0.414915 0.926993 0.0722002 0.143719 0.371065
0 0.468903 0.949283 0.0440504 0.101434 0.351455
0 0.64804 0.983766 0.0193741 0.032467 0.277308
0 0.472998 0.344573 0.0292996 0.124354 0.258393
0 0.00928544 0.669956 0.0185709 0.180355 0.258005
