0 0.654331 0.553657 0.0701725 0.170653 0.804611
0 0.748255 0.472537 0.0380508 0.162292 0.801108
0 0.268514 0.66398 0.079792 0.163833 0.777991
0 0.590855 0.535662 0.0491657 0.167712 0.773493
0 0.896257 0.473884 0.058601 0.171213 0.747816
0 0.818456 0.64602 0.0699636 0.178629 0.741452
0 0.655846 0.376551 0.0335724 0.141209 0.730487
0 0.35562 0.459569 0.0523389 0.161265 0.680476
0 0.48858 0.707211 0.0440303 0.188363 0.640571
0 0.530131 0.578453 0.0615021 0.15155 0.599539
0 0.503506 0.949249 0.0430193 0.101501 0.529953
0 0.42702 0.681244 0.0808274 0.157112 0.479057
0 0.543026 0.955332 0.0506174 0.0888607 0.428777
0 0.462485 0.871048 0.0386002 0.154962 0.410425
0 0.611363 0.972226 0.040547 0.0555484 0.381447
0 0.469171 0.948692 0.0437883 0.102616 0.349755
0 0.322646 0.927974 0.0767344 0.144052 0.28088
30 0.808533 0.72854 0.107608 0.0525713 0.26345
0 0.414192 0.927896 0.0729868 0.142285 0.254256
0 0.654331 0.553657 0.0701725 0.170653 0.804611
0 0.748255 0.472537 0.0380508 0.162292 0.801108
0 0.268514 0.66398 0.079792 0.163833 0.777991
0 0.590855 0.535662 0.0491657 0.167712 0.773493
0 0.896257 0.473884 0.058601 0.171213 0.747816
0 0.818456 0.64602 0.0699636 0.178629 0.741452
0 0.655846 0.376551 0.0335724 0.141209 0.730487
0 0.35562 0.459569 0.0523389 0.161265 0.680476
0 0.48858 0.707211 0.0440303 0.188363 0.640571
0 0.530131 0.578453 0.0615021 0.15155 0.599539
0 0.503506 0.949249 0.0430193 0.101501 0.529953
0 0.42702 0.681244 0.0808274 0.157112 0.479057
0 0.543026 0.955332 0.0506174 0.0888607 0.428777
0 0.462485 0.871048 0.0386002 0.154962 0.410425
0 0.611363 0.972226 0.040547 0.0555484 0.381447
0 0.469171 0.948692 0.0437883 0.102616 0.349755
0 0.322646 0.927974 0.0767344 0.144052 0.28088
30 0.808533 0.72854 0.107608 0.0525713 0.26345
0 0.414192 0.927896 0.0729868 0.142285 0.254256
