0 0.657119 0.55698 0.0757716 0.167101 0.842396
0 0.748471 0.47248 0.0382141 0.162514 0.802079
0 0.590642 0.534532 0.048595 0.166282 0.777941
0 0.895093 0.473152 0.0615448 0.165802 0.773626
0 0.270531 0.66712 0.0827731 0.157182 0.753202
0 0.655758 0.376657 0.0338921 0.141996 0.733925
0 0.817887 0.642322 0.0688017 0.177016 0.731873
0 0.353944 0.457288 0.0497384 0.163532 0.702658
0 0.487406 0.7067 0.0484566 0.174359 0.66712
0 0.503461 0.949257 0.0430696 0.101487 0.548796
0 0.529115 0.569444 0.0629344 0.139398 0.529658
0 0.543053 0.955225 0.0507221 0.0891344 0.461672
0 0.611339 0.972012 0.0406061 0.0559771 0.420389
0 0.462581 0.870785 0.0385702 0.152743 0.397301
0 0.323541 0.926592 0.077595 0.146816 0.396827
0 0.46903 0.948851 0.0440044 0.102298 0.325589
0 0.415045 0.926832 0.0718439 0.143197 0.279119
0 0.42538 0.684469 0.0821847 0.152927 0.262203
0 0.00949618 0.670476 0.0189924 0.179819 0.253924
0 0.657119 0.55698 0.0757716 0.167101 0.842396
0 0.748471 0.47248 0.0382141 0.162514 0.802079
0 0.590642 0.534532 0.048595 0.166282 0.777941
0 0.895093 0.473152 0.0615448 0.165802 0.773626
0 0.270531 0.66712 0.0827731 0.157182 0.753202
0 0.655758 0.376657 0.0338921 0.141996 0.733925
0 0.817887 0.642322 0.0688017 0.177016 0.731873
0 0.353944 0.457288 0.0497384 0.163532 0.702658
0 0.487406 0.7067 0.0484566 0.174359 0.66712
0 0.503461 0.949257 0.0430696 0.101487 0.548796
0 0.529115 0.569444 0.0629344 0.139398 0.529658
0 0.543053 0.955225 0.0507221 0.0891344 0.461672
0 0.611339 0.972012 0.0406061 0.0559771 0.420389
0 0.462581 0.870785 0.0385702 0.152743 0.397301
0 0.323541 0.926592 0.077595 0.146816 0.396827
0 0.46903 0.948851 0.0440044 0.102298 0.325589
0 0.415045 0.926832 0.0718439 0.143197 0.279119
0 0.42538 0.684469 0.0821847 0.152927 0.262203
0 0.00949618 0.670476 0.0189924 0.179819 0.253924
