0 0.744861 0.472599 0.0408276 0.16613 0.808411
0 0.686571 0.551098 0.0680616 0.182533 0.772538
0 0.287893 0.666418 0.0752319 0.15968 0.730787
0 0.657162 0.373636 0.0367214 0.139171 0.664578
0 0.811849 0.631382 0.0526786 0.201509 0.654308
0 0.844555 0.476036 0.0362261 0.146647 0.621469
0 0.368141 0.437081 0.0463234 0.175424 0.598818
0 0.541317 0.570268 0.0425962 0.143087 0.564632
0 0.579985 0.544862 0.0481199 0.178178 0.556282
0 0.50375 0.947667 0.043244 0.104666 0.459626
0 0.612021 0.971236 0.0402434 0.0572659 0.399188
0 0.485269 0.739468 0.0525829 0.212258 0.373677
0 0.543255 0.953898 0.0530179 0.0914473 0.345999
0 0.512688 0.676768 0.0608359 0.17348 0.28303
0 0.464555 0.863512 0.0385792 0.151777 0.265543
0 0.744861 0.472599 0.0408276 0.16613 0.808411
0 0.686571 0.551098 0.0680616 0.182533 0.772538
0 0.287893 0.666418 0.0752319 0.15968 0.730787
0 0.657162 0.373636 0.0367214 0.139171 0.664578
0 0.811849 0.631382 0.0526786 0.201509 0.654308
0 0.844555 0.476036 0.0362261 0.146647 0.621469
0 0.368141 0.437081 0.0463234 0.175424 0.598818
0 0.541317 0.570268 0.0425962 0.143087 0.564632
0 0.579985 0.544862 0.0481199 0.178178 0.556282
0 0.50375 0.947667 0.043244 0.104666 0.459626
0 0.612021 0.971236 0.0402434 0.0572659 0.399188
0 0.485269 0.739468 0.0525829 0.212258 0.373677
0 0.543255 0.953898 0.0530179 0.0914473 0.345999
0 0.512688 0.676768 0.0608359 0.17348 0.28303
0 0.464555 0.863512 0.0385792 0.151777 0.265543
