0 0.933985 0.475291 0.0396488 0.174906 0.859142
0 0.748852 0.493973 0.0420385 0.172214 0.6934
0 0.314296 0.656149 0.0641376 0.188214 0.692198
0 0.658682 0.386646 0.0338493 0.148849 0.673814
0 0.778648 0.612294 0.065526 0.246546 0.636553
0 0.357251 0.459937 0.0556014 0.165007 0.62772
0 0.463502 0.893359 0.0412272 0.165721 0.625775
0 0.594462 0.572024 0.0574578 0.161898 0.591695
0 0.506501 0.960124 0.0377775 0.0797523 0.556257
0 0.470076 0.959189 0.0414951 0.0816211 0.506576
0 0.529183 0.589001 0.0466203 0.198332 0.499027
0 0.496096 0.60123 0.0667496 0.192191 0.497917
0 0.633096 0.549637 0.0447221 0.176892 0.478901
0 0.572963 0.303127 0.0231331 0.112072 0.429947
0 0.543429 0.966071 0.0434387 0.0675208 0.41854
0 0.423415 0.939632 0.0520346 0.120737 0.337636
0 0.473029 0.355355 0.0292723 0.12635 0.252522
0 0.933985 0.475291 0.0396488 0.174906 0.859142
0 0.748852 0.493973 0.0420385 0.172214 0.6934
0 0.314296 0.656149 0.0641376 0.188214 0.692198
0 0.658682 0.386646 0.0338493 0.148849 0.673814
0 0.778648 0.612294 0.065526 0.246546 0.636553
0 0.357251 0.459937 0.0556014 0.165007 0.62772
0 0.463502 0.893359 0.0412272 0.165721 0.625775
0 0.594462 0.572024 0.0574578 0.161898 0.591695
0 0.506501 0.960124 0.0377775 0.0797523 0.556257
0 0.470076 0.959189 0.0414951 0.0816211 0.506576
0 0.529183 0.589001 0.0466203 0.198332 0.499027
0 0.496096 0.60123 0.0667496 0.192191 0.497917
0 0.633096 0.549637 0.0447221 0.176892 0.478901
0 0.572963 0.303127 0.0231331 0.112072 0.429947
0 0.543429 0.966071 0.0434387 0.0675208 0.41854
0 0.423415 0.939632 0.0520346 0.120737 0.337636
0 0.473029 0.355355 0.0292723 0.12635 0.252522
