0 0.335143 0.658676 0.056571 0.184042 0.782273
0 0.662913 0.372386 0.0397221 0.139788 0.755373
0 0.701263 0.550976 0.0589207 0.180458 0.698675
0 0.792127 0.615347 0.0638866 0.212408 0.683216
0 0.738116 0.46858 0.0352205 0.157319 0.625594
0 0.0177524 0.670305 0.0353643 0.183067 0.577541
0 0.819513 0.495788 0.0523575 0.181665 0.486408
0 0.525568 0.811675 0.0666943 0.210745 0.42847
0 0.54302 0.955384 0.0533458 0.0887699 0.42154
0 0.368287 0.432336 0.0422477 0.171344 0.416921
0 0.503765 0.948948 0.0439342 0.102103 0.40105
0 0.5931 0.556846 0.0426146 0.159351 0.395916
0 0.612097 0.971707 0.0384069 0.0565855 0.363522
0 0.46455 0.855157 0.0401661 0.130229 0.321272
0 0.249808 0.905146 0.0899646 0.18504 0.265713
0 0.527682 0.662942 0.0447197 0.125497 0.263782
0 0.335143 0.658676 0.056571 0.184042 0.782273
0 0.662913 0.372386 0.0397221 0.139788 0.755373
0 0.701263 0.550976 0.0589207 0.180458 0.698675
0 0.792127 0.615347 0.0638866 0.212408 0.683216
0 0.738116 0.46858 0.0352205 0.157319 0.625594
0 0.0177524 0.670305 0.0353643 0.183067 0.577541
0 0.819513 0.495788 0.0523575 0.181665 0.486408
0 0.525568 0.811675 0.0666943 0.210745 0.42847
0 0.54302 0.955384 0.0533458 0.0887699 0.42154
0 0.368287 0.432336 0.0422477 0.171344 0.416921
0 0.503765 0.948948 0.0439342 0.102103 0.40105
0 0.5931 0.556846 0.0426146 0.159351 0.395916
0 0.612097 0.971707 0.0384069 0.0565855 0.363522
0 0.46455 0.855157 0.0401661 0.130229 0.321272
0 0.249808 0.905146 0.0899646 0.18504 0.265713
0 0.527682 0.662942 0.0447197 0.125497 0.263782
