0 0.838978 0.569529 0.197723 0.842848 0.90747
0 0.193421 0.552266 0.201862 0.879542 0.893186
0 0.489181 0.590989 0.17794 0.80018 0.89217
0 0.0393997 0.582112 0.0787995 0.819724 0.800813
0 0.702209 0.516585 0.0831473 0.244425 0.519613
0 0.080425 0.159788 0.0988737 0.301403 0.422724
0 0.424324 0.298612 0.0859099 0.253421 0.403035
0 0.694602 0.391782 0.0876828 0.190676 0.397891
0 0.619886 0.353275 0.0670397 0.193837 0.306406
32 0.504666 0.59443 0.0221886 0.0413749 0.304324
0 0.562681 0.371742 0.0779996 0.21687 0.253896
0 0.617809 0.261549 0.0878033 0.193046 0.251749
0 0.838978 0.569529 0.197723 0.842848 0.90747
0 0.193421 0.552266 0.201862 0.879542 0.893186
0 0.489181 0.590989 0.17794 0.80018 0.89217
0 0.0393997 0.582112 0.0787995 0.819724 0.800813
0 0.702209 0.516585 0.0831473 0.244425 0.519613
0 0.080425 0.159788 0.0988737 0.301403 0.422724
0 0.424324 0.298612 0.0859099 0.253421 0.403035
0 0.694602 0.391782 0.0876828 0.190676 0.397891
0 0.619886 0.353275 0.0670397 0.193837 0.306406
32 0.504666 0.59443 0.0221886 0.0413749 0.304324
0 0.562681 0.371742 0.0779996 0.21687 0.253896
0 0.617809 0.261549 0.0878033 0.193046 0.251749
