0 0.637919 0.720748 0.0565466 0.1763 0.739377
0 0.106825 0.921893 0.0989347 0.155601 0.72402
0 0.263522 0.946408 0.0499504 0.103292 0.69926
0 0.415224 0.927998 0.0438322 0.143363 0.682486
0 0.533647 0.776081 0.0408867 0.181517 0.680233
0 0.554266 0.894611 0.0855892 0.181222 0.654091
0 0.336044 0.962357 0.0479434 0.0752867 0.629959
0 0.30341 0.956874 0.0389108 0.0862513 0.57205
0 0.538083 0.395024 0.0430376 0.137842 0.562024
0 0.37697 0.966445 0.0348986 0.0671102 0.48912
0 0.813369 0.603225 0.050813 0.200846 0.482036
0 0.621293 0.605054 0.0441275 0.124586 0.434348
0 0.771121 0.405373 0.0573896 0.128148 0.318776
0 0.837787 0.676655 0.046627 0.191917 0.309716
0 0.0217138 0.940288 0.0434276 0.117579 0.305011
0 0.839809 0.500602 0.0294928 0.066949 0.277162
0 0.0113341 0.956989 0.0224349 0.0857254 0.259177
0 0.637919 0.720748 0.0565466 0.1763 0.739377
0 0.106825 0.921893 0.0989347 0.155601 0.72402
0 0.263522 0.946408 0.0499504 0.103292 0.69926
0 0.415224 0.927998 0.0438322 0.143363 0.682486
0 0.533647 0.776081 0.0408867 0.181517 0.680233
0 0.554266 0.894611 0.0855892 0.181222 0.654091
0 0.336044 0.962357 0.0479434 0.0752867 0.629959
0 0.30341 0.956874 0.0389108 0.0862513 0.57205
0 0.538083 0.395024 0.0430376 0.137842 0.562024
0 0.37697 0.966445 0.0348986 0.0671102 0.48912
0 0.813369 0.603225 0.050813 0.200846 0.482036
0 0.621293 0.605054 0.0441275 0.124586 0.434348
0 0.771121 0.405373 0.0573896 0.128148 0.318776
0 0.837787 0.676655 0.046627 0.191917 0.309716
0 0.0217138 0.940288 0.0434276 0.117579 0.305011
0 0.839809 0.500602 0.0294928 0.066949 0.277162
0 0.0113341 0.956989 0.0224349 0.0857254 0.259177
