0 0.229549 0.768284 0.0745099 0.168857 0.777891
0 0.894816 0.472183 0.0492266 0.168174 0.726586
0 0.669857 0.417987 0.0442766 0.163841 0.707181
0 0.573533 0.588533 0.0666979 0.223658 0.700969
0 0.414891 0.700656 0.100177 0.202054 0.658495
0 0.741068 0.749877 0.0549909 0.164727 0.612616
0 0.458777 0.922954 0.0456541 0.153667 0.560036
0 0.363206 0.439273 0.0315402 0.161964 0.539251
0 0.191843 0.920958 0.095023 0.158085 0.538435
0 0.342565 0.943003 0.0399051 0.109444 0.538247
0 0.743856 0.597015 0.0809132 0.153306 0.506871
0 0.74185 0.510057 0.0392199 0.157042 0.465921
0 0.383457 0.957185 0.0366853 0.0834798 0.407599
0 0.412194 0.959125 0.0376938 0.0812083 0.391817
0 0.639788 0.585695 0.0752094 0.161477 0.378561
0 0.619428 0.32268 0.0326137 0.08578 0.363844
0 0.976269 0.915422 0.0466049 0.169157 0.350268
0 0.66521 0.572317 0.0339767 0.184859 0.254945
0 0.229549 0.768284 0.0745099 0.168857 0.777891
0 0.894816 0.472183 0.0492266 0.168174 0.726586
0 0.669857 0.417987 0.0442766 0.163841 0.707181
0 0.573533 0.588533 0.0666979 0.223658 0.700969
0 0.414891 0.700656 0.100177 0.202054 0.658495
0 0.741068 0.749877 0.0549909 0.164727 0.612616
0 0.458777 0.922954 0.0456541 0.153667 0.560036
0 0.363206 0.439273 0.0315402 0.161964 0.539251
0 0.191843 0.920958 0.095023 0.158085 0.538435
0 0.342565 0.943003 0.0399051 0.109444 0.538247
0 0.743856 0.597015 0.0809132 0.153306 0.506871
0 0.74185 0.510057 0.0392199 0.157042 0.465921
0 0.383457 0.957185 0.0366853 0.0834798 0.407599
0 0.412194 0.959125 0.0376938 0.0812083 0.391817
0 0.639788 0.585695 0.0752094 0.161477 0.378561
0 0.619428 0.32268 0.0326137 0.08578 0.363844
0 0.976269 0.915422 0.0466049 0.169157 0.350268
0 0.66521 0.572317 0.0339767 0.184859 0.254945
