0 0.965545 0.87159 0.053162 0.182422 0.802116
0 0.362462 0.680163 0.0605631 0.201641 0.791676
0 0.883114 0.469595 0.0417757 0.174321 0.75583
0 0.664487 0.406197 0.0431932 0.145582 0.733496
0 0.736803 0.513981 0.0294685 0.177635 0.621329
0 0.136103 0.736316 0.0691068 0.170565 0.591769
0 0.553856 0.582586 0.0410263 0.200507 0.589339
0 0.354976 0.461612 0.0502664 0.163919 0.567085
0 0.645379 0.562028 0.0460817 0.183262 0.522349
0 0.45628 0.920804 0.0437937 0.154998 0.47771
0 0.3406 0.943911 0.0423601 0.112178 0.469541
0 0.194841 0.927102 0.0983826 0.145795 0.465371
0 0.409728 0.956452 0.0393101 0.086143 0.432692
0 0.381215 0.955528 0.0359661 0.0889438 0.393439
0 0.298347 0.939446 0.0508933 0.121108 0.388966
0 0.580077 0.588354 0.0459215 0.190449 0.295989
0 0.965545 0.87159 0.053162 0.182422 0.802116
0 0.362462 0.680163 0.0605631 0.201641 0.791676
0 0.883114 0.469595 0.0417757 0.174321 0.75583
0 0.664487 0.406197 0.0431932 0.145582 0.733496
0 0.736803 0.513981 0.0294685 0.177635 0.621329
0 0.136103 0.736316 0.0691068 0.170565 0.591769
0 0.553856 0.582586 0.0410263 0.200507 0.589339
0 0.354976 0.461612 0.0502664 0.163919 0.567085
0 0.645379 0.562028 0.0460817 0.183262 0.522349
0 0.45628 0.920804 0.0437937 0.154998 0.47771
0 0.3406 0.943911 0.0423601 0.112178 0.469541
0 0.194841 0.927102 0.0983826 0.145795 0.465371
0 0.409728 0.956452 0.0393101 0.086143 0.432692
0 0.381215 0.955528 0.0359661 0.0889438 0.393439
0 0.298347 0.939446 0.0508933 0.121108 0.388966
0 0.580077 0.588354 0.0459215 0.190449 0.295989
