0 0.51669 0.759714 0.0662134 0.174588 0.756409
0 0.120664 0.920497 0.097397 0.1554 0.729519
0 0.344104 0.963549 0.0413706 0.0729019 0.665205
0 0.636859 0.70623 0.0386488 0.146818 0.608212
0 0.421848 0.929137 0.0451113 0.141727 0.592441
0 0.311121 0.955682 0.0389507 0.0886368 0.561866
0 0.382164 0.966456 0.0372342 0.0670874 0.561317
0 0.270729 0.945907 0.0513127 0.103222 0.548553
0 0.539994 0.396486 0.049047 0.123829 0.51048
0 0.751714 0.407577 0.0772073 0.161925 0.471417
0 0.619064 0.59794 0.0420385 0.130023 0.468081
0 0.548606 0.874216 0.0564814 0.15107 0.36064
0 0.801091 0.639566 0.0757902 0.247266 0.300225
0 0.0152871 0.960899 0.0304998 0.0771942 0.291008
0 0.834376 0.524694 0.031065 0.119573 0.262019
0 0.51669 0.759714 0.0662134 0.174588 0.756409
0 0.120664 0.920497 0.097397 0.1554 0.729519
0 0.344104 0.963549 0.0413706 0.0729019 0.665205
0 0.636859 0.70623 0.0386488 0.146818 0.608212
0 0.421848 0.929137 0.0451113 0.141727 0.592441
0 0.311121 0.955682 0.0389507 0.0886368 0.561866
0 0.382164 0.966456 0.0372342 0.0670874 0.561317
0 0.270729 0.945907 0.0513127 0.103222 0.548553
0 0.539994 0.396486 0.049047 0.123829 0.51048
0 0.751714 0.407577 0.0772073 0.161925 0.471417
0 0.619064 0.59794 0.0420385 0.130023 0.468081
0 0.548606 0.874216 0.0564814 0.15107 0.36064
0 0.801091 0.639566 0.0757902 0.247266 0.300225
0 0.0152871 0.960899 0.0304998 0.0771942 0.291008
0 0.834376 0.524694 0.031065 0.119573 0.262019
