0 0.668399 0.407018 0.0429319 0.1464 0.803458
0 0.971521 0.894595 0.0557259 0.201085 0.795129
0 0.380532 0.681307 0.0513203 0.20529 0.716756
0 0.556136 0.58972 0.0469662 0.207 0.65171
0 0.884434 0.469421 0.0451351 0.170933 0.649832
0 0.360038 0.446092 0.0412545 0.164076 0.615408
0 0.185133 0.749748 0.0388841 0.159856 0.602034
0 0.457544 0.921767 0.044998 0.154995 0.586708
0 0.195435 0.923278 0.0947452 0.153444 0.583454
0 0.341593 0.943694 0.0430484 0.112612 0.547422
0 0.650542 0.568208 0.048933 0.204179 0.517894
0 0.411403 0.957556 0.0389739 0.0840444 0.490162
0 0.594305 0.594889 0.0429424 0.185337 0.478697
0 0.382138 0.955533 0.0365701 0.0869171 0.439418
0 0.740188 0.50839 0.0278292 0.17042 0.362617
0 0.695953 0.705579 0.0580091 0.148998 0.356257
0 0.71463 0.5919 0.0766367 0.119465 0.303481
0 0.668399 0.407018 0.0429319 0.1464 0.803458
0 0.971521 0.894595 0.0557259 0.201085 0.795129
0 0.380532 0.681307 0.0513203 0.20529 0.716756
0 0.556136 0.58972 0.0469662 0.207 0.65171
0 0.884434 0.469421 0.0451351 0.170933 0.649832
0 0.360038 0.446092 0.0412545 0.164076 0.615408
0 0.185133 0.749748 0.0388841 0.159856 0.602034
0 0.457544 0.921767 0.044998 0.154995 0.586708
0 0.195435 0.923278 0.0947452 0.153444 0.583454
0 0.341593 0.943694 0.0430484 0.112612 0.547422
0 0.650542 0.568208 0.048933 0.204179 0.517894
0 0.411403 0.957556 0.0389739 0.0840444 0.490162
0 0.594305 0.594889 0.0429424 0.185337 0.478697
0 0.382138 0.955533 0.0365701 0.0869171 0.439418
0 0.740188 0.50839 0.0278292 0.17042 0.362617
0 0.695953 0.705579 0.0580091 0.148998 0.356257
0 0.71463 0.5919 0.0766367 0.119465 0.303481
