0 0.96588 0.850366 0.0449268 0.210644 0.847448
0 0.346077 0.662486 0.0401279 0.216762 0.734473
0 0.903195 0.470356 0.039204 0.16782 0.70425
0 0.352815 0.463584 0.0484722 0.16011 0.691234
0 0.543091 0.570674 0.0798582 0.229759 0.650641
0 0.727491 0.507847 0.0427937 0.170667 0.640904
0 0.657479 0.570928 0.0346018 0.202332 0.623541
0 0.656703 0.401336 0.037324 0.136102 0.561563
0 0.455791 0.914206 0.0424351 0.160774 0.559187
0 0.0617546 0.726738 0.0594026 0.176375 0.493459
0 0.343274 0.938973 0.0415063 0.120381 0.458375
0 0.595398 0.61545 0.0865271 0.170709 0.438316
0 0.407411 0.950144 0.0499666 0.0982951 0.429469
0 0.539566 0.976351 0.0268238 0.0472987 0.353196
0 0.565217 0.309819 0.025338 0.116916 0.344409
0 0.694387 0.543499 0.0340428 0.177775 0.34082
0 0.499044 0.970537 0.0357786 0.0588126 0.332946
0 0.289358 0.931754 0.0728167 0.132581 0.309112
0 0.381042 0.949052 0.0391119 0.10018 0.273916
0 0.96588 0.850366 0.0449268 0.210644 0.847448
0 0.346077 0.662486 0.0401279 0.216762 0.734473
0 0.903195 0.470356 0.039204 0.16782 0.70425
0 0.352815 0.463584 0.0484722 0.16011 0.691234
0 0.543091 0.570674 0.0798582 0.229759 0.650641
0 0.727491 0.507847 0.0427937 0.170667 0.640904
0 0.657479 0.570928 0.0346018 0.202332 0.623541
0 0.656703 0.401336 0.037324 0.136102 0.561563
0 0.455791 0.914206 0.0424351 0.160774 0.559187
0 0.0617546 0.726738 0.0594026 0.176375 0.493459
0 0.343274 0.938973 0.0415063 0.120381 0.458375
0 0.595398 0.61545 0.0865271 0.170709 0.438316
0 0.407411 0.950144 0.0499666 0.0982951 0.429469
0 0.539566 0.976351 0.0268238 0.0472987 0.353196
0 0.565217 0.309819 0.025338 0.116916 0.344409
0 0.694387 0.543499 0.0340428 0.177775 0.34082
0 0.499044 0.970537 0.0357786 0.0588126 0.332946
0 0.289358 0.931754 0.0728167 0.132581 0.309112
0 0.381042 0.949052 0.0391119 0.10018 0.273916
