0 0.255915 0.94729 0.0473646 0.100874 0.722922
0 0.0852692 0.921158 0.108291 0.155095 0.707497
0 0.645725 0.737118 0.0694738 0.194883 0.703984
0 0.53653 0.787546 0.0486053 0.19942 0.695617
0 0.408084 0.929719 0.0427472 0.140563 0.670816
0 0.296306 0.958482 0.0404657 0.0830362 0.601792
0 0.328057 0.965049 0.0447914 0.0699017 0.584529
0 0.367728 0.967604 0.037381 0.0647928 0.533486
0 0.595705 0.909382 0.0467012 0.175681 0.516862
0 0.546005 0.403334 0.0301275 0.113277 0.498281
0 0.622326 0.60875 0.0575588 0.137071 0.469134
0 0.770682 0.403871 0.0548828 0.111163 0.405448
0 0.306116 0.444266 0.0425145 0.180717 0.316866
0 0.835305 0.601816 0.0736059 0.227037 0.314639
0 0.255915 0.94729 0.0473646 0.100874 0.722922
0 0.0852692 0.921158 0.108291 0.155095 0.707497
0 0.645725 0.737118 0.0694738 0.194883 0.703984
0 0.53653 0.787546 0.0486053 0.19942 0.695617
0 0.408084 0.929719 0.0427472 0.140563 0.670816
0 0.296306 0.958482 0.0404657 0.0830362 0.601792
0 0.328057 0.965049 0.0447914 0.0699017 0.584529
0 0.367728 0.967604 0.037381 0.0647928 0.533486
0 0.595705 0.909382 0.0467012 0.175681 0.516862
0 0.546005 0.403334 0.0301275 0.113277 0.498281
0 0.622326 0.60875 0.0575588 0.137071 0.469134
0 0.770682 0.403871 0.0548828 0.111163 0.405448
0 0.306116 0.444266 0.0425145 0.180717 0.316866
0 0.835305 0.601816 0.0736059 0.227037 0.314639
