0 0.113071 0.921016 0.102581 0.157113 0.748173
0 0.529824 0.773204 0.0461577 0.185386 0.65262
0 0.63746 0.712982 0.0451506 0.156894 0.645094
0 0.418479 0.928142 0.0435619 0.142768 0.644347
0 0.540181 0.399139 0.0478741 0.12523 0.585977
0 0.34078 0.963392 0.045564 0.0732151 0.561211
0 0.266462 0.946011 0.0491633 0.102374 0.542469
0 0.30658 0.956252 0.0391749 0.0874957 0.499427
0 0.379311 0.966133 0.0377573 0.0677335 0.44851
0 0.620623 0.603134 0.0411415 0.128504 0.437618
0 0.830129 0.676421 0.0408768 0.204586 0.423942
0 0.771138 0.406888 0.080689 0.163741 0.393692
0 0.0242287 0.937195 0.0484062 0.121443 0.344398
0 0.838418 0.50782 0.0300474 0.0804944 0.303971
0 0.54631 0.899649 0.0784996 0.193361 0.273291
0 0.113071 0.921016 0.102581 0.157113 0.748173
0 0.529824 0.773204 0.0461577 0.185386 0.65262
0 0.63746 0.712982 0.0451506 0.156894 0.645094
0 0.418479 0.928142 0.0435619 0.142768 0.644347
0 0.540181 0.399139 0.0478741 0.12523 0.585977
0 0.34078 0.963392 0.045564 0.0732151 0.561211
0 0.266462 0.946011 0.0491633 0.102374 0.542469
0 0.30658 0.956252 0.0391749 0.0874957 0.499427
0 0.379311 0.966133 0.0377573 0.0677335 0.44851
0 0.620623 0.603134 0.0411415 0.128504 0.437618
0 0.830129 0.676421 0.0408768 0.204586 0.423942
0 0.771138 0.406888 0.080689 0.163741 0.393692
0 0.0242287 0.937195 0.0484062 0.121443 0.344398
0 0.838418 0.50782 0.0300474 0.0804944 0.303971
0 0.54631 0.899649 0.0784996 0.193361 0.273291
