0 0.463822 0.7322 0.0537199 0.203293 0.783449
0 0.941538 0.501533 0.0676455 0.148671 0.744249
0 0.588702 0.611352 0.0651279 0.227149 0.74023
0 0.168414 0.921638 0.0968976 0.156504 0.651948
0 0.77432 0.543932 0.0581058 0.166778 0.599608
0 0.720513 0.601617 0.0720814 0.238497 0.59737
0 0.70338 0.40659 0.0636035 0.152487 0.589875
0 0.447899 0.929049 0.0468925 0.141903 0.574468
0 0.85507 0.639204 0.0992962 0.101458 0.538956
0 0.885994 0.86667 0.0584759 0.182053 0.536709
0 0.334928 0.950336 0.0377073 0.0993273 0.500741
0 0.375591 0.961777 0.0392078 0.0764463 0.437734
0 0.280101 0.946761 0.0339777 0.106478 0.391102
0 0.30406 0.969424 0.0355886 0.0611528 0.35621
0 0.407611 0.959994 0.0379688 0.0800113 0.290022
0 0.395357 0.820837 0.049967 0.145734 0.255833
0 0.463822 0.7322 0.0537199 0.203293 0.783449
0 0.941538 0.501533 0.0676455 0.148671 0.744249
0 0.588702 0.611352 0.0651279 0.227149 0.74023
0 0.168414 0.921638 0.0968976 0.156504 0.651948
0 0.77432 0.543932 0.0581058 0.166778 0.599608
0 0.720513 0.601617 0.0720814 0.238497 0.59737
0 0.70338 0.40659 0.0636035 0.152487 0.589875
0 0.447899 0.929049 0.0468925 0.141903 0.574468
0 0.85507 0.639204 0.0992962 0.101458 0.538956
0 0.885994 0.86667 0.0584759 0.182053 0.536709
0 0.334928 0.950336 0.0377073 0.0993273 0.500741
0 0.375591 0.961777 0.0392078 0.0764463 0.437734
0 0.280101 0.946761 0.0339777 0.106478 0.391102
0 0.30406 0.969424 0.0355886 0.0611528 0.35621
0 0.407611 0.959994 0.0379688 0.0800113 0.290022
0 0.395357 0.820837 0.049967 0.145734 0.255833
