0 0.974275 0.894603 0.0502914 0.210794 0.774294
0 0.669509 0.406401 0.0421698 0.145416 0.718654
0 0.559643 0.592314 0.0479759 0.204612 0.695913
0 0.886987 0.468544 0.0455345 0.1709 0.693306
0 0.200573 0.747791 0.0532756 0.161912 0.670765
0 0.359451 0.442771 0.0415232 0.163349 0.623819
0 0.458519 0.922295 0.0465237 0.155042 0.611629
0 0.194611 0.921774 0.0952166 0.156451 0.603174
0 0.341906 0.944184 0.0408826 0.111632 0.574011
0 0.387153 0.678839 0.0481576 0.211229 0.54785
0 0.602207 0.58865 0.0425425 0.175212 0.492335
0 0.411761 0.957753 0.0388963 0.0836977 0.486039
0 0.653354 0.565353 0.0544767 0.191333 0.478003
0 0.382401 0.956004 0.036781 0.0861454 0.471358
0 0.603855 0.329998 0.0261868 0.12538 0.380341
0 0.716369 0.713423 0.0443867 0.137404 0.376236
0 0.741748 0.509665 0.0327068 0.16716 0.309979
0 0.974275 0.894603 0.0502914 0.210794 0.774294
0 0.669509 0.406401 0.0421698 0.145416 0.718654
0 0.559643 0.592314 0.0479759 0.204612 0.695913
0 0.886987 0.468544 0.0455345 0.1709 0.693306
0 0.200573 0.747791 0.0532756 0.161912 0.670765
0 0.359451 0.442771 0.0415232 0.163349 0.623819
0 0.458519 0.922295 0.0465237 0.155042 0.611629
0 0.194611 0.921774 0.0952166 0.156451 0.603174
0 0.341906 0.944184 0.0408826 0.111632 0.574011
0 0.387153 0.678839 0.0481576 0.211229 0.54785
0 0.602207 0.58865 0.0425425 0.175212 0.492335
0 0.411761 0.957753 0.0388963 0.0836977 0.486039
0 0.653354 0.565353 0.0544767 0.191333 0.478003
0 0.382401 0.956004 0.036781 0.0861454 0.471358
0 0.603855 0.329998 0.0261868 0.12538 0.380341
0 0.716369 0.713423 0.0443867 0.137404 0.376236
0 0.741748 0.509665 0.0327068 0.16716 0.309979
