0 0.471045 0.741736 0.0670124 0.193092 0.795111
0 0.910552 0.89897 0.0507572 0.199107 0.787187
0 0.709916 0.408137 0.0702057 0.154545 0.729279
0 0.16583 0.921045 0.0961541 0.15788 0.692327
0 0.44505 0.927406 0.045502 0.145187 0.631766
0 0.332111 0.950613 0.0361028 0.0987747 0.598225
0 0.785164 0.544184 0.0405844 0.154676 0.598211
0 0.371106 0.962249 0.0371099 0.0755018 0.579518
0 0.51699 0.384563 0.038211 0.120512 0.538249
0 0.950876 0.504183 0.0631369 0.146282 0.461332
0 0.40471 0.96278 0.036138 0.0744398 0.45837
0 0.590857 0.623475 0.0687384 0.2458 0.458246
0 0.728579 0.609308 0.0774825 0.214948 0.424963
0 0.279842 0.946557 0.0371161 0.105404 0.406572
0 0.417403 0.832064 0.042997 0.145612 0.28585
0 0.301547 0.969299 0.0365532 0.0614022 0.271761
0 0.471045 0.741736 0.0670124 0.193092 0.795111
0 0.910552 0.89897 0.0507572 0.199107 0.787187
0 0.709916 0.408137 0.0702057 0.154545 0.729279
0 0.16583 0.921045 0.0961541 0.15788 0.692327
0 0.44505 0.927406 0.045502 0.145187 0.631766
0 0.332111 0.950613 0.0361028 0.0987747 0.598225
0 0.785164 0.544184 0.0405844 0.154676 0.598211
0 0.371106 0.962249 0.0371099 0.0755018 0.579518
0 0.51699 0.384563 0.038211 0.120512 0.538249
0 0.950876 0.504183 0.0631369 0.146282 0.461332
0 0.40471 0.96278 0.036138 0.0744398 0.45837
0 0.590857 0.623475 0.0687384 0.2458 0.458246
0 0.728579 0.609308 0.0774825 0.214948 0.424963
0 0.279842 0.946557 0.0371161 0.105404 0.406572
0 0.417403 0.832064 0.042997 0.145612 0.28585
0 0.301547 0.969299 0.0365532 0.0614022 0.271761
