0 0.108662 0.47662 0.0467436 0.127907 0.794033
0 0.31801 0.792457 0.0572469 0.174431 0.630673
0 0.461222 0.429774 0.0336302 0.0993977 0.620229
0 0.508619 0.476943 0.0206125 0.105987 0.585544
0 0.721944 0.807748 0.0350313 0.16054 0.562867
0 0.537157 0.373175 0.0383385 0.111092 0.545258
0 0.852207 0.774797 0.0420525 0.173867 0.537228
0 0.249692 0.389946 0.0204033 0.123796 0.508792
0 0.667564 0.657755 0.0248639 0.152338 0.503864
0 0.602501 0.578885 0.0478792 0.147377 0.490085
0 0.673429 0.804023 0.0422977 0.159739 0.457106
0 0.600122 0.836421 0.033287 0.161853 0.385629
0 0.515752 0.910979 0.0383408 0.103067 0.372251
0 0.450433 0.93242 0.0496788 0.133858 0.356387
0 0.967657 0.418372 0.0398251 0.138799 0.338285
0 0.267304 0.624379 0.0348394 0.107409 0.337456
0 0.341925 0.495681 0.050862 0.140133 0.332926
0 0.786022 0.75994 0.0455137 0.140642 0.331794
0 0.45592 0.768774 0.0359114 0.153834 0.305989
0 0.551428 0.898519 0.0402327 0.120858 0.30504
0 0.637374 0.812799 0.0325022 0.133482 0.255013
0 0.108662 0.47662 0.0467436 0.127907 0.794033
0 0.31801 0.792457 0.0572469 0.174431 0.630673
0 0.461222 0.429774 0.0336302 0.0993977 0.620229
0 0.508619 0.476943 0.0206125 0.105987 0.585544
0 0.721944 0.807748 0.0350313 0.16054 0.562867
0 0.537157 0.373175 0.0383385 0.111092 0.545258
0 0.852207 0.774797 0.0420525 0.173867 0.537228
0 0.249692 0.389946 0.0204033 0.123796 0.508792
0 0.667564 0.657755 0.0248639 0.152338 0.503864
0 0.602501 0.578885 0.0478792 0.147377 0.490085
0 0.673429 0.804023 0.0422977 0.159739 0.457106
0 0.600122 0.836421 0.033287 0.161853 0.385629
0 0.515752 0.910979 0.0383408 0.103067 0.372251
0 0.450433 0.93242 0.0496788 0.133858 0.356387
0 0.967657 0.418372 0.0398251 0.138799 0.338285
0 0.267304 0.624379 0.0348394 0.107409 0.337456
0 0.341925 0.495681 0.050862 0.140133 0.332926
0 0.786022 0.75994 0.0455137 0.140642 0.331794
0 0.45592 0.768774 0.0359114 0.153834 0.305989
0 0.551428 0.898519 0.0402327 0.120858 0.30504
0 0.637374 0.812799 0.0325022 0.133482 0.255013
