0 0.113377 0.469293 0.0470204 0.119598 0.696942
0 0.344914 0.766473 0.0710373 0.177162 0.689031
0 0.272235 0.394901 0.0265175 0.120687 0.665258
0 0.258725 0.817543 0.054511 0.185954 0.644378
0 0.452415 0.436779 0.0392532 0.14053 0.623977
0 0.559574 0.372758 0.0347532 0.131242 0.544796
0 0.247723 0.566634 0.0334316 0.124008 0.450444
0 0.673635 0.822658 0.0333443 0.155897 0.400273
0 0.625107 0.694706 0.047624 0.16944 0.396362
0 0.924294 0.775529 0.046999 0.169833 0.366217
0 0.3327 0.491728 0.0337811 0.142592 0.343414
0 0.493789 0.488172 0.0411921 0.137418 0.337727
0 0.331085 0.389811 0.0257034 0.0942339 0.335357
0 0.629703 0.58188 0.0325256 0.118014 0.333806
0 0.113377 0.469293 0.0470204 0.119598 0.696942
0 0.344914 0.766473 0.0710373 0.177162 0.689031
0 0.272235 0.394901 0.0265175 0.120687 0.665258
0 0.258725 0.817543 0.054511 0.185954 0.644378
0 0.452415 0.436779 0.0392532 0.14053 0.623977
0 0.559574 0.372758 0.0347532 0.131242 0.544796
0 0.247723 0.566634 0.0334316 0.124008 0.450444
0 0.673635 0.822658 0.0333443 0.155897 0.400273
0 0.625107 0.694706 0.047624 0.16944 0.396362
0 0.924294 0.775529 0.046999 0.169833 0.366217
0 0.3327 0.491728 0.0337811 0.142592 0.343414
0 0.493789 0.488172 0.0411921 0.137418 0.337727
0 0.331085 0.389811 0.0257034 0.0942339 0.335357
0 0.629703 0.58188 0.0325256 0.118014 0.333806
