0 0.11823 0.469592 0.0412333 0.12757 0.692847
0 0.457698 0.435018 0.028503 0.136585 0.667344
0 0.549558 0.372511 0.0233319 0.123126 0.629471
0 0.506966 0.469023 0.0244067 0.109243 0.627785
0 0.333652 0.495709 0.0515194 0.153722 0.611177
0 0.256346 0.586955 0.040416 0.14783 0.47952
0 0.896197 0.774642 0.042952 0.173648 0.461702
0 0.26607 0.382765 0.0231761 0.110753 0.425572
0 0.279212 0.835913 0.0443842 0.10974 0.387996
0 0.645302 0.822552 0.0332972 0.158184 0.384868
0 0.864492 0.773244 0.0375332 0.144742 0.342502
0 0.682397 0.808707 0.0340424 0.148899 0.303825
0 0.71977 0.788449 0.041901 0.142516 0.302256
32 0.696002 0.298446 0.0145052 0.0294765 0.297462
0 0.639354 0.685984 0.0315912 0.167907 0.285044
0 0.397211 0.731839 0.0318146 0.0869907 0.253783
0 0.11823 0.469592 0.0412333 0.12757 0.692847
0 0.457698 0.435018 0.028503 0.136585 0.667344
0 0.549558 0.372511 0.0233319 0.123126 0.629471
0 0.506966 0.469023 0.0244067 0.109243 0.627785
0 0.333652 0.495709 0.0515194 0.153722 0.611177
0 0.256346 0.586955 0.040416 0.14783 0.47952
0 0.896197 0.774642 0.042952 0.173648 0.461702
0 0.26607 0.382765 0.0231761 0.110753 0.425572
0 0.279212 0.835913 0.0443842 0.10974 0.387996
0 0.645302 0.822552 0.0332972 0.158184 0.384868
0 0.864492 0.773244 0.0375332 0.144742 0.342502
0 0.682397 0.808707 0.0340424 0.148899 0.303825
0 0.71977 0.788449 0.041901 0.142516 0.302256
32 0.696002 0.298446 0.0145052 0.0294765 0.297462
0 0.639354 0.685984 0.0315912 0.167907 0.285044
0 0.397211 0.731839 0.0318146 0.0869907 0.253783
