0 0.286821 0.796881 0.0663078 0.168956 0.795314
0 0.406167 0.77478 0.0676588 0.184183 0.756385
0 0.115671 0.471226 0.0406068 0.126423 0.666516
0 0.26276 0.385504 0.0239389 0.126796 0.658802
0 0.458915 0.421707 0.0258223 0.11125 0.595158
0 0.545488 0.369952 0.0205523 0.130472 0.570753
0 0.344646 0.499166 0.0291266 0.141347 0.541138
0 0.88324 0.774034 0.043292 0.170464 0.539822
0 0.50694 0.474917 0.0272463 0.117731 0.514827
0 0.335408 0.363871 0.0361611 0.11839 0.478205
0 0.987406 0.411247 0.0244095 0.14108 0.458075
0 0.706263 0.791748 0.0441554 0.147333 0.407991
0 0.615351 0.581584 0.0321449 0.141585 0.388813
0 0.58321 0.8858 0.039949 0.120046 0.387429
0 0.851389 0.772415 0.0362709 0.14453 0.363716
0 0.265993 0.592193 0.0609365 0.1511 0.353604
0 0.75749 0.799919 0.0374104 0.156574 0.34448
0 0.632473 0.822217 0.0342619 0.165388 0.337778
0 0.547579 0.894775 0.0369682 0.100614 0.301676
0 0.669665 0.802533 0.0328721 0.136659 0.293816
0 0.328946 0.426423 0.0337671 0.0628611 0.285195
0 0.286821 0.796881 0.0663078 0.168956 0.795314
0 0.406167 0.77478 0.0676588 0.184183 0.756385
0 0.115671 0.471226 0.0406068 0.126423 0.666516
0 0.26276 0.385504 0.0239389 0.126796 0.658802
0 0.458915 0.421707 0.0258223 0.11125 0.595158
0 0.545488 0.369952 0.0205523 0.130472 0.570753
0 0.344646 0.499166 0.0291266 0.141347 0.541138
0 0.88324 0.774034 0.043292 0.170464 0.539822
0 0.50694 0.474917 0.0272463 0.117731 0.514827
0 0.335408 0.363871 0.0361611 0.11839 0.478205
0 0.987406 0.411247 0.0244095 0.14108 0.458075
0 0.706263 0.791748 0.0441554 0.147333 0.407991
0 0.615351 0.581584 0.0321449 0.141585 0.388813
0 0.58321 0.8858 0.039949 0.120046 0.387429
0 0.851389 0.772415 0.0362709 0.14453 0.363716
0 0.265993 0.592193 0.0609365 0.1511 0.353604
0 0.75749 0.799919 0.0374104 0.156574 0.34448
0 0.632473 0.822217 0.0342619 0.165388 0.337778
0 0.547579 0.894775 0.0369682 0.100614 0.301676
0 0.669665 0.802533 0.0328721 0.136659 0.293816
0 0.328946 0.426423 0.0337671 0.0628611 0.285195
