0 0.0475791 0.524137 0.0278158 0.132265 0.798645
0 0.567481 0.627673 0.0594365 0.162195 0.656451
0 0.451194 0.546943 0.0520328 0.150512 0.635336
0 0.228078 0.663634 0.0501407 0.179762 0.604793
0 0.404008 0.919003 0.0448516 0.161993 0.579038
0 0.679351 0.649237 0.035427 0.161616 0.554306
0 0.758818 0.445519 0.0354488 0.132181 0.504628
0 0.357398 0.410531 0.035502 0.149682 0.481173
0 0.35196 0.965635 0.0416875 0.0687298 0.44483
0 0.119485 0.399998 0.0316484 0.116606 0.38545
0 0.407594 0.554268 0.029419 0.143976 0.339574
0 0.444723 0.905667 0.038897 0.170149 0.319083
0 0.574047 0.923806 0.0705606 0.152388 0.309321
0 0.485341 0.872524 0.042626 0.161112 0.296935
0 0.494395 0.75525 0.0279493 0.14409 0.289356
0 0.408032 0.467824 0.0332056 0.090382 0.28876
0 0.381387 0.32556 0.0297045 0.107606 0.278085
0 0.0475791 0.524137 0.0278158 0.132265 0.798645
0 0.567481 0.627673 0.0594365 0.162195 0.656451
0 0.451194 0.546943 0.0520328 0.150512 0.635336
0 0.228078 0.663634 0.0501407 0.179762 0.604793
0 0.404008 0.919003 0.0448516 0.161993 0.579038
0 0.679351 0.649237 0.035427 0.161616 0.554306
0 0.758818 0.445519 0.0354488 0.132181 0.504628
0 0.357398 0.410531 0.035502 0.149682 0.481173
0 0.35196 0.965635 0.0416875 0.0687298 0.44483
0 0.119485 0.399998 0.0316484 0.116606 0.38545
0 0.407594 0.554268 0.029419 0.143976 0.339574
0 0.444723 0.905667 0.038897 0.170149 0.319083
0 0.574047 0.923806 0.0705606 0.152388 0.309321
0 0.485341 0.872524 0.042626 0.161112 0.296935
0 0.494395 0.75525 0.0279493 0.14409 0.289356
0 0.408032 0.467824 0.0332056 0.090382 0.28876
0 0.381387 0.32556 0.0297045 0.107606 0.278085
