0 0.0520659 0.514416 0.0251197 0.138314 0.683077
0 0.560272 0.608292 0.0515699 0.150638 0.672753
0 0.682986 0.642858 0.0494556 0.163485 0.669218
0 0.136113 0.403546 0.0262083 0.120992 0.622197
0 0.235401 0.654563 0.0341387 0.192461 0.614393
0 0.430833 0.90551 0.0395643 0.183484 0.561027
0 0.379177 0.955858 0.0455742 0.0882831 0.55727
0 0.780651 0.437073 0.0379295 0.134188 0.541156
0 0.396128 0.403558 0.0358843 0.119935 0.493046
0 0.337524 0.384013 0.0425645 0.106949 0.48931
0 0.33806 0.968525 0.0384938 0.0629506 0.447682
0 0.392614 0.527094 0.0420389 0.132505 0.425244
0 0.461422 0.526089 0.0262224 0.126482 0.415954
0 0.417026 0.486929 0.0342443 0.0988631 0.408092
0 0.508557 0.858176 0.0420763 0.161548 0.356287
0 0.368309 0.326561 0.0238491 0.0886807 0.314244
0 0.470152 0.887848 0.0379123 0.176924 0.299945
0 0.234433 0.978226 0.0306816 0.0435486 0.294496
0 0.0520659 0.514416 0.0251197 0.138314 0.683077
0 0.560272 0.608292 0.0515699 0.150638 0.672753
0 0.682986 0.642858 0.0494556 0.163485 0.669218
0 0.136113 0.403546 0.0262083 0.120992 0.622197
0 0.235401 0.654563 0.0341387 0.192461 0.614393
0 0.430833 0.90551 0.0395643 0.183484 0.561027
0 0.379177 0.955858 0.0455742 0.0882831 0.55727
0 0.780651 0.437073 0.0379295 0.134188 0.541156
0 0.396128 0.403558 0.0358843 0.119935 0.493046
0 0.337524 0.384013 0.0425645 0.106949 0.48931
0 0.33806 0.968525 0.0384938 0.0629506 0.447682
0 0.392614 0.527094 0.0420389 0.132505 0.425244
0 0.461422 0.526089 0.0262224 0.126482 0.415954
0 0.417026 0.486929 0.0342443 0.0988631 0.408092
0 0.508557 0.858176 0.0420763 0.161548 0.356287
0 0.368309 0.326561 0.0238491 0.0886807 0.314244
0 0.470152 0.887848 0.0379123 0.176924 0.299945
0 0.234433 0.978226 0.0306816 0.0435486 0.294496
