0 0.0708873 0.549523 0.141775 0.886623 0.907184
0 0.274143 0.590701 0.18383 0.796711 0.896089
0 0.897135 0.563288 0.175841 0.857972 0.895756
0 0.647448 0.571305 0.194856 0.836636 0.880371
0 0.515075 0.523801 0.0798092 0.248341 0.401235
0 0.229649 0.292308 0.0805771 0.240805 0.335075
0 0.509217 0.395044 0.0816027 0.185854 0.329978
0 0.433835 0.373012 0.0679013 0.216594 0.279136
0 0.432185 0.258956 0.0898021 0.19384 0.250231
0 0.0708873 0.549523 0.141775 0.886623 0.907184
0 0.274143 0.590701 0.18383 0.796711 0.896089
0 0.897135 0.563288 0.175841 0.857972 0.895756
0 0.647448 0.571305 0.194856 0.836636 0.880371
0 0.515075 0.523801 0.0798092 0.248341 0.401235
0 0.229649 0.292308 0.0805771 0.240805 0.335075
0 0.509217 0.395044 0.0816027 0.185854 0.329978
0 0.433835 0.373012 0.0679013 0.216594 0.279136
0 0.432185 0.258956 0.0898021 0.19384 0.250231
