0 0.0485145 0.520393 0.0458977 0.133353 0.746944
0 0.125217 0.403332 0.0292545 0.133635 0.704209
0 0.228764 0.657295 0.0537216 0.194014 0.676125
0 0.675068 0.649429 0.0524907 0.148239 0.656583
0 0.562029 0.618754 0.0461891 0.163573 0.633158
0 0.76542 0.443962 0.0369658 0.135759 0.58475
0 0.41116 0.914929 0.0455123 0.170141 0.531559
0 0.455832 0.547488 0.0470293 0.151344 0.51334
0 0.372174 0.412987 0.0298203 0.159728 0.413709
0 0.359469 0.962816 0.0425694 0.0743673 0.413369
0 0.404804 0.535945 0.044987 0.174391 0.369417
0 0.451908 0.892709 0.0412498 0.160399 0.358042
0 0.491225 0.868562 0.0425597 0.162143 0.306881
0 0.317306 0.976622 0.0334208 0.0467557 0.27868
0 0.350745 0.388957 0.0206141 0.108802 0.276692
0 0.0485145 0.520393 0.0458977 0.133353 0.746944
0 0.125217 0.403332 0.0292545 0.133635 0.704209
0 0.228764 0.657295 0.0537216 0.194014 0.676125
0 0.675068 0.649429 0.0524907 0.148239 0.656583
0 0.562029 0.618754 0.0461891 0.163573 0.633158
0 0.76542 0.443962 0.0369658 0.135759 0.58475
0 0.41116 0.914929 0.0455123 0.170141 0.531559
0 0.455832 0.547488 0.0470293 0.151344 0.51334
0 0.372174 0.412987 0.0298203 0.159728 0.413709
0 0.359469 0.962816 0.0425694 0.0743673 0.413369
0 0.404804 0.535945 0.044987 0.174391 0.369417
0 0.451908 0.892709 0.0412498 0.160399 0.358042
0 0.491225 0.868562 0.0425597 0.162143 0.306881
0 0.317306 0.976622 0.0334208 0.0467557 0.27868
0 0.350745 0.388957 0.0206141 0.108802 0.276692
