0 0.69829 0.525528 0.0302132 0.0719009 0.791266
0 0.931919 0.783066 0.0262466 0.122904 0.779271
0 0.314373 0.734409 0.028686 0.105464 0.753699
0 0.688677 0.703984 0.022119 0.106306 0.729374
0 0.423421 0.548104 0.0306011 0.0690868 0.686958
0 0.236323 0.762102 0.0329226 0.115484 0.682371
0 0.25441 0.575521 0.0375776 0.085968 0.672128
0 0.497223 0.637422 0.0232881 0.0914029 0.655101
0 0.571325 0.473982 0.0200224 0.0741645 0.649034
0 0.634282 0.440477 0.0228773 0.0670061 0.645071
0 0.894228 0.469205 0.0231548 0.0848141 0.608376
0 0.102638 0.615828 0.0216401 0.0801893 0.589077
0 0.946404 0.48281 0.0169563 0.0907303 0.571662
0 0.538833 0.560162 0.0252899 0.144375 0.565416
0 0.680762 0.382599 0.0269643 0.068955 0.434062
0 0.468389 0.368002 0.0192375 0.0616372 0.394728
0 0.542478 0.514812 0.0210409 0.0597605 0.380696
0 0.6913 0.384836 0.0212935 0.0655387 0.378317
