0 0.796507 0.581397 0.0165953 0.0775452 0.68606
0 0.540006 0.723934 0.0173956 0.0871329 0.666653
0 0.755558 0.47609 0.0146334 0.056673 0.644291
0 0.823556 0.414822 0.0135677 0.0540254 0.614664
0 0.279771 0.580151 0.0128132 0.0654349 0.598798
0 0.199203 0.747014 0.0194582 0.0880117 0.54226
0 0.335085 0.530827 0.0128943 0.0567422 0.463994
0 0.486818 0.716916 0.0164222 0.131037 0.432813
0 0.545965 0.413932 0.0107264 0.0452988 0.394955
0 0.370499 0.359557 0.0119109 0.0442931 0.342785
0 0.433249 0.523937 0.0115034 0.047231 0.318599
0 0.469534 0.372405 0.0131777 0.0392485 0.318341
0 0.570777 0.409232 0.010734 0.0753401 0.313265
0 0.72177 0.335671 0.010116 0.0439237 0.266556
