0 0.590459 0.781528 0.028414 0.116669 0.846272
0 0.758045 0.504598 0.0251529 0.0964415 0.758188
0 0.579638 0.513062 0.0186326 0.0863649 0.751917
0 0.170524 0.432837 0.0156838 0.084774 0.748129
0 0.289595 0.340162 0.0170917 0.0660159 0.666147
0 0.609917 0.408237 0.0195656 0.102754 0.644542
0 0.499374 0.380036 0.0167707 0.0379465 0.571402
0 0.416871 0.380663 0.0177293 0.0583808 0.541199
0 0.443641 0.414977 0.0221127 0.0603117 0.526047
0 0.0830142 0.625652 0.027281 0.0893129 0.459658
0 0.441842 0.362823 0.0143196 0.0857066 0.41412
0 0.366123 0.369807 0.0193897 0.0677724 0.40113
0 0.197684 0.306481 0.0173355 0.0463649 0.365665
0 0.60632 0.208216 0.0225276 0.0458452 0.321634
74 0.919697 0.116188 0.0441765 0.073097 0.25068
