0 0.12978 0.407424 0.0173245 0.0806329 0.75903
0 0.428978 0.44336 0.0276655 0.0575965 0.719553
0 0.454702 0.594725 0.0178772 0.0863376 0.716914
0 0.0905792 0.513771 0.0158586 0.088758 0.668286
0 0.19151 0.530012 0.0167245 0.0673219 0.626292
0 0.282366 0.447875 0.018177 0.0740924 0.598337
0 0.528547 0.525451 0.0366772 0.162049 0.581439
0 0.329598 0.490342 0.022002 0.0749952 0.546841
0 0.357178 0.403286 0.0225766 0.0680766 0.498361
0 0.308837 0.456179 0.0266934 0.0704324 0.332169
0 0.522476 0.559655 0.0244445 0.0985479 0.285418
