0 0.958031 0.841501 0.0828083 0.253183 0.880148
0 0.329029 0.811553 0.0626658 0.257773 0.872787
0 0.743663 0.907224 0.0656364 0.185552 0.849809
0 0.544971 0.770916 0.0458799 0.230534 0.849045
0 0.261597 0.802314 0.0611542 0.244422 0.842337
0 0.0878542 0.702943 0.0454177 0.18254 0.826527
0 0.445799 0.743327 0.040956 0.211074 0.818397
0 0.618449 0.558397 0.0240652 0.118635 0.803677
0 0.755174 0.785612 0.0645085 0.200269 0.800274
0 0.396066 0.887517 0.0639604 0.222702 0.779756
0 0.981857 0.578661 0.0341875 0.130161 0.609773
0 0.949081 0.562957 0.0520039 0.137098 0.549793
