0 0.177924 0.674374 0.0339538 0.158249 0.890421
0 0.315521 0.865718 0.061521 0.268565 0.840014
0 0.353675 0.694678 0.0377678 0.188269 0.837486
0 0.496153 0.716953 0.0441062 0.195509 0.823732
0 0.450074 0.945738 0.102237 0.107683 0.795058
0 0.974112 0.689758 0.0506077 0.151855 0.761999
0 0.773018 0.691693 0.0330311 0.17559 0.731185
0 0.973094 0.928403 0.0532768 0.138968 0.686994
0 0.408048 0.791558 0.0517309 0.232964 0.657153
0 0.0215642 0.942864 0.0430595 0.109628 0.635501
0 0.401744 0.639919 0.0300904 0.112925 0.540193
0 0.448646 0.590702 0.0249369 0.0868412 0.51334
