0 0.655579 0.574753 0.195229 0.773626 0.878932
0 0.73469 0.697765 0.142597 0.59618 0.863722
0 0.843855 0.624018 0.129273 0.502927 0.857525
0 0.916316 0.723527 0.10825 0.366297 0.85111
0 0.127463 0.493873 0.241236 0.985642 0.846791
0 0.2294 0.605909 0.194148 0.766861 0.803891
0 0.58845 0.501796 0.0774517 0.368182 0.749963
0 0.973453 0.650613 0.0526382 0.376576 0.740216
0 0.402885 0.515712 0.0742215 0.151105 0.353845
0 0.417386 0.381671 0.0400669 0.136753 0.308808
0 0.50799 0.477696 0.0497612 0.196642 0.291498
0 0.456252 0.368048 0.0419199 0.109182 0.260038
