0 0.387556 0.569662 0.162194 0.846591 0.865055
0 0.681951 0.601402 0.156433 0.706891 0.859453
0 0.49952 0.699714 0.201547 0.590137 0.851549
0 0.769252 0.712811 0.0963287 0.565704 0.811692
0 0.146709 0.521488 0.0823683 0.589692 0.799972
0 0.866769 0.603708 0.0921169 0.445197 0.793986
0 0.936988 0.689886 0.0747707 0.326774 0.790397
0 0.616342 0.549986 0.0657169 0.366476 0.695841
0 0.0918529 0.460987 0.0959795 0.353736 0.470312
0 0.986781 0.685978 0.0259165 0.398333 0.374427
0 0.0557217 0.44882 0.0530813 0.253477 0.336322
0 0.586496 0.525219 0.0510715 0.334575 0.290901
0 0.283431 0.548416 0.07927 0.201174 0.257287
