0 0.291176 0.647288 0.0173258 0.0840071 0.764489
0 0.884794 0.518028 0.0151976 0.0770108 0.714609
0 0.56602 0.593403 0.0217132 0.0740428 0.661041
0 0.608204 0.427947 0.0162224 0.0671543 0.618711
0 0.642815 0.549217 0.0170599 0.0612746 0.616351
0 0.938819 0.701004 0.0292313 0.0919337 0.610829
0 0.206223 0.529573 0.0130479 0.0544571 0.576464
0 0.710918 0.399494 0.0157002 0.0603964 0.546364
0 0.55697 0.430646 0.00915976 0.049541 0.518814
0 0.859897 0.407678 0.0158339 0.0642651 0.513008
0 0.691498 0.464929 0.0132248 0.0678683 0.481642
0 0.773367 0.459868 0.0119582 0.0737946 0.457602
0 0.648054 0.410845 0.0149452 0.0555927 0.425094
0 0.566607 0.547094 0.0226912 0.164585 0.34377
0 0.569812 0.495346 0.0179498 0.0603617 0.331431
