0 0.649215 0.700377 0.0219033 0.106166 0.736204
0 0.346309 0.500281 0.0231287 0.0856267 0.713376
0 0.774243 0.579615 0.0222769 0.0681269 0.669424
0 0.419936 0.677279 0.0263868 0.102215 0.669236
0 0.223439 0.620971 0.0275501 0.101156 0.669222
0 0.701119 0.60097 0.0296314 0.0686191 0.667738
0 0.594571 0.622099 0.0189253 0.10518 0.632655
0 0.337921 0.660777 0.0221992 0.104788 0.630558
0 0.556459 0.540895 0.0178207 0.0900069 0.530812
0 0.512195 0.526675 0.0180059 0.0848092 0.455246
32 0.479858 0.649694 0.00955982 0.0155136 0.435872
32 0.66783 0.417682 0.0237108 0.0365858 0.413886
0 0.302746 0.303826 0.0315122 0.0765147 0.297451
0 0.553085 0.631277 0.0357746 0.055235 0.287061
