0 0.509334 0.702025 0.0369555 0.183806 0.878059
0 0.804192 0.682928 0.0722376 0.12506 0.870317
0 0.35669 0.877477 0.0629169 0.243931 0.857371
0 0.370631 0.695294 0.0393002 0.172798 0.824889
0 0.311529 0.837488 0.0627072 0.235976 0.805041
0 0.426765 0.811646 0.0589016 0.248434 0.785031
0 0.195841 0.67883 0.0380263 0.152486 0.783618
0 0.539078 0.970514 0.0473318 0.0589725 0.696555
0 0.436598 0.648421 0.0327829 0.14918 0.664878
0 0.0208327 0.978283 0.0341295 0.0434343 0.394562
32 0.681431 0.78038 0.0142455 0.0149935 0.386354
