0 0.846261 0.578196 0.0198528 0.0775518 0.782888
0 0.583032 0.489335 0.0200315 0.0611181 0.742091
0 0.662118 0.658723 0.0187687 0.0917065 0.73609
0 0.718249 0.550008 0.0206722 0.06869 0.640469
0 0.495275 0.501186 0.0216512 0.0726364 0.635671
0 0.531847 0.427491 0.0177614 0.0637176 0.627981
0 0.151883 0.524803 0.0219028 0.0834499 0.626879
0 0.598998 0.44712 0.0169984 0.0680172 0.61694
0 0.356376 0.587838 0.0302419 0.136334 0.581072
0 0.708057 0.462329 0.0196341 0.0649428 0.499218
0 0.412656 0.25109 0.0206272 0.0560808 0.342745
