0 0.305525 0.785466 0.033038 0.125439 0.850223
0 0.152496 0.734271 0.0223865 0.116684 0.828362
0 0.887619 0.73638 0.0243423 0.125952 0.799696
0 0.827117 0.455668 0.0170742 0.0905167 0.756255
0 0.38326 0.64156 0.0223787 0.104373 0.697997
0 0.521922 0.820242 0.026531 0.119345 0.682011
0 0.617185 0.534122 0.0265705 0.126402 0.614733
0 0.736188 0.701092 0.0193768 0.109654 0.600204
0 0.455495 0.498229 0.0154217 0.0857218 0.57417
0 0.472138 0.575702 0.0183439 0.0823063 0.566019
0 0.510424 0.449986 0.0164414 0.0670729 0.506252
0 0.597057 0.37345 0.0161682 0.0720047 0.467053
0 0.482116 0.44503 0.020925 0.0730272 0.462527
0 0.990855 0.497725 0.0175253 0.0921881 0.45538
0 0.54929 0.384202 0.0147591 0.0643756 0.297318
0 0.399042 0.438023 0.0167065 0.0832263 0.291688
