0 0.562972 0.707755 0.018379 0.0819394 0.756272
0 0.923994 0.582592 0.0207066 0.0682827 0.749621
0 0.44408 0.465367 0.0153349 0.0636826 0.7165
0 0.551156 0.500616 0.0150936 0.0596257 0.66584
0 0.685704 0.515881 0.0173426 0.0652623 0.604207
0 0.668842 0.487099 0.0143169 0.0619707 0.565197
0 0.47995 0.418324 0.0113581 0.0510917 0.550565
0 0.916438 0.429013 0.0136799 0.0586957 0.54434
0 0.427792 0.572796 0.0162128 0.0752998 0.531996
0 0.69221 0.43356 0.0127911 0.0617348 0.507999
0 0.933102 0.501484 0.0161327 0.0545327 0.448788
