0 0.338902 0.807947 0.0263931 0.146556 0.838021
0 0.212111 0.730989 0.0248574 0.126202 0.823137
0 0.638287 0.88662 0.0425247 0.141579 0.812501
0 0.920857 0.742488 0.0256115 0.142257 0.789277
0 0.288175 0.539745 0.0211338 0.10251 0.782222
0 0.536943 0.521592 0.0284637 0.0999671 0.769973
0 0.794472 0.71922 0.0341606 0.126301 0.767848
0 0.436884 0.622092 0.0257757 0.111922 0.726423
0 0.570967 0.479704 0.0163899 0.109804 0.698272
0 0.838684 0.424908 0.015892 0.0944085 0.679287
0 0.603659 0.354831 0.0224257 0.0721544 0.621688
0 0.456839 0.455724 0.0252679 0.139495 0.618122
0 0.50194 0.379419 0.019463 0.0750213 0.544958
0 0.314246 0.424866 0.0185143 0.0803794 0.350761
0 0.43472 0.428645 0.0235374 0.0742755 0.310128
9 0.110443 0.104825 0.0294557 0.102292 0.264791
