0 0.684196 0.58536 0.0251786 0.0812514 0.786785
0 0.930301 0.655905 0.0299835 0.0918254 0.747161
0 0.466461 0.483417 0.0136094 0.0649188 0.687285
0 0.699058 0.44889 0.0166296 0.071093 0.6782
0 0.818828 0.46 0.0168383 0.0785307 0.667104
0 0.320683 0.639697 0.0220713 0.0809051 0.646367
0 0.671482 0.409634 0.0254601 0.0917758 0.606195
0 0.749573 0.406891 0.0202841 0.0947621 0.579156
0 0.589583 0.439266 0.0181747 0.0653454 0.572563
0 0.191726 0.607816 0.0204696 0.0792592 0.537612
0 0.842708 0.376042 0.0180378 0.0641543 0.533926
0 0.208999 0.607105 0.0186076 0.0750012 0.525185
0 0.643507 0.561837 0.017544 0.0767938 0.452066
0 0.636003 0.52828 0.0266027 0.140961 0.39696
0 0.440735 0.380913 0.0190456 0.0609885 0.382361
