0 0.90129 0.737162 0.0297527 0.142045 0.851632
0 0.202804 0.725516 0.0315137 0.130407 0.79756
0 0.593353 0.850314 0.0330534 0.137437 0.783496
0 0.826537 0.434874 0.0165812 0.0946437 0.740078
0 0.327095 0.789948 0.0260726 0.137129 0.722895
0 0.355166 0.552296 0.0250467 0.104703 0.713665
0 0.76604 0.706178 0.0225845 0.120005 0.687101
0 0.567244 0.536521 0.0222079 0.0905833 0.676154
0 0.50483 0.378141 0.0164858 0.0750605 0.666991
0 0.421202 0.621116 0.0214461 0.109064 0.590343
0 0.599536 0.354204 0.0189051 0.0633362 0.55318
0 0.583936 0.486485 0.0173903 0.0989655 0.527367
0 0.331524 0.410945 0.0191507 0.0854592 0.394393
0 0.461127 0.457253 0.0218464 0.132622 0.365484
0 0.4194 0.444508 0.0173436 0.0426007 0.261151
