0 0.652883 0.582621 0.0329576 0.124307 0.843467
0 0.426697 0.712397 0.0381187 0.178642 0.834448
0 0.455693 0.888883 0.0708876 0.219832 0.819136
0 0.69726 0.751811 0.0586328 0.195 0.815719
0 0.256764 0.956022 0.0524967 0.0879552 0.808377
0 0.521475 0.72239 0.0416489 0.199054 0.800008
0 0.877367 0.552335 0.0216293 0.103707 0.794314
0 0.164374 0.683895 0.0343104 0.167575 0.791577
0 0.929988 0.930273 0.0821751 0.139454 0.765425
0 0.897939 0.544145 0.0247055 0.0987487 0.7647
0 0.168371 0.953844 0.065639 0.0923123 0.741798
0 0.848754 0.527518 0.0236584 0.0982747 0.688855
0 0.970231 0.714089 0.0586304 0.154263 0.475866
