0 0.591365 0.786448 0.0250753 0.127133 0.839935
0 0.324564 0.304017 0.0189638 0.0617371 0.719378
0 0.599847 0.517426 0.0193434 0.0814826 0.718503
0 0.605981 0.386905 0.0154924 0.080859 0.710085
0 0.79867 0.548936 0.0225107 0.100309 0.669181
0 0.907336 0.399876 0.0173328 0.0834308 0.668362
0 0.524073 0.367324 0.02861 0.0616943 0.649962
0 0.207957 0.288136 0.017223 0.0667654 0.646787
0 0.153014 0.441826 0.0135416 0.0833479 0.643878
0 0.352322 0.369351 0.0215991 0.0688733 0.616776
0 0.452313 0.342575 0.0183563 0.0591666 0.614135
0 0.624157 0.40716 0.0176758 0.066843 0.525607
0 0.493137 0.403354 0.0294931 0.0640352 0.299196
0 0.622598 0.204907 0.019403 0.0531403 0.254147
