0 0.396495 0.412806 0.0140287 0.0678133 0.810828
0 0.126687 0.514666 0.01809 0.0883352 0.776967
0 0.281084 0.619453 0.0188249 0.0980171 0.732365
0 0.458992 0.514956 0.0176725 0.0907608 0.683243
0 0.373265 0.426437 0.0155654 0.0863598 0.65215
0 0.503755 0.295831 0.0154432 0.0603311 0.637
0 0.169217 0.377703 0.0138494 0.0817058 0.594015
0 0.422708 0.370377 0.0161242 0.0761542 0.573831
0 0.718667 0.473266 0.0261532 0.086291 0.522334
0 0.57191 0.438222 0.0146955 0.0932495 0.456374
0 0.687583 0.590372 0.0262688 0.0895787 0.421944
0 0.739798 0.417309 0.0153675 0.0694166 0.388446
0 0.633226 0.365912 0.019257 0.0658074 0.301679
0 0.660276 0.345247 0.0132948 0.0627323 0.276548
