0 0.12911 0.514653 0.0173455 0.0889979 0.764403
0 0.37093 0.428001 0.0160885 0.0877672 0.763339
0 0.280303 0.620068 0.0204116 0.096756 0.76312
0 0.461035 0.51446 0.0166254 0.0900831 0.694764
0 0.399718 0.415941 0.0161086 0.0675062 0.6947
0 0.421158 0.374294 0.0144808 0.074762 0.610599
0 0.504259 0.296027 0.0150459 0.0605757 0.599585
0 0.170975 0.378786 0.0148422 0.0751523 0.575958
0 0.716396 0.475054 0.0241087 0.0838581 0.518687
0 0.689041 0.590411 0.0295908 0.0896591 0.427894
0 0.634184 0.363633 0.0176643 0.070251 0.413646
0 0.736421 0.420139 0.0161871 0.0789418 0.395774
0 0.57399 0.444707 0.0155017 0.0856969 0.311492
