0 0.876974 0.575737 0.0296682 0.129097 0.802911
0 0.518443 0.798751 0.0342 0.108038 0.798178
0 0.851786 0.466905 0.0206707 0.113263 0.780524
0 0.348483 0.39806 0.0256475 0.0863105 0.710453
0 0.571442 0.620209 0.0209251 0.128277 0.708032
0 0.77221 0.413486 0.031955 0.0984158 0.666952
0 0.65583 0.387832 0.0292629 0.101134 0.656901
0 0.545951 0.477461 0.021348 0.112726 0.626692
0 0.753173 0.481745 0.0262993 0.108651 0.607939
0 0.89097 0.507495 0.0161867 0.0761044 0.47205
32 0.222986 0.420135 0.0113418 0.0253507 0.272408
