0 0.0500843 0.639542 0.0251996 0.0951272 0.828865
0 0.140526 0.496279 0.0219207 0.0679201 0.71753
0 0.580399 0.545275 0.0218484 0.08563 0.705836
0 0.604562 0.716472 0.033645 0.0972588 0.695984
0 0.774248 0.489635 0.0192808 0.0786924 0.65999
0 0.494655 0.741128 0.0311634 0.0969323 0.646809
0 0.413264 0.520526 0.0242151 0.0699443 0.641264
0 0.472049 0.425037 0.0173677 0.0692552 0.637814
0 0.193021 0.418048 0.0157669 0.0631889 0.610109
0 0.809811 0.482874 0.0183659 0.0790278 0.558904
0 0.246048 0.398744 0.0147805 0.0687049 0.527636
0 0.589853 0.351891 0.0159044 0.0637031 0.522136
0 0.37278 0.40194 0.0139886 0.0588144 0.495718
0 0.541614 0.46143 0.0136707 0.0706056 0.468927
0 0.819746 0.29703 0.011517 0.052343 0.422427
0 0.294297 0.441755 0.0236863 0.0913154 0.411082
0 0.265535 0.402044 0.0116736 0.0476322 0.358393
0 0.485092 0.311158 0.023768 0.0463507 0.323304
0 0.503227 0.977792 0.0181159 0.0431871 0.318157
