0 0.378776 0.448455 0.0185282 0.0792911 0.756469
0 0.285499 0.515404 0.0216708 0.0994071 0.754577
0 0.523472 0.621105 0.0278629 0.0851456 0.734277
0 0.454387 0.466695 0.0172722 0.0939631 0.727916
0 0.167719 0.419365 0.0216387 0.0862434 0.688332
0 0.643084 0.537416 0.0212008 0.0882458 0.68616
0 0.246976 0.454078 0.0258739 0.0819811 0.672227
0 0.512018 0.514031 0.0184005 0.0926681 0.662666
0 0.0990144 0.52516 0.0225844 0.0890971 0.541647
32 0.404399 0.562443 0.00950489 0.016968 0.538641
0 0.529238 0.506171 0.0148441 0.0766651 0.467692
0 0.610585 0.52228 0.0192879 0.0582177 0.250212
