0 0.603945 0.668217 0.0291683 0.0895615 0.771149
0 0.408033 0.90857 0.0236389 0.111015 0.755681
0 0.344316 0.917749 0.0227193 0.115316 0.699067
0 0.756561 0.932864 0.0315104 0.112866 0.68201
0 0.69864 0.32473 0.0148001 0.0541768 0.642729
0 0.253639 0.431281 0.0152768 0.0575595 0.617706
0 0.490232 0.660937 0.0189225 0.0802648 0.611679
0 0.26282 0.589747 0.0198341 0.0803156 0.548809
0 0.817777 0.96856 0.0303944 0.062881 0.548392
0 0.227573 0.306145 0.0146684 0.0880807 0.537281
0 0.218743 0.426314 0.0204238 0.0658105 0.528059
0 0.642079 0.451182 0.0213296 0.0549596 0.520433
0 0.404628 0.531592 0.0254825 0.0790588 0.512976
0 0.675848 0.431839 0.0178202 0.0692703 0.487878
0 0.41718 0.341283 0.0128594 0.0572355 0.487383
0 0.460908 0.425969 0.0122303 0.0651593 0.474851
0 0.676707 0.27403 0.0120758 0.0420937 0.379092
0 0.339503 0.340167 0.0144932 0.0457674 0.333954
0 0.408375 0.245194 0.00946999 0.0423821 0.326372
0 0.496369 0.268508 0.0115722 0.0498895 0.322926
