0 0.400806 0.518688 0.0240553 0.0891846 0.804549
0 0.0272329 0.388304 0.0214166 0.0863739 0.764663
0 0.174454 0.383479 0.0182984 0.082733 0.730585
0 0.753287 0.530253 0.0190441 0.0750917 0.724144
0 0.466094 0.333706 0.0158911 0.0648844 0.696456
0 0.525171 0.412507 0.0223156 0.0689182 0.671607
0 0.364649 0.340058 0.0141256 0.0745964 0.651546
0 0.368103 0.232649 0.0132631 0.0617066 0.596624
0 0.339689 0.314158 0.015598 0.0696778 0.577111
0 0.640971 0.959886 0.0328539 0.0802284 0.576091
0 0.752987 0.349969 0.0171169 0.0745481 0.530398
0 0.674021 0.23992 0.0150616 0.0542487 0.524093
0 0.725042 0.458378 0.0251913 0.123308 0.488094
0 0.418685 0.221376 0.0149726 0.0678226 0.470291
0 0.721999 0.335773 0.0147444 0.0679071 0.466266
0 0.568528 0.273454 0.0144476 0.0620021 0.451433
0 0.619394 0.315689 0.0164139 0.0706297 0.375257
