0 0.581596 0.799146 0.037863 0.0932983 0.730206
0 0.763759 0.627485 0.0230043 0.0847276 0.715262
0 0.115741 0.389244 0.0169629 0.0767524 0.694626
0 0.489944 0.554873 0.015971 0.0809519 0.694239
0 0.568734 0.302048 0.014904 0.0603388 0.649546
0 0.681031 0.382211 0.0142656 0.0599059 0.621166
0 0.342029 0.352286 0.0138363 0.0595408 0.619311
0 0.386467 0.362097 0.017828 0.0659537 0.594512
0 0.18724 0.391173 0.0160394 0.0689697 0.585897
0 0.709652 0.372803 0.0137608 0.0674322 0.506981
0 0.359092 0.2556 0.0111803 0.0573385 0.472271
0 0.512736 0.382984 0.0172306 0.0610718 0.464232
0 0.242481 0.293231 0.0123503 0.0552828 0.455778
0 0.657997 0.281164 0.0110837 0.0505497 0.431178
0 0.61889 0.343866 0.0133277 0.0616392 0.397948
0 0.404625 0.242373 0.0123083 0.0573101 0.373365
0 0.587995 0.270651 0.0134834 0.055188 0.369519
0 0.727384 0.496259 0.0172939 0.0615689 0.341824
0 0.746944 0.542411 0.020028 0.0656299 0.280426
0 0.567308 0.192887 0.0106865 0.0463314 0.262242
