0 0.408473 0.914111 0.0344644 0.170536 0.86359
0 0.222504 0.795716 0.0354194 0.154217 0.854447
0 0.300255 0.573905 0.0247275 0.125981 0.781251
0 0.514536 0.582672 0.0248608 0.132765 0.745538
0 0.568815 0.736223 0.0307071 0.150292 0.715806
0 0.616625 0.541185 0.0270885 0.130172 0.705538
0 0.151836 0.609917 0.0331573 0.132973 0.677866
0 0.397267 0.568893 0.0234077 0.0928345 0.592812
0 0.661642 0.395023 0.024277 0.11186 0.575356
0 0.468218 0.515411 0.0206982 0.106107 0.425752
0 0.596775 0.45323 0.015695 0.125351 0.325355
0 0.430881 0.505736 0.0324255 0.0893494 0.290888
0 0.522849 0.429738 0.0186963 0.109115 0.270018
