0 0.123436 0.413849 0.0174046 0.0821377 0.781903
0 0.0767717 0.519595 0.0288254 0.0849152 0.707171
0 0.511222 0.555389 0.0194498 0.0802487 0.706525
0 0.280238 0.449144 0.0157776 0.0816418 0.696102
0 0.447116 0.600503 0.024518 0.0849865 0.663449
0 0.356175 0.396667 0.0142735 0.0727305 0.655035
0 0.198621 0.533376 0.0299895 0.0906969 0.618924
0 0.40597 0.443928 0.0405532 0.0589901 0.569657
0 0.54744 0.499826 0.0165423 0.0743079 0.451156
0 0.345687 0.495841 0.0159578 0.0736294 0.410764
0 0.918247 0.505618 0.0333094 0.0743067 0.352495
0 0.331651 0.457585 0.0396782 0.106653 0.348133
0 0.540736 0.497033 0.0282684 0.090194 0.277597
