0 0.528949 0.725626 0.0159027 0.0926307 0.666602
0 0.179229 0.756512 0.024048 0.0954408 0.646149
0 0.495373 0.731065 0.0158708 0.0786272 0.591263
0 0.827176 0.425284 0.0163252 0.0587128 0.493884
0 0.70779 0.342556 0.0143175 0.0428635 0.445579
0 0.466133 0.37039 0.0124372 0.0340737 0.373727
0 0.254347 0.56073 0.0168963 0.0614758 0.369184
0 0.791841 0.583209 0.0136696 0.0723189 0.327006
0 0.526347 0.394168 0.0166677 0.0806036 0.305527
0 0.743389 0.489929 0.0178406 0.0615661 0.30244
0 0.26738 0.482122 0.0203065 0.111359 0.301358
0 0.38801 0.425379 0.014812 0.0460141 0.259077
