0 0.439367 0.440614 0.0168865 0.0913561 0.787282
0 0.162322 0.394392 0.0210362 0.0892117 0.756342
0 0.353185 0.429193 0.017679 0.0917465 0.748201
0 0.508989 0.62483 0.0256943 0.0883368 0.716564
0 0.270554 0.491552 0.0150592 0.102467 0.683274
0 0.198104 0.44333 0.0257717 0.0751413 0.674275
0 0.0800911 0.443829 0.0205551 0.0933139 0.662659
0 0.494543 0.48718 0.0171865 0.093836 0.643006
32 0.382643 0.537476 0.0105525 0.0131168 0.60576
0 0.563492 0.495317 0.0198353 0.0779929 0.559931
0 0.10575 0.498521 0.0162524 0.0850939 0.514883
0 0.634859 0.519949 0.0278686 0.0911397 0.503021
0 0.707817 0.507319 0.0154957 0.0593452 0.439717
0 0.277833 0.24383 0.0192451 0.0487013 0.388091
0 0.140644 0.233675 0.031251 0.0434997 0.354935
0 0.216241 0.230594 0.0288775 0.0474947 0.316236
