0 0.440619 0.436 0.0213444 0.0724649 0.713703
0 0.533768 0.56616 0.0175136 0.0866976 0.664829
0 0.471604 0.588762 0.0162478 0.0829212 0.646673
0 0.179658 0.533742 0.0280698 0.0802778 0.636369
0 0.118618 0.498866 0.0295706 0.0867445 0.605287
0 0.318406 0.467337 0.0178704 0.0689231 0.595266
0 0.342245 0.387076 0.0163994 0.057932 0.581225
0 0.608406 0.42977 0.0244873 0.0621174 0.572994
0 0.146537 0.393038 0.018247 0.0697211 0.565477
0 0.529354 0.485232 0.0263644 0.0786806 0.482982
0 0.293198 0.442251 0.0235626 0.0837585 0.383931
0 0.520878 0.485065 0.0141174 0.0727905 0.314691
0 0.336023 0.252873 0.0257074 0.0492606 0.277439
