0 0.280488 0.593719 0.0141516 0.0701291 0.711352
0 0.206127 0.749306 0.0194159 0.0922465 0.710781
0 0.820576 0.422304 0.0118397 0.0580488 0.587222
0 0.759075 0.485027 0.0134528 0.057639 0.515872
0 0.802899 0.598379 0.0153087 0.0694065 0.494136
0 0.317204 0.973323 0.0263223 0.0526879 0.460608
0 0.491383 0.754212 0.015936 0.0803787 0.42735
0 0.431724 0.549403 0.0130627 0.0645613 0.403466
0 0.717978 0.34147 0.00945454 0.04303 0.350791
0 0.459255 0.9603 0.0197547 0.0794005 0.32963
0 0.579592 0.426258 0.012216 0.0525571 0.323645
0 0.336647 0.549331 0.0153997 0.0511209 0.287258
0 0.534908 0.731584 0.0159239 0.0767327 0.282137
0 0.506773 0.323825 0.0102803 0.0297259 0.278768
0 0.398029 0.437794 0.0128819 0.0483603 0.277305
0 0.382854 0.37396 0.0146702 0.0336433 0.273279
