0 0.608563 0.68944 0.02008 0.0934914 0.701207
0 0.302199 0.526318 0.0291592 0.0793705 0.696941
0 0.461415 0.515122 0.0157623 0.0850303 0.682688
0 0.478325 0.439723 0.0203945 0.0692561 0.615751
0 0.65699 0.587471 0.0145569 0.0812482 0.601803
0 0.550604 0.488309 0.0199003 0.0714133 0.595555
0 0.11127 0.491612 0.0323994 0.073952 0.589369
0 0.740425 0.600156 0.0164455 0.0717289 0.574489
0 0.267518 0.584882 0.0193689 0.0780031 0.560156
0 0.301927 0.550541 0.0280831 0.0309896 0.428754
0 0.48141 0.236031 0.0187002 0.0436524 0.385636
0 0.756755 0.43815 0.024681 0.0515155 0.306674
0 0.429041 0.239447 0.0195114 0.0318523 0.303374
