0 0.824405 0.936753 0.0823114 0.126494 0.85753
0 0.709029 0.76014 0.0603733 0.202433 0.838242
0 0.432985 0.722719 0.036462 0.195598 0.793473
0 0.638992 0.591383 0.0374058 0.11866 0.792274
0 0.155192 0.683285 0.033696 0.164897 0.784844
0 0.301331 0.876607 0.0789361 0.246786 0.781057
0 0.52784 0.741475 0.0446431 0.213303 0.779774
0 0.0214525 0.915399 0.0427474 0.166827 0.776786
0 0.973057 0.703224 0.049975 0.177089 0.769243
0 0.253012 0.860844 0.0580031 0.255034 0.759801
0 0.892036 0.555676 0.0225304 0.110522 0.704749
0 0.868137 0.541233 0.0370327 0.123336 0.543576
32 0.572744 0.554389 0.00958767 0.0191233 0.3256
