0 0.114695 0.386881 0.022108 0.0779511 0.729045
0 0.343012 0.348474 0.0136955 0.0670934 0.724939
0 0.188163 0.387228 0.015135 0.0688024 0.649065
0 0.486312 0.554064 0.0163862 0.0790716 0.645238
0 0.568197 0.297355 0.0140837 0.0565534 0.643027
0 0.766739 0.614813 0.0205545 0.07867 0.63318
0 0.581257 0.797212 0.0285204 0.091943 0.632589
0 0.681961 0.377663 0.0143419 0.0590062 0.61237
0 0.385018 0.358386 0.0153317 0.0609823 0.579816
0 0.658331 0.276064 0.011812 0.0514389 0.54963
0 0.510034 0.378509 0.0134167 0.0556604 0.539777
0 0.727744 0.489981 0.0182977 0.0661557 0.506937
0 0.405555 0.24062 0.0132074 0.059505 0.504787
0 0.242936 0.291493 0.0129929 0.0517031 0.433852
0 0.71165 0.369099 0.0146265 0.0614134 0.424193
0 0.359988 0.253276 0.0110957 0.054806 0.422236
0 0.748501 0.529911 0.0216724 0.057843 0.422033
0 0.567509 0.188748 0.0105913 0.0514437 0.391947
0 0.61822 0.339884 0.0142198 0.064009 0.385466
0 0.589841 0.262919 0.0120045 0.0516786 0.263683
