0 0.652449 0.583122 0.0302544 0.124338 0.857943
0 0.50818 0.718232 0.0583944 0.200614 0.843234
0 0.352835 0.88535 0.0571272 0.2293 0.837646
0 0.437371 0.718998 0.0570581 0.189396 0.829158
0 0.697608 0.751378 0.0576277 0.19385 0.825333
0 0.839319 0.925334 0.0536327 0.149333 0.792662
0 0.0876376 0.934109 0.0832655 0.131781 0.792451
0 0.26628 0.910993 0.0530861 0.178014 0.786269
0 0.173172 0.685545 0.047351 0.162779 0.763171
0 0.864494 0.547494 0.0247999 0.108622 0.616227
0 0.847992 0.526198 0.0230991 0.0924001 0.360371
0 0.971614 0.723637 0.0562708 0.147569 0.322043
