0 0.88474 0.867019 0.0848427 0.265962 0.877135
0 0.253429 0.815834 0.0849104 0.251914 0.846933
0 0.0433087 0.725219 0.0708618 0.197478 0.83839
0 0.313335 0.790095 0.0599233 0.238409 0.834654
0 0.537343 0.79066 0.0474148 0.247234 0.820918
0 0.44323 0.784099 0.0587807 0.272375 0.817672
0 0.757119 0.826566 0.0725647 0.24913 0.807949
0 0.67587 0.88725 0.0728064 0.225499 0.781236
0 0.620364 0.559993 0.0406785 0.121155 0.747441
0 0.971623 0.576456 0.0561279 0.152622 0.670019
35 0.332095 0.774708 0.0208253 0.0420156 0.343067
35 0.730606 0.88998 0.0193166 0.0511983 0.28702
0 0.479489 0.446734 0.0212696 0.0698258 0.280684
