0 0.893261 0.509342 0.0151348 0.0801164 0.767656
0 0.305337 0.643339 0.0189098 0.0832338 0.735508
0 0.948103 0.697281 0.0346052 0.0898743 0.709502
0 0.652964 0.55719 0.0169365 0.0699877 0.678213
0 0.872245 0.401643 0.0179802 0.0654203 0.656755
0 0.591322 0.588345 0.0165443 0.0749454 0.633741
0 0.783336 0.455103 0.0106646 0.0676595 0.604068
0 0.56989 0.429288 0.0115074 0.0523951 0.571692
0 0.705421 0.45773 0.015951 0.0771871 0.538393
0 0.212934 0.538115 0.0182454 0.0631158 0.528233
0 0.726864 0.396512 0.0132099 0.0582607 0.506346
0 0.464642 0.465809 0.0129374 0.0601802 0.401193
0 0.591271 0.496483 0.0252741 0.0718547 0.376996
0 0.624588 0.427121 0.0155479 0.0671099 0.362548
0 0.662136 0.412618 0.0139256 0.0577325 0.309294
0 0.593023 0.484921 0.0159863 0.0539729 0.306652
0 0.870263 0.431545 0.0274281 0.125119 0.278472
0 0.711368 0.383974 0.0133374 0.058059 0.258435
