0 0.650544 0.733931 0.0184393 0.0874586 0.68082
0 0.927814 0.618858 0.0195969 0.080531 0.665781
0 0.374354 0.523011 0.0200933 0.0562264 0.595704
0 0.250847 0.516758 0.0206243 0.0534971 0.580307
0 0.300374 0.738688 0.0176676 0.08404 0.551673
0 0.296014 0.449908 0.012965 0.0482261 0.509647
0 0.896158 0.536517 0.0266785 0.0613583 0.502288
0 0.797369 0.460163 0.0137924 0.0588872 0.429943
0 0.620813 0.727439 0.0217043 0.0811969 0.390734
0 0.251268 0.43881 0.0134581 0.0462743 0.369373
0 0.431394 0.431067 0.0156944 0.0522693 0.362227
0 0.606944 0.415058 0.0094326 0.0458703 0.323276
0 0.843394 0.378653 0.0134148 0.0500302 0.262458
0 0.505897 0.463353 0.0124792 0.0437171 0.259819
