0 0.246847 0.736768 0.0189744 0.0841446 0.694942
0 0.327752 0.521372 0.0210364 0.0571662 0.672396
0 0.56952 0.708595 0.0128872 0.0673709 0.632723
0 0.209343 0.439849 0.0160996 0.0474515 0.583496
0 0.465676 0.464618 0.0211544 0.074123 0.547323
0 0.386506 0.420216 0.0164803 0.0526699 0.51074
0 0.221585 0.514179 0.0213601 0.0602052 0.452776
0 0.936322 0.452139 0.0184826 0.0559454 0.401015
0 0.555413 0.40387 0.0115734 0.0414859 0.388369
0 0.835195 0.51632 0.0182209 0.0576047 0.383477
0 0.585883 0.427015 0.0183071 0.0521016 0.366813
0 0.597064 0.724243 0.0165474 0.0835192 0.302247
0 0.268699 0.446821 0.0162452 0.0418282 0.279078
