0 0.518252 0.782635 0.0340042 0.133132 0.862347
0 0.57045 0.619865 0.0290255 0.128209 0.727565
0 0.72037 0.391461 0.0287692 0.0970234 0.701659
0 0.348831 0.396848 0.0246318 0.0808072 0.701362
0 0.632786 0.36308 0.028013 0.0916324 0.700335
0 0.861674 0.565499 0.0316196 0.126162 0.684511
0 0.544316 0.473686 0.0220345 0.116852 0.677156
0 0.890677 0.528598 0.017506 0.118749 0.667311
0 0.860389 0.464959 0.0241837 0.0954431 0.659804
0 0.754175 0.474867 0.0228119 0.10908 0.556167
32 0.231016 0.42948 0.00963645 0.0176136 0.49667
