0 0.941386 0.81946 0.0268539 0.132166 0.809439
0 0.776863 0.760013 0.0233917 0.120791 0.807475
0 0.762745 0.533151 0.0188805 0.106788 0.773249
0 0.0413447 0.767264 0.0303407 0.109345 0.740496
0 0.7317 0.378023 0.0154961 0.0835588 0.737733
0 0.526704 0.453638 0.0174603 0.0875437 0.735448
0 0.623408 0.481168 0.0169644 0.0925858 0.734368
0 0.366596 0.584141 0.0273043 0.0989289 0.714858
0 0.439115 0.381421 0.0189001 0.0778417 0.652571
0 0.488942 0.53182 0.0181484 0.0979144 0.606954
0 0.353678 0.438642 0.0146111 0.0687319 0.572563
0 0.334068 0.417083 0.0211657 0.0792635 0.519765
0 0.990024 0.44066 0.0183983 0.0772324 0.450663
0 0.404478 0.385475 0.0127039 0.0569439 0.389593
0 0.298413 0.458452 0.0202419 0.0846876 0.297733
9 0.110326 0.103797 0.028882 0.103346 0.291874
