0 0.604197 0.669073 0.0217268 0.091169 0.776941
0 0.752785 0.935847 0.0305518 0.111556 0.736147
0 0.490057 0.655949 0.0171486 0.0862 0.660261
0 0.331996 0.926494 0.0233204 0.113606 0.654881
0 0.398363 0.918125 0.0229482 0.105338 0.61909
0 0.2139 0.429993 0.0196625 0.0612017 0.617441
0 0.808846 0.971174 0.0308006 0.0574476 0.615958
0 0.253582 0.432547 0.0233616 0.0552522 0.60675
0 0.262073 0.592325 0.0340849 0.0728329 0.584882
0 0.214536 0.312363 0.0167955 0.0844562 0.577528
0 0.694041 0.326424 0.0149814 0.0552515 0.558464
0 0.455623 0.432338 0.0140697 0.0632478 0.533985
0 0.409752 0.346171 0.0123148 0.0571223 0.501037
0 0.407127 0.534398 0.0165196 0.0826207 0.488266
0 0.664305 0.430857 0.0150311 0.0698213 0.473022
0 0.333336 0.347583 0.0126675 0.0487464 0.467977
0 0.638675 0.450184 0.0188725 0.042757 0.445699
0 0.66717 0.277033 0.0115961 0.0473269 0.3533
0 0.39737 0.24955 0.0100217 0.0378504 0.294794
