0 0.512821 0.513223 0.0168047 0.0941713 0.779154
0 0.287095 0.515189 0.0198416 0.098122 0.777411
0 0.528071 0.625575 0.029215 0.077356 0.771188
0 0.455388 0.469043 0.0169165 0.0913456 0.74507
0 0.244461 0.449798 0.0265981 0.0849241 0.706143
0 0.378095 0.447048 0.0178769 0.0824637 0.698074
0 0.10171 0.525871 0.0239387 0.0897161 0.684001
32 0.404558 0.562152 0.00895424 0.0171721 0.681697
0 0.168765 0.418403 0.0228528 0.0868867 0.666021
0 0.642306 0.538495 0.0187294 0.077135 0.531161
0 0.537217 0.503742 0.0162368 0.0602425 0.507926
0 0.076125 0.475376 0.0169389 0.0854218 0.377949
