0 0.289623 0.782958 0.0230182 0.120593 0.793994
0 0.876828 0.744705 0.0264275 0.124641 0.790561
0 0.634659 0.543795 0.0238165 0.102755 0.716528
0 0.478715 0.484295 0.0187439 0.0808001 0.703403
0 0.107419 0.730518 0.0227899 0.110488 0.696918
0 0.324408 0.644836 0.0267816 0.0942109 0.667894
0 0.713278 0.6994 0.0216201 0.105154 0.662858
0 0.536069 0.595049 0.0254023 0.0823466 0.64374
0 0.423233 0.434989 0.0267204 0.0973382 0.615774
0 0.46651 0.794945 0.0231867 0.114075 0.612824
0 0.823355 0.472158 0.0149998 0.0861799 0.576903
0 0.97042 0.502144 0.0162582 0.0939589 0.576851
0 0.441717 0.521908 0.0230314 0.0774857 0.556777
0 0.547949 0.490049 0.0168058 0.0695227 0.55343
0 0.62411 0.386757 0.0311158 0.0734753 0.329256
0 0.457631 0.446857 0.0149212 0.0471967 0.328031
