0 0.504735 0.626789 0.0253304 0.0873594 0.794475
0 0.435673 0.441103 0.0157349 0.0890037 0.78844
0 0.491292 0.485583 0.0175692 0.0957776 0.775728
0 0.348773 0.431254 0.0174565 0.092209 0.748078
0 0.192261 0.445261 0.0245072 0.0779951 0.696669
0 0.158749 0.394208 0.0225626 0.0898136 0.691514
0 0.267914 0.491752 0.0149239 0.100359 0.687614
0 0.562454 0.498765 0.0212114 0.0806101 0.627275
32 0.379594 0.538251 0.00924902 0.0137179 0.563892
0 0.103644 0.499409 0.0173672 0.087841 0.555504
0 0.632955 0.522119 0.02819 0.089554 0.512396
0 0.0772768 0.447412 0.0234917 0.0906653 0.444383
0 0.71168 0.507539 0.0177473 0.0628138 0.41513
0 0.274911 0.241594 0.0190541 0.0536608 0.410666
0 0.137658 0.233168 0.0307082 0.0446143 0.352602
