0 0.527098 0.50834 0.020271 0.0949376 0.831106
0 0.369307 0.458623 0.017791 0.0910248 0.781124
0 0.650376 0.656403 0.0207258 0.102258 0.756062
0 0.42707 0.63825 0.0280453 0.0980068 0.621787
32 0.481534 0.60201 0.00935535 0.0111208 0.606405
0 0.585849 0.57069 0.0176212 0.0937873 0.595126
0 0.343152 0.615637 0.0200508 0.101195 0.583936
0 0.563777 0.495321 0.0150742 0.0845379 0.533623
0 0.207028 0.568266 0.0188676 0.0945475 0.439198
0 0.559948 0.568603 0.0430001 0.0855353 0.280427
0 0.311134 0.25921 0.0303183 0.0901878 0.267936
