0 0.179283 0.466203 0.323212 0.790221 0.878038
0 0.867881 0.505934 0.102986 0.288641 0.85155
0 0.545801 0.500983 0.0426216 0.194382 0.807916
0 0.471475 0.878134 0.0520273 0.100439 0.709634
0 0.932106 0.508318 0.0748535 0.196353 0.699507
0 0.343427 0.553354 0.103743 0.1894 0.643355
0 0.337225 0.43344 0.0716803 0.157132 0.480049
0 0.759988 0.489994 0.0238 0.0587218 0.471888
0 0.212374 0.655666 0.219908 0.408675 0.411613
0 0.123435 0.616046 0.088177 0.482939 0.377119
0 0.122509 0.492511 0.075355 0.229933 0.31952
