0 0.929682 0.538829 0.0210339 0.0722437 0.789356
0 0.291437 0.5752 0.0262016 0.0894246 0.77333
0 0.380393 0.760178 0.0255516 0.11667 0.745892
0 0.699158 0.624488 0.0180265 0.103308 0.739759
0 0.835575 0.380668 0.0207418 0.0848126 0.737009
0 0.745423 0.617992 0.0202667 0.0972036 0.735194
0 0.661067 0.448318 0.0196369 0.0749543 0.728556
0 0.11469 0.608022 0.0176043 0.0777015 0.663142
0 0.432331 0.736172 0.0234069 0.109661 0.662382
0 0.888763 0.752965 0.0233944 0.111609 0.653648
0 0.620233 0.658617 0.0170864 0.0991945 0.64429
0 0.500889 0.583159 0.0193718 0.0875017 0.612628
0 0.751788 0.414673 0.0169581 0.073076 0.586819
0 0.158557 0.585177 0.0198903 0.0867315 0.552794
0 0.617531 0.364776 0.0218112 0.0760871 0.394122
