0 0.274373 0.616147 0.0186211 0.098798 0.789151
0 0.141694 0.515144 0.0172474 0.0896389 0.783967
0 0.469612 0.514704 0.0179417 0.0878231 0.766604
0 0.180973 0.377839 0.0175368 0.0829885 0.696162
0 0.712464 0.48328 0.0156203 0.0785268 0.6621
0 0.407358 0.395834 0.0210531 0.122601 0.65517
0 0.361985 0.43167 0.0158858 0.083713 0.641533
0 0.425534 0.355684 0.0160351 0.0709483 0.629637
0 0.73793 0.445614 0.0177729 0.120744 0.585391
0 0.585902 0.447869 0.0166538 0.0717777 0.570637
0 0.679654 0.589931 0.0217744 0.0933907 0.528585
0 0.641915 0.369875 0.0147295 0.070854 0.505486
0 0.508624 0.29386 0.0152618 0.0611538 0.470741
0 0.671223 0.345401 0.0123553 0.0605935 0.46075
0 0.698229 0.59406 0.0195202 0.0918617 0.452068
0 0.0793154 0.279421 0.01435 0.0636328 0.268338
