0 0.588221 0.787108 0.0245213 0.126778 0.851878
0 0.20012 0.29126 0.0174095 0.0709868 0.735299
0 0.799384 0.549969 0.0252124 0.0998901 0.730424
0 0.601825 0.516571 0.0195284 0.0885827 0.727405
0 0.622861 0.408881 0.0193062 0.0637006 0.672213
0 0.906938 0.401044 0.0176029 0.0846515 0.6445
0 0.153733 0.441746 0.015 0.0836088 0.638129
0 0.318098 0.309357 0.0182944 0.0608776 0.6374
0 0.3521 0.371076 0.0238256 0.067203 0.624569
0 0.604002 0.387027 0.0162399 0.0810111 0.56555
0 0.453382 0.346776 0.0168644 0.0669927 0.559646
0 0.485586 0.398169 0.0198868 0.0554804 0.450917
0 0.00886332 0.636058 0.0176839 0.115608 0.41911
0 0.51838 0.364908 0.0226017 0.0576675 0.382108
0 0.503318 0.402335 0.0162889 0.0540039 0.356208
0 0.620813 0.204641 0.0210497 0.0499875 0.334141
32 0.760038 0.486261 0.0102194 0.0157772 0.301836
