0 0.529511 0.680006 0.020434 0.101992 0.743984
0 0.267485 0.498523 0.0208038 0.0796849 0.67595
0 0.452795 0.522648 0.0153646 0.083469 0.673262
0 0.642697 0.455366 0.0152664 0.0823791 0.6583
0 0.0433421 0.569562 0.0178489 0.0954085 0.622099
0 0.402087 0.691024 0.0261383 0.0997328 0.620943
0 0.312506 0.443793 0.0302484 0.0665631 0.608044
0 0.669603 0.300858 0.0169313 0.116972 0.571557
0 0.274021 0.972982 0.0301846 0.0540366 0.567513
0 0.155208 0.360402 0.0133573 0.0672418 0.534209
0 0.3695 0.281915 0.0140512 0.0633477 0.531835
0 0.209458 0.353327 0.0130913 0.0636837 0.524686
0 0.22147 0.492917 0.0319325 0.0771191 0.444806
0 0.77235 0.97303 0.0218453 0.05394 0.441978
0 0.361411 0.96492 0.0247454 0.0701595 0.437605
0 0.0614032 0.485067 0.0154185 0.0761556 0.435648
0 0.429181 0.297156 0.0139173 0.0551388 0.426137
0 0.627574 0.456914 0.0124653 0.07426 0.401434
0 0.252598 0.434496 0.0152935 0.0587051 0.347556
0 0.292313 0.548777 0.0237997 0.034913 0.267605
