0 0.255899 0.47863 0.331955 0.762203 0.899442
0 0.507333 0.496775 0.045689 0.19535 0.765426
0 0.832759 0.489787 0.0981278 0.308412 0.746161
0 0.961014 0.49427 0.0344219 0.113607 0.64701
0 0.450008 0.911036 0.0943487 0.169911 0.630213
0 0.16188 0.724402 0.193393 0.531702 0.571208
0 0.422438 0.488301 0.0240866 0.0893528 0.438161
0 0.711621 0.483459 0.0191816 0.0650611 0.353701
0 0.470926 0.877582 0.0527808 0.101051 0.351676
0 0.884264 0.518252 0.0586945 0.157679 0.348368
0 0.351892 0.486258 0.0401323 0.190464 0.329063
32 0.460208 0.470199 0.0526136 0.0838257 0.252621
