0 0.55443 0.709767 0.0135515 0.0696701 0.7231
0 0.230472 0.735767 0.0185646 0.0898773 0.712166
0 0.580828 0.719332 0.0156488 0.0825144 0.710577
0 0.31379 0.522369 0.0191562 0.0528047 0.58388
0 0.71781 0.436479 0.014738 0.0605248 0.574575
0 0.452411 0.457944 0.019945 0.0823468 0.554545
0 0.200671 0.439646 0.0216277 0.0478282 0.53124
0 0.212334 0.511155 0.0182868 0.0589033 0.529942
0 0.815339 0.508624 0.0245243 0.0642879 0.507023
0 0.259279 0.443998 0.0140056 0.0490049 0.494791
0 0.374941 0.417025 0.0165943 0.0502141 0.473769
0 0.631018 0.419836 0.0180948 0.0659701 0.454218
0 0.916023 0.446636 0.016127 0.0597388 0.438279
0 0.541609 0.402594 0.0117857 0.0444872 0.368526
0 0.57098 0.418847 0.0141615 0.0488163 0.316575
32 0.830215 0.446505 0.0108976 0.0209381 0.253714
