0 0.554336 0.478298 0.016531 0.0829141 0.79932
0 0.453938 0.431267 0.0197549 0.0758723 0.762115
0 0.556336 0.581683 0.0223507 0.0955623 0.718416
0 0.498992 0.580576 0.0183233 0.0688748 0.70946
0 0.163893 0.475487 0.0189059 0.0772657 0.677829
0 0.181479 0.530172 0.02588 0.0937434 0.662682
0 0.284598 0.408085 0.0315532 0.0791027 0.587644
0 0.171759 0.367425 0.0177499 0.0704946 0.573446
0 0.335611 0.370177 0.0180512 0.0529645 0.545421
0 0.0332744 0.465831 0.0210023 0.0790972 0.523393
0 0.509198 0.477924 0.0330052 0.0756678 0.476544
0 0.310329 0.431595 0.0201341 0.0529396 0.40346
0 0.516095 0.47085 0.0152815 0.0642429 0.315208
0 0.389354 0.242698 0.0187201 0.0456092 0.303353
0 0.660741 0.417481 0.0256217 0.0657177 0.293535
0 0.440575 0.249816 0.0174582 0.0522711 0.271591
