0 0.2179 0.745582 0.0172157 0.0857839 0.750355
0 0.591195 0.436861 0.010812 0.0527461 0.644126
0 0.279263 0.603749 0.0124813 0.0682877 0.617834
0 0.466986 0.955164 0.0185263 0.0846836 0.611957
0 0.333211 0.566679 0.0225567 0.0633182 0.602995
0 0.809328 0.607737 0.015559 0.0752285 0.601116
0 0.822646 0.428836 0.0118996 0.0534365 0.590977
0 0.432984 0.538317 0.0138252 0.0922291 0.555821
0 0.530817 0.747413 0.015209 0.0948463 0.548196
0 0.497187 0.755209 0.0139166 0.0721334 0.547551
0 0.320569 0.967577 0.0244922 0.0621711 0.501095
0 0.762045 0.489431 0.0179035 0.0636017 0.337951
0 0.714441 0.349042 0.00944118 0.0453847 0.27271
0 0.565759 0.438963 0.0137936 0.0449614 0.268362
