0 0.604048 0.515463 0.0184057 0.0882272 0.758019
0 0.583441 0.791758 0.0233214 0.123933 0.729119
0 0.61997 0.410868 0.0185693 0.0726138 0.652514
0 0.181027 0.295907 0.0192029 0.0671108 0.628494
0 0.159335 0.441141 0.0155379 0.0803463 0.615401
0 0.805455 0.545453 0.0208736 0.0855881 0.592681
32 0.75529 0.488877 0.00850611 0.0120098 0.59208
0 0.358277 0.377292 0.0135689 0.0616942 0.580379
0 0.299569 0.319888 0.0145285 0.0582355 0.568418
0 0.0207494 0.64143 0.0322808 0.107016 0.566888
0 0.506065 0.389042 0.0172485 0.0785138 0.437523
0 0.603382 0.391609 0.0176369 0.0770725 0.378711
0 0.451825 0.348708 0.0170458 0.052012 0.340519
0 0.615455 0.20703 0.0231928 0.050214 0.326156
0 0.910374 0.397746 0.015531 0.0825227 0.282556
0 0.469053 0.386755 0.0194757 0.0549147 0.269681
