0 0.276577 0.618517 0.0165656 0.0951708 0.78277
0 0.464702 0.512712 0.0164448 0.091718 0.720692
0 0.134976 0.515113 0.0183866 0.0905189 0.677235
0 0.712725 0.480246 0.0156324 0.0764657 0.622733
0 0.175829 0.378972 0.0152647 0.0786818 0.56632
0 0.73447 0.448264 0.0142641 0.111612 0.558222
0 0.366814 0.43355 0.0191827 0.0850903 0.545764
0 0.504656 0.295723 0.0153204 0.0626673 0.528794
0 0.40607 0.416732 0.0170716 0.0773853 0.507439
0 0.667798 0.346175 0.0125393 0.0648817 0.479724
0 0.579366 0.442255 0.0189469 0.0857327 0.43577
0 0.687914 0.592214 0.0262666 0.0920549 0.425833
0 0.424071 0.361014 0.0163324 0.0711706 0.347071
0 0.638586 0.370998 0.0151638 0.0682668 0.341198
0 0.40906 0.370736 0.0168877 0.0710773 0.287206
0 0.571835 0.37576 0.0113144 0.0541523 0.283897
0 0.481779 0.27241 0.0253914 0.0390676 0.26939
