0 0.908538 0.9343 0.0696238 0.131399 0.912894
0 0.432969 0.890697 0.0617743 0.218607 0.847416
0 0.653551 0.584095 0.0310589 0.125846 0.842839
0 0.698468 0.753924 0.0579731 0.195152 0.813765
0 0.428347 0.714929 0.033935 0.174036 0.793282
0 0.522629 0.723826 0.0427804 0.201108 0.786304
0 0.259932 0.946234 0.0497709 0.107533 0.77752
0 0.160228 0.944469 0.082738 0.111063 0.766797
0 0.166938 0.683239 0.0350866 0.161289 0.763601
0 0.849447 0.528986 0.026004 0.0974255 0.595554
0 0.892549 0.542651 0.0199608 0.0957587 0.564621
0 0.970772 0.715957 0.0574524 0.161162 0.451951
0 0.875341 0.555051 0.0190128 0.102974 0.37424
0 0.985504 0.611765 0.0282494 0.0835897 0.270688
