0 0.305939 0.566262 0.0180906 0.101599 0.756827
0 0.29953 0.743794 0.0289146 0.133426 0.741207
0 0.639668 0.791546 0.0251682 0.114835 0.741031
0 0.529243 0.612193 0.0211754 0.100892 0.713608
0 0.747056 0.664724 0.0313778 0.108078 0.712037
0 0.379328 0.751605 0.0265527 0.112565 0.666908
0 0.601937 0.722235 0.0192112 0.114657 0.629602
0 0.668094 0.648636 0.0268251 0.0845839 0.618607
0 0.548676 0.709199 0.0271996 0.0593655 0.60235
0 0.238712 0.707066 0.0260932 0.110474 0.580605
32 0.480701 0.732376 0.0104177 0.012912 0.573371
0 0.460026 0.599273 0.0269062 0.101421 0.559698
0 0.285467 0.349924 0.0300469 0.0683752 0.34215
