0 0.1617 0.731415 0.0306437 0.128986 0.835635
0 0.888494 0.735829 0.0243374 0.130364 0.812531
0 0.537061 0.82386 0.0328099 0.125067 0.781451
0 0.306465 0.781348 0.0285361 0.131352 0.778065
0 0.392419 0.635003 0.0230113 0.104528 0.64751
0 0.597126 0.370464 0.0173529 0.069765 0.646629
0 0.826825 0.450925 0.0159801 0.0870892 0.62396
0 0.742145 0.701886 0.0244444 0.110059 0.600908
0 0.60619 0.54766 0.0233737 0.102025 0.589914
0 0.452888 0.570364 0.0253758 0.0910746 0.568596
0 0.386537 0.437809 0.0176977 0.0825609 0.526763
0 0.45578 0.49218 0.0178144 0.0820506 0.511817
0 0.533939 0.38326 0.0173689 0.0584452 0.364658
0 0.494992 0.444295 0.0160536 0.0652004 0.364496
0 0.99264 0.48472 0.0138317 0.0747628 0.325561
0 0.477024 0.432222 0.0175436 0.0599126 0.305173
0 0.95402 0.184539 0.0214251 0.0633665 0.295609
