0 0.641209 0.856842 0.0394979 0.140364 0.790306
0 0.823829 0.651615 0.0257347 0.125763 0.777633
0 0.260912 0.590367 0.0220706 0.113863 0.770646
0 0.327175 0.796935 0.0303918 0.130962 0.758487
0 0.581969 0.768212 0.032695 0.12099 0.732082
0 0.403396 0.640306 0.0279377 0.111758 0.706865
0 0.486876 0.62802 0.0260552 0.114472 0.69711
0 0.230671 0.780524 0.0276339 0.155857 0.498357
0 0.556687 0.674283 0.0218435 0.0786109 0.482552
0 0.558812 0.738281 0.0281252 0.0681658 0.346179
32 0.485639 0.759889 0.0130217 0.0165439 0.282593
