0 0.627112 0.910309 0.0299429 0.139776 0.84225
0 0.054091 0.369315 0.0214236 0.0803196 0.766474
0 0.425375 0.507494 0.0213794 0.0841359 0.751008
0 0.540949 0.397139 0.0226564 0.0692103 0.724562
0 0.175958 0.36531 0.0192406 0.0779409 0.69613
0 0.76539 0.526942 0.0199171 0.0747696 0.691752
0 0.365454 0.326896 0.0163328 0.0676997 0.658134
0 0.670245 0.228284 0.012855 0.0513539 0.582647
0 0.47407 0.32501 0.0133953 0.049365 0.538155
0 0.713576 0.326728 0.0151176 0.0685939 0.530678
0 0.745868 0.334562 0.0160641 0.0689691 0.500029
0 0.340028 0.305379 0.0153474 0.063674 0.498133
0 0.364113 0.21997 0.0116196 0.0579504 0.467175
0 0.564641 0.264306 0.0149258 0.0570558 0.389151
0 0.719349 0.426766 0.0174557 0.0700131 0.371684
0 0.569024 0.152861 0.0197525 0.0690831 0.32578
0 0.732149 0.477425 0.0202922 0.0639977 0.319293
0 0.414247 0.209887 0.012541 0.0648031 0.314501
0 0.617883 0.304817 0.0132936 0.0598154 0.287279
