0 0.508897 0.703518 0.0321777 0.0951027 0.735949
0 0.101873 0.485293 0.0219525 0.0731044 0.702497
0 0.6612 0.466975 0.0146467 0.0772656 0.691848
0 0.396125 0.297287 0.012209 0.0573474 0.675351
0 0.0550002 0.574403 0.0204325 0.0831306 0.657206
0 0.392621 0.720069 0.0300874 0.0997583 0.646759
0 0.462985 0.533879 0.0241732 0.0808802 0.633997
0 0.635196 0.471544 0.0170815 0.0754612 0.633792
0 0.313532 0.439969 0.0149786 0.0757036 0.523541
0 0.684736 0.319232 0.0139193 0.117716 0.49337
0 0.460086 0.326748 0.0137713 0.057632 0.470043
0 0.312786 0.551107 0.0204556 0.0519548 0.458728
0 0.387029 0.974936 0.0254211 0.0501279 0.4486
0 0.26657 0.4664 0.0237091 0.0813466 0.429282
0 0.171839 0.398201 0.0177302 0.0652471 0.419514
0 0.684016 0.282876 0.014968 0.0488445 0.333195
0 0.481226 0.449664 0.0154484 0.0706139 0.253688
