0 0.824471 0.936825 0.0825589 0.126351 0.851629
0 0.708438 0.759259 0.0605686 0.201666 0.830391
0 0.639022 0.589904 0.0364317 0.11844 0.812076
0 0.432673 0.722801 0.0362726 0.195443 0.791517
0 0.527496 0.741253 0.0445832 0.212242 0.777956
0 0.021625 0.916076 0.0430878 0.164762 0.777448
0 0.156156 0.682141 0.035135 0.164062 0.769723
0 0.299355 0.876869 0.0747909 0.246263 0.7472
0 0.254229 0.861987 0.0567954 0.255565 0.7459
0 0.972129 0.702617 0.0506294 0.178022 0.743552
0 0.89196 0.554928 0.0199348 0.11064 0.642492
0 0.869002 0.540764 0.0323387 0.120663 0.478271
32 0.572548 0.554429 0.00921745 0.0181575 0.256229
