0 0.51928 0.704363 0.0197717 0.0980281 0.727287
0 0.0660158 0.566728 0.0229518 0.0799633 0.697578
0 0.401891 0.724663 0.0172621 0.100125 0.667916
0 0.64836 0.47186 0.0157845 0.0777222 0.590002
0 0.475952 0.534095 0.0165409 0.0800841 0.572841
0 0.334035 0.432996 0.0136331 0.0764555 0.524037
0 0.411951 0.299022 0.0142408 0.0566133 0.501812
0 0.115309 0.475477 0.0222322 0.0730904 0.482952
0 0.676641 0.470553 0.0141729 0.0848123 0.464982
0 0.326887 0.547857 0.0217058 0.0574562 0.432132
0 0.474888 0.333012 0.0142433 0.0570915 0.425293
0 0.700012 0.349548 0.0156166 0.0615742 0.39715
0 0.399421 0.975494 0.0256932 0.0490125 0.365954
0 0.177097 0.401199 0.0219575 0.0571153 0.357221
0 0.696196 0.280659 0.0112629 0.0403704 0.335876
0 0.698701 0.320327 0.0178154 0.122128 0.294797
