0 0.173403 0.89624 0.0782327 0.207519 0.882878
0 0.462792 0.861404 0.0876722 0.277191 0.875823
0 0.354241 0.881351 0.0608819 0.237298 0.855827
0 0.548692 0.869965 0.0599171 0.26007 0.854379
0 0.245497 0.729779 0.0580233 0.206777 0.837976
0 0.761644 0.938068 0.0938752 0.123864 0.832481
0 0.45063 0.679061 0.0409389 0.163888 0.735734
0 0.535814 0.694793 0.0430437 0.193964 0.709399
0 0.933573 0.631468 0.033033 0.133924 0.6445
32 0.654214 0.672135 0.0115711 0.0152552 0.629798
0 0.52132 0.592117 0.0242987 0.115055 0.464267
