0 0.636243 0.835525 0.0272411 0.129162 0.797897
0 0.275732 0.584361 0.0209575 0.112713 0.796606
0 0.344411 0.779621 0.0299732 0.12024 0.725336
0 0.798834 0.657898 0.0251047 0.122526 0.718009
0 0.594747 0.755691 0.0282151 0.116756 0.715666
0 0.501956 0.625603 0.0371164 0.110613 0.655875
0 0.555572 0.728892 0.0260881 0.0636217 0.655277
0 0.25518 0.771313 0.0241815 0.145251 0.598643
0 0.236212 0.734268 0.022735 0.120511 0.522234
32 0.482073 0.752911 0.012375 0.0142081 0.504893
0 0.422778 0.628916 0.033008 0.101667 0.481141
