0 0.871333 0.484375 0.015929 0.0779808 0.707288
0 0.199511 0.577739 0.0206032 0.0673645 0.704396
0 0.657477 0.581128 0.0244553 0.0994222 0.689523
0 0.317824 0.636666 0.017402 0.084702 0.633481
0 0.955772 0.679955 0.0178009 0.0949444 0.625481
0 0.779409 0.438539 0.0148375 0.0644247 0.605405
0 0.171692 0.571019 0.0256816 0.0631823 0.602874
0 0.478026 0.467074 0.0131524 0.0694811 0.577432
0 0.719769 0.455997 0.014904 0.0685946 0.572604
0 0.680684 0.401659 0.0149284 0.0686011 0.522508
0 0.753192 0.386606 0.020332 0.0761561 0.489577
0 0.636551 0.511535 0.0263355 0.0913089 0.474934
0 0.64242 0.498125 0.0169235 0.0805259 0.432726
0 0.588054 0.434819 0.0158333 0.0650492 0.406976
0 0.875627 0.389142 0.0153547 0.0636102 0.332117
0 0.662142 0.422168 0.014369 0.0655384 0.30654
