0 0.290596 0.445171 0.0181252 0.0911514 0.764214
0 0.317469 0.697551 0.0219134 0.114395 0.748247
0 0.20448 0.447643 0.0161834 0.0934336 0.746384
0 0.48357 0.521508 0.0231264 0.0938012 0.73208
0 0.112405 0.500202 0.0179057 0.104219 0.695656
0 0.0202657 0.463266 0.024804 0.0827157 0.642148
0 0.358046 0.485214 0.0171435 0.0912876 0.597469
0 0.565162 0.555326 0.0208101 0.0872732 0.596466
0 0.0247913 0.401943 0.0242191 0.0925059 0.375277
0 0.463849 0.421589 0.023842 0.112843 0.353494
0 0.537477 0.414862 0.0269665 0.0645443 0.345937
0 0.117886 0.243998 0.0223964 0.0560088 0.328393
