0 0.479295 0.961408 0.0266991 0.0771849 0.679192
0 0.0333303 0.403714 0.0185717 0.0760232 0.585152
0 0.619414 0.716528 0.0296526 0.0833931 0.569085
0 0.724519 0.629496 0.0259356 0.076254 0.546039
0 0.407306 0.717941 0.0267487 0.0937146 0.517739
0 0.348045 0.955141 0.0193698 0.0897183 0.502226
0 0.0835358 0.32299 0.0141825 0.0689972 0.489666
0 0.25886 0.375099 0.0128426 0.0694109 0.46703
0 0.593664 0.37756 0.0172415 0.0617891 0.45509
0 0.480247 0.320909 0.0171421 0.0473837 0.39749
0 0.426948 0.421564 0.0165633 0.0539656 0.395298
0 0.199314 0.258595 0.014612 0.0501026 0.391142
0 0.410955 0.327326 0.0145949 0.0518932 0.388223
0 0.4038 0.190645 0.0127545 0.0485753 0.37344
0 0.190921 0.39964 0.0146234 0.064034 0.37046
0 0.567307 0.568684 0.0205582 0.070384 0.34826
0 0.406102 0.663099 0.0274265 0.202178 0.340038
32 0.821776 0.730732 0.00918427 0.016253 0.338946
0 0.558813 0.447078 0.0149431 0.0565653 0.327785
0 0.623036 0.463611 0.0191768 0.05744 0.326959
0 0.812045 0.930144 0.0429388 0.100765 0.313094
0 0.403917 0.612252 0.025579 0.0954392 0.280919
