0 0.439714 0.7127 0.024453 0.123295 0.828975
0 0.472606 0.509205 0.0218104 0.085822 0.714426
0 0.721366 0.497183 0.0205621 0.100036 0.703013
0 0.506965 0.406948 0.0177097 0.0932115 0.663208
0 0.76021 0.415965 0.0167925 0.0889302 0.646527
0 0.64846 0.406674 0.0173916 0.0807712 0.618638
0 0.88573 0.602 0.0268604 0.10118 0.614091
0 0.614835 0.408221 0.0173191 0.0776085 0.554071
0 0.904914 0.321727 0.0293911 0.0805325 0.552322
0 0.669551 0.386088 0.0172262 0.0805269 0.498389
0 0.708711 0.427809 0.0195605 0.0756039 0.395907
0 0.968784 0.535523 0.0231724 0.100095 0.38222
