0 0.322847 0.858741 0.0712237 0.245551 0.877514
0 0.255376 0.863955 0.0558182 0.272089 0.861934
0 0.152163 0.684523 0.0424449 0.168358 0.836878
0 0.5326 0.74509 0.0425549 0.215552 0.83217
0 0.829613 0.944275 0.0664272 0.11145 0.830969
0 0.438295 0.72593 0.0373697 0.197319 0.820215
0 0.719118 0.76432 0.0638866 0.204929 0.816288
0 0.629717 0.58317 0.0243873 0.119212 0.776782
0 0.982308 0.73996 0.034934 0.206468 0.673742
32 0.579837 0.556173 0.00963907 0.0171129 0.646126
0 0.0182597 0.93208 0.0362866 0.129946 0.628549
0 0.907438 0.562026 0.0260283 0.107263 0.544295
0 0.881988 0.539059 0.0336817 0.113552 0.371926
