0 0.254103 0.41233 0.018586 0.0611116 0.788088
0 0.625321 0.677737 0.021027 0.0850949 0.747725
0 0.45152 0.895371 0.0228187 0.108219 0.73833
0 0.388403 0.899996 0.0205811 0.110546 0.702501
0 0.783804 0.926495 0.0309515 0.102406 0.610596
0 0.509682 0.67438 0.0178883 0.0785 0.575516
0 0.271973 0.427501 0.0174216 0.0554485 0.557807
0 0.857049 0.967245 0.0298946 0.06551 0.537673
0 0.276487 0.579161 0.0197561 0.0727175 0.480131
0 0.0361979 0.591107 0.0180098 0.0753554 0.474479
0 0.489221 0.420853 0.0142632 0.0592064 0.468979
0 0.452561 0.334009 0.0151878 0.0560344 0.426384
0 0.414766 0.52457 0.0164984 0.0824451 0.418238
0 0.378637 0.330216 0.0114717 0.041763 0.391804
0 0.276895 0.311236 0.0150395 0.0637918 0.357911
0 0.715154 0.444919 0.0172372 0.0601916 0.341904
0 0.686041 0.445669 0.0130745 0.0487223 0.300752
0 0.725455 0.324005 0.020602 0.0541584 0.285781
0 0.453173 0.238563 0.00976181 0.0363778 0.253663
