0 0.752426 0.365509 0.0179978 0.0846002 0.867934
0 0.951812 0.845258 0.0288418 0.142605 0.833968
0 0.776089 0.53444 0.027269 0.11066 0.819914
0 0.786016 0.777675 0.0265957 0.133113 0.789993
0 0.609957 0.485498 0.0189632 0.0993518 0.689434
0 0.473605 0.524003 0.0225547 0.0970298 0.683208
0 0.529965 0.444852 0.0223545 0.0955198 0.68216
0 0.0186499 0.804032 0.0368064 0.125745 0.681088
0 0.394429 0.587886 0.0309041 0.107328 0.655165
0 0.967731 0.427667 0.0151705 0.0831737 0.599756
0 0.348126 0.425884 0.0184157 0.0606644 0.569004
0 0.0259907 0.525767 0.032865 0.0973268 0.560543
0 0.256998 0.453671 0.0261043 0.081597 0.50283
0 0.414992 0.378732 0.024444 0.0917775 0.497715
0 0.297429 0.408499 0.0163403 0.0786446 0.479092
0 0.266677 0.399103 0.0157622 0.073804 0.324784
