0 0.730239 0.449744 0.0135087 0.0752808 0.744902
0 0.545538 0.69239 0.0272041 0.0975232 0.744772
0 0.434642 0.713665 0.0308117 0.0984805 0.729952
0 0.0849257 0.506281 0.019411 0.0776015 0.659747
0 0.515958 0.516125 0.0186031 0.0860358 0.615827
0 0.36144 0.511127 0.0221 0.0746451 0.615218
0 0.395838 0.404571 0.0162895 0.0709718 0.605838
0 0.697538 0.458659 0.0183228 0.0747838 0.602678
0 0.522703 0.321569 0.0176594 0.0602 0.586313
0 0.438274 0.971107 0.0229536 0.0577865 0.549634
0 0.143308 0.41646 0.0189198 0.0658129 0.54148
0 0.323865 0.399313 0.019493 0.0631975 0.520684
0 0.449543 0.28258 0.0228544 0.0470506 0.490158
0 0.345302 0.969452 0.023525 0.0600698 0.470474
0 0.196326 0.385234 0.0162447 0.0563219 0.430136
0 0.756549 0.328586 0.0118671 0.0664805 0.293553
