0 0.346983 0.592551 0.0181354 0.098884 0.721707
0 0.710945 0.322132 0.0132613 0.0666483 0.681136
0 0.410993 0.41981 0.0160652 0.076846 0.657426
0 0.605352 0.358225 0.0146566 0.0791861 0.65314
0 0.19591 0.488336 0.0167477 0.0902941 0.648318
0 0.465925 0.393325 0.0168654 0.0681783 0.640415
0 0.368196 0.405098 0.0182334 0.0899517 0.633086
0 0.753362 0.48882 0.0168772 0.0778137 0.578459
0 0.649314 0.407447 0.0154952 0.0804882 0.569986
0 0.784804 0.444348 0.0196415 0.0816372 0.564732
0 0.525858 0.491167 0.0153227 0.0906678 0.56262
0 0.731589 0.584405 0.0365377 0.100563 0.561771
0 0.67142 0.344205 0.0156168 0.0809116 0.559481
0 0.40802 0.323134 0.0115705 0.0638812 0.543881
0 0.578692 0.258842 0.0150897 0.0604606 0.49956
0 0.741395 0.595161 0.0246026 0.076238 0.3769
0 0.225485 0.38804 0.0220358 0.0453378 0.346801
0 0.761654 0.409747 0.0180496 0.0663545 0.262978
0 0.759827 0.448531 0.0229952 0.139222 0.259623
0 0.456314 0.306947 0.0139132 0.0690403 0.257525
