0 0.63353 0.935537 0.0295496 0.128927 0.820339
0 0.0442486 0.374913 0.0166467 0.0850599 0.725083
0 0.417428 0.50636 0.0204771 0.0799181 0.721926
0 0.762021 0.530337 0.0235773 0.0795838 0.680923
0 0.536941 0.403611 0.0199861 0.0703847 0.676708
0 0.174879 0.370612 0.019236 0.0766729 0.663674
0 0.364012 0.330675 0.0148734 0.063967 0.647279
0 0.364504 0.224256 0.0114779 0.0616078 0.579128
0 0.470699 0.324519 0.0144886 0.056061 0.577768
0 0.748199 0.339631 0.016975 0.0700157 0.528241
0 0.671644 0.229693 0.0120745 0.0517175 0.502638
0 0.339318 0.305004 0.015838 0.067947 0.491483
0 0.715408 0.330855 0.0146027 0.0603103 0.491216
0 0.564962 0.264968 0.013785 0.0533084 0.373954
0 0.718261 0.435504 0.0204609 0.0844276 0.33181
0 0.415046 0.211485 0.0122427 0.0584115 0.290732
