0 0.34314 0.813716 0.0279125 0.149114 0.862105
0 0.511685 0.507229 0.0213814 0.10393 0.859188
0 0.936578 0.749407 0.0324409 0.158959 0.844563
0 0.211574 0.721935 0.02728 0.135008 0.82004
0 0.565278 0.473638 0.0275036 0.0964125 0.750582
0 0.818026 0.732639 0.0304169 0.132236 0.733263
0 0.669175 0.914045 0.0284178 0.148197 0.699577
0 0.500316 0.374864 0.0165833 0.0830116 0.679264
0 0.241331 0.532058 0.0262832 0.107142 0.668027
0 0.440924 0.628566 0.0236141 0.118442 0.661433
0 0.845176 0.421852 0.0190985 0.104261 0.644532
0 0.445851 0.466968 0.0250826 0.12406 0.482945
0 0.597455 0.34878 0.0277733 0.0735435 0.357
