0 0.29448 0.438247 0.0199442 0.0958091 0.77938
0 0.4412 0.486083 0.0185455 0.0936106 0.755488
0 0.383941 0.442247 0.0172709 0.0868926 0.743328
0 0.212773 0.494892 0.0162469 0.102399 0.700091
0 0.43671 0.654635 0.0210955 0.0935501 0.686212
0 0.131396 0.453857 0.021288 0.0787643 0.685219
0 0.114323 0.396847 0.0216927 0.0878979 0.663093
0 0.54228 0.505776 0.0185724 0.0962202 0.649876
0 0.605781 0.541965 0.0291895 0.0885863 0.641543
0 0.0583659 0.504985 0.0239146 0.0961645 0.59106
0 0.730209 0.541547 0.0176615 0.0969982 0.576316
0 0.031784 0.450728 0.0247773 0.0830977 0.481032
0 0.218369 0.241761 0.0209432 0.0538428 0.367311
0 0.0777001 0.235376 0.0334237 0.0476921 0.345773
