0 0.462846 0.480017 0.0199961 0.0664069 0.694701
0 0.320391 0.643093 0.0196183 0.0818821 0.693936
0 0.807715 0.451856 0.0168776 0.078083 0.689964
0 0.922546 0.651689 0.0335823 0.0949248 0.68948
0 0.682149 0.58769 0.0163778 0.0848238 0.687626
0 0.669213 0.41561 0.0181095 0.0983785 0.645466
0 0.694829 0.447834 0.0156101 0.0755758 0.610891
0 0.832396 0.372166 0.0176142 0.0650082 0.56153
0 0.58774 0.442671 0.0138836 0.0628799 0.548767
0 0.63228 0.521703 0.0273144 0.141552 0.50869
0 0.196038 0.615 0.0265315 0.0829007 0.462884
0 0.742426 0.40687 0.0179461 0.0903253 0.442323
0 0.215154 0.615921 0.0293589 0.0795255 0.368279
0 0.756077 0.368749 0.0114907 0.0487957 0.35747
0 0.430449 0.377304 0.0175373 0.0593285 0.343748
0 0.14779 0.925546 0.0287497 0.148907 0.319724
