0 0.19231 0.762391 0.022435 0.0889652 0.755518
0 0.541159 0.723453 0.0164885 0.0808943 0.744762
0 0.272286 0.571889 0.0147333 0.0697851 0.628957
0 0.801617 0.585096 0.0148171 0.0741035 0.584192
0 0.834905 0.427439 0.0135704 0.0594935 0.553619
0 0.298224 0.517497 0.0170466 0.0619659 0.526469
0 0.500295 0.743033 0.0155394 0.0796438 0.467665
0 0.757467 0.490912 0.014593 0.0561276 0.459245
0 0.334309 0.497192 0.0154128 0.059444 0.43103
0 0.720556 0.344482 0.0110247 0.045388 0.330496
0 0.42681 0.523253 0.0176926 0.0638699 0.314355
0 0.394011 0.425193 0.0134659 0.0507781 0.312627
