0 0.213231 0.740143 0.0249073 0.08343 0.707056
0 0.294665 0.520997 0.016704 0.0564035 0.684506
0 0.434486 0.453492 0.0262358 0.0892527 0.659042
0 0.793574 0.500774 0.0216861 0.062629 0.637225
0 0.892759 0.439694 0.0128086 0.0580741 0.603556
0 0.534816 0.706335 0.0139381 0.0642522 0.579067
0 0.204939 0.517663 0.0192756 0.062163 0.53754
0 0.562103 0.716169 0.0171934 0.0746433 0.532451
0 0.35992 0.414385 0.0129944 0.0500493 0.49469
0 0.830056 0.592959 0.0225876 0.0706975 0.467516
0 0.381674 0.36651 0.0199556 0.05083 0.362413
0 0.520406 0.406028 0.0184678 0.0607786 0.361564
0 0.601218 0.416663 0.0152331 0.0515969 0.297794
0 0.548124 0.414385 0.0150822 0.0446804 0.297139
0 0.193798 0.440933 0.01373 0.0492188 0.258633
