0 0.481594 0.477543 0.0198213 0.0889105 0.815521
0 0.879498 0.74034 0.0227234 0.12491 0.798147
0 0.117288 0.728183 0.0337987 0.119274 0.791993
0 0.293721 0.784023 0.0294054 0.125111 0.779457
0 0.633258 0.543289 0.0232843 0.103886 0.742742
0 0.479962 0.798362 0.0339144 0.116826 0.723616
0 0.718991 0.702022 0.0210499 0.107909 0.696782
0 0.825162 0.472451 0.0154999 0.0860463 0.661937
0 0.523529 0.590763 0.0254364 0.096605 0.644169
0 0.341989 0.646975 0.0305073 0.102297 0.641367
0 0.446946 0.515411 0.0175154 0.0939084 0.639676
0 0.542496 0.481166 0.0204081 0.071263 0.595986
0 0.60981 0.388249 0.0188982 0.0673491 0.551102
0 0.976762 0.504064 0.0179035 0.0941255 0.489283
0 0.416426 0.439191 0.0296438 0.0947921 0.483404
