0 0.872539 0.933894 0.0562756 0.132211 0.889592
0 0.651751 0.583068 0.0310789 0.123853 0.860113
0 0.518392 0.722115 0.0399794 0.201684 0.826801
0 0.695707 0.751514 0.0586079 0.193831 0.825852
0 0.134569 0.940064 0.0879254 0.117812 0.822332
0 0.42644 0.719207 0.0376206 0.185025 0.811832
0 0.396914 0.884786 0.0492697 0.22917 0.801204
0 0.169938 0.686547 0.0466866 0.163154 0.766855
0 0.257844 0.92757 0.0503553 0.144859 0.751608
0 0.874497 0.549316 0.0298542 0.108185 0.63433
0 0.969738 0.709588 0.0597656 0.173799 0.52636
0 0.848266 0.529465 0.0248463 0.100669 0.482938
