0 0.340829 0.544846 0.215988 0.874205 0.907273
0 0.677819 0.60656 0.146957 0.74964 0.889423
0 0.114966 0.519608 0.154618 0.564703 0.86647
0 0.771037 0.720369 0.131535 0.548443 0.862132
0 0.435184 0.689477 0.185383 0.606244 0.855371
0 0.94209 0.699261 0.0799866 0.340477 0.776294
0 0.854448 0.616136 0.085409 0.439086 0.722889
0 0.168578 0.407804 0.0499887 0.236217 0.518742
32 0.449848 0.919687 0.028089 0.0628499 0.314508
0 0.471453 0.349103 0.0589343 0.1286 0.288463
0 0.187411 0.563938 0.0992516 0.192435 0.269895
