0 0.774035 0.400122 0.0209543 0.0807471 0.742147
0 0.364647 0.553969 0.0174867 0.0865533 0.718304
0 0.697746 0.280335 0.0138949 0.0677341 0.709113
0 0.35693 0.362308 0.017617 0.0827925 0.688299
0 0.718613 0.534104 0.02202 0.0823014 0.683664
0 0.590761 0.314566 0.0150562 0.0740879 0.673851
0 0.391626 0.380797 0.0161458 0.0750241 0.660876
0 0.190277 0.441397 0.0154421 0.0896029 0.650238
0 0.465494 0.363248 0.0154646 0.0721671 0.641791
0 0.394624 0.279973 0.0129387 0.0653497 0.602825
0 0.739704 0.455084 0.0192295 0.0614722 0.576193
0 0.654587 0.294445 0.0161716 0.0691123 0.518379
0 0.519291 0.454233 0.0170708 0.0805637 0.507331
0 0.741111 0.553079 0.0181047 0.0673011 0.458905
0 0.637711 0.368977 0.0163404 0.0696959 0.458336
0 0.74943 0.373738 0.0174471 0.0670814 0.423666
0 0.228332 0.346697 0.0228112 0.0413255 0.366371
0 0.137095 0.202174 0.0181263 0.0456609 0.306587
0 0.443201 0.263111 0.0154789 0.0679753 0.276773
0 0.576027 0.21477 0.0145067 0.0606614 0.275484
