0 0.523836 0.720011 0.0186577 0.0851777 0.796096
0 0.170411 0.748852 0.0228986 0.0899322 0.655424
0 0.493536 0.71121 0.0137797 0.0756225 0.601856
0 0.395057 0.456255 0.0168106 0.098671 0.589074
0 0.2535 0.541247 0.0133575 0.0551776 0.475031
0 0.208682 0.521062 0.019459 0.0576399 0.452033
0 0.334279 0.396099 0.015701 0.0579717 0.439848
0 0.483455 0.391539 0.014456 0.0461295 0.426191
0 0.839094 0.430192 0.0134096 0.0567561 0.424228
0 0.742997 0.494793 0.0264875 0.0715139 0.419807
0 0.50755 0.404345 0.0114801 0.0457025 0.389803
0 0.70412 0.346451 0.0103524 0.0410477 0.342677
0 0.24961 0.458397 0.0195647 0.054044 0.28514
0 0.789144 0.586614 0.019235 0.0774387 0.282037
0 0.525723 0.400299 0.0138485 0.0437369 0.278441
