0 0.58421 0.793278 0.030376 0.109753 0.778007
0 0.596076 0.515442 0.024847 0.0789697 0.689682
0 0.777831 0.515651 0.021968 0.0921148 0.680964
0 0.172841 0.439923 0.0155484 0.0820502 0.657711
0 0.613997 0.406996 0.0224083 0.0954051 0.634727
0 0.507407 0.380706 0.0151008 0.0398966 0.584284
0 0.293116 0.3349 0.0163525 0.0696448 0.579159
0 0.0656806 0.633151 0.0289581 0.0959268 0.503734
0 0.461572 0.410407 0.0162528 0.0599826 0.424847
0 0.444844 0.345613 0.0114675 0.0463453 0.37271
0 0.428278 0.381514 0.017808 0.0570618 0.355002
0 0.364262 0.370465 0.0155249 0.0741451 0.348887
0 0.194599 0.303373 0.0206498 0.0500403 0.340531
