0 0.527913 0.725116 0.0167198 0.0965096 0.719307
0 0.829647 0.427045 0.0174541 0.062107 0.661637
0 0.175035 0.755555 0.0275742 0.0950701 0.632676
0 0.496472 0.726513 0.0155706 0.0822188 0.560737
0 0.594342 0.426323 0.0123202 0.0575259 0.550064
0 0.270461 0.466831 0.0152428 0.0625949 0.501311
0 0.51731 0.393418 0.0156567 0.0652607 0.424825
0 0.404697 0.49173 0.0125935 0.051663 0.403901
0 0.473921 0.378634 0.01397 0.039788 0.382032
0 0.74346 0.490727 0.0290939 0.063962 0.377276
0 0.706126 0.341751 0.0116377 0.0403076 0.362528
0 0.245392 0.531712 0.0236 0.0954483 0.334535
0 0.38918 0.425511 0.011574 0.0446376 0.27929
