0 0.524268 0.720727 0.0196093 0.0858297 0.803239
0 0.171193 0.748901 0.023739 0.0913303 0.623865
0 0.494121 0.712823 0.0155815 0.0783234 0.583073
0 0.395605 0.45618 0.0179227 0.0971453 0.540145
0 0.48393 0.391597 0.0144382 0.0463832 0.455039
0 0.507266 0.404684 0.0108376 0.0478522 0.437021
0 0.839978 0.430414 0.0126951 0.0566055 0.414866
0 0.333882 0.396257 0.01527 0.0512327 0.394739
0 0.207904 0.519366 0.018593 0.0564997 0.393785
0 0.744057 0.495133 0.0258409 0.0710524 0.356383
0 0.526855 0.400314 0.0131815 0.0439012 0.353588
0 0.253738 0.541157 0.0130003 0.0539469 0.346318
0 0.704234 0.347831 0.0105079 0.0428953 0.343065
0 0.248965 0.458157 0.0190317 0.0530698 0.322218
0 0.789683 0.58562 0.0204499 0.0764088 0.291905
