0 0.219457 0.745173 0.017738 0.0869802 0.733916
0 0.278354 0.604728 0.0130774 0.0664488 0.661008
0 0.591875 0.438692 0.0111781 0.0546138 0.633106
0 0.467306 0.954799 0.0179867 0.0869169 0.617662
0 0.433054 0.539225 0.0138096 0.0944873 0.574403
0 0.808748 0.608533 0.0158077 0.0772 0.559348
0 0.823026 0.430988 0.0119902 0.0563573 0.556045
0 0.321052 0.967239 0.0245953 0.0638309 0.526163
0 0.331017 0.56697 0.0267983 0.0649577 0.505343
0 0.49833 0.756226 0.0139032 0.0725381 0.484318
0 0.332868 0.532736 0.0269854 0.127097 0.392032
0 0.530021 0.752241 0.0154033 0.0993456 0.356611
0 0.763716 0.490566 0.0130551 0.0543115 0.324768
0 0.355474 0.467234 0.0164866 0.0529321 0.305038
0 0.506022 0.328719 0.00964174 0.0294503 0.296516
