0 0.304541 0.785625 0.030686 0.125698 0.818722
0 0.526854 0.820354 0.0228939 0.123728 0.789222
0 0.887807 0.735692 0.023864 0.129121 0.785093
0 0.154967 0.733972 0.0205007 0.117134 0.763504
0 0.826784 0.454716 0.0166134 0.0911084 0.756055
0 0.386316 0.640137 0.023023 0.102777 0.736432
0 0.614663 0.533526 0.0239305 0.124571 0.654911
0 0.737733 0.701123 0.0223795 0.113841 0.622592
0 0.597206 0.373636 0.0154224 0.071363 0.545874
0 0.455517 0.494919 0.0165033 0.0817378 0.525181
0 0.467886 0.574144 0.0252522 0.0856137 0.505843
0 0.398841 0.438352 0.022795 0.0824391 0.448492
0 0.990424 0.496596 0.0185291 0.0941089 0.435535
0 0.545089 0.384231 0.0191394 0.060761 0.350891
0 0.507434 0.446717 0.0171197 0.0683895 0.267303
0 0.423498 0.413115 0.028208 0.0699805 0.250479
