0 0.540885 0.693288 0.0153437 0.0958774 0.753001
0 0.716409 0.455941 0.0174263 0.0792804 0.70667
0 0.0801737 0.522149 0.0201158 0.0757289 0.701582
0 0.507432 0.520053 0.0170774 0.0866192 0.640601
0 0.684517 0.462109 0.014414 0.0790153 0.6072
0 0.139053 0.433725 0.0217086 0.0690013 0.572001
0 0.317373 0.410329 0.0191789 0.0616662 0.568541
0 0.356911 0.519317 0.0220899 0.0696148 0.5661
0 0.428315 0.715765 0.0165972 0.0974986 0.563079
0 0.381172 0.412894 0.0147553 0.071861 0.545705
0 0.510427 0.323929 0.0129944 0.0599104 0.488998
0 0.333839 0.971766 0.0240972 0.0564351 0.48573
0 0.429038 0.969805 0.0232793 0.0603897 0.422209
0 0.189768 0.391424 0.0185529 0.0628671 0.385631
0 0.441804 0.288862 0.0152004 0.0449483 0.368131
0 0.743187 0.335533 0.0149552 0.0594347 0.33596
0 0.261275 0.446456 0.0194137 0.0615753 0.312747
