0 0.894576 0.499262 0.0176813 0.0837492 0.728341
0 0.317111 0.639234 0.0186213 0.0829174 0.699682
0 0.477827 0.46495 0.0114964 0.0672502 0.631886
0 0.789356 0.446757 0.016343 0.0669598 0.587725
0 0.663784 0.559242 0.015691 0.0724738 0.572869
0 0.20976 0.555876 0.018877 0.0655112 0.572545
0 0.623572 0.498845 0.0321805 0.087335 0.568524
0 0.721126 0.457821 0.0148269 0.0697857 0.560371
0 0.884437 0.39862 0.018606 0.0630113 0.554658
0 0.96433 0.688494 0.0256958 0.0908173 0.546971
0 0.744423 0.389407 0.0176964 0.0695064 0.537179
0 0.58679 0.430148 0.0130735 0.060565 0.518555
0 0.628867 0.589912 0.0162973 0.077703 0.452591
0 0.680559 0.403252 0.0128004 0.0692037 0.394738
0 0.497334 0.400543 0.0188395 0.0579158 0.339648
0 0.652132 0.419512 0.0188851 0.0558914 0.308576
0 0.177202 0.547377 0.0188213 0.0517952 0.267422
