32 0.271385 0.818735 0.0565358 0.0817157 0.91903
0 0.770912 0.481737 0.117132 0.347571 0.917148
0 0.441235 0.54482 0.237014 0.50016 0.89394
0 0.590395 0.486812 0.105403 0.270832 0.8207
0 0.271739 0.507827 0.232258 0.673199 0.748248
0 0.698537 0.876438 0.0495634 0.100945 0.683368
0 0.24291 0.87671 0.0491104 0.105777 0.646393
0 0.468175 0.877302 0.0427458 0.101817 0.625349
0 0.377071 0.433665 0.0335232 0.126145 0.418583
0 0.817479 0.469629 0.031356 0.17277 0.392383
32 0.817274 0.531329 0.0145153 0.0406609 0.38692
