0 0.604079 0.516543 0.0170671 0.0914539 0.756991
0 0.584322 0.790794 0.0228065 0.12399 0.737423
0 0.620955 0.409556 0.01875 0.0710682 0.721108
0 0.303518 0.318424 0.0162269 0.0607927 0.705366
0 0.0165247 0.639761 0.0195019 0.107191 0.681198
32 0.756091 0.487714 0.00831223 0.0129934 0.662499
0 0.183957 0.293973 0.0199261 0.0694803 0.658004
0 0.803554 0.549202 0.0193794 0.0938644 0.653255
0 0.357587 0.376476 0.0146224 0.0608715 0.640071
0 0.157349 0.441354 0.0147691 0.081896 0.62023
0 0.475114 0.392292 0.0228821 0.053899 0.537754
0 0.4548 0.348475 0.0140131 0.0505502 0.466605
0 0.508669 0.394374 0.0224798 0.0871558 0.443983
0 0.60358 0.389452 0.0173017 0.0760992 0.421113
0 0.616474 0.206547 0.0223097 0.0505669 0.369189
0 0.909401 0.401725 0.0148834 0.078214 0.315598
