0 0.823192 0.532343 0.0161114 0.0872389 0.772452
0 0.603406 0.462289 0.0185547 0.079276 0.752228
0 0.705307 0.470593 0.0162014 0.0760454 0.711323
0 0.855087 0.724756 0.0206429 0.100702 0.709369
0 0.180921 0.683438 0.0193641 0.0916058 0.690048
0 0.784106 0.405194 0.0142538 0.0776661 0.656179
0 0.12209 0.519779 0.0165476 0.0746294 0.602993
0 0.448306 0.488694 0.0205041 0.0871323 0.571304
0 0.57141 0.544136 0.0169092 0.0708767 0.513368
0 0.441951 0.592007 0.0236701 0.0806459 0.431468
0 0.570042 0.385273 0.0146639 0.0540798 0.40901
0 0.544572 0.39476 0.0161834 0.0467364 0.401198
0 0.363065 0.453819 0.0140662 0.0617367 0.377716
0 0.490339 0.420564 0.0131766 0.066352 0.33065
0 0.458591 0.424832 0.0138844 0.0528283 0.261373
