0 0.429608 0.569987 0.0198915 0.0796575 0.709372
0 0.642501 0.462218 0.013735 0.0750194 0.67034
0 0.496149 0.670624 0.0212792 0.072977 0.647975
0 0.619596 0.477639 0.0125793 0.0670073 0.642113
0 0.284043 0.617379 0.0190027 0.0805222 0.588504
0 0.235293 0.465967 0.0136841 0.0576257 0.576656
0 0.693527 0.355307 0.0149023 0.061741 0.565166
0 0.171187 0.361237 0.0135403 0.0639898 0.543605
0 0.293977 0.964589 0.0274153 0.0708225 0.518213
0 0.60791 0.681215 0.0158848 0.0898085 0.516528
0 0.368289 0.961181 0.0221463 0.077638 0.456559
0 0.186248 0.329639 0.0140277 0.0529928 0.443373
0 0.650944 0.305755 0.0134149 0.0544979 0.385178
0 0.312939 0.395569 0.0148583 0.0531538 0.346538
0 0.367025 0.281463 0.0112421 0.0505742 0.325994
0 0.277157 0.482954 0.0163516 0.0498761 0.309406
0 0.390912 0.38765 0.0116451 0.0599564 0.300475
