0 0.38993 0.619557 0.0218328 0.0869019 0.73537
0 0.669829 0.648162 0.0179177 0.0974787 0.694424
0 0.36707 0.56815 0.0190165 0.0900789 0.630621
0 0.487102 0.432764 0.0202793 0.07664 0.625405
0 0.176647 0.534214 0.0154709 0.0817568 0.612318
0 0.595896 0.445659 0.0140317 0.068365 0.577524
0 0.527912 0.504113 0.0164793 0.0672534 0.537108
0 0.902695 0.568694 0.0234463 0.0800696 0.523512
0 0.664307 0.533073 0.0165812 0.0718058 0.518676
0 0.696756 0.477974 0.026671 0.0594498 0.454523
0 0.55793 0.501168 0.0215368 0.0567223 0.443224
0 0.386505 0.257917 0.0248066 0.0582887 0.372584
