0 0.802119 0.548457 0.0245619 0.0959191 0.814866
0 0.587204 0.788347 0.0241001 0.126293 0.808778
0 0.604123 0.516818 0.0176279 0.0917416 0.779383
0 0.156425 0.440967 0.0216042 0.0850849 0.74852
0 0.622439 0.409557 0.0205004 0.067121 0.700463
0 0.194002 0.29019 0.0176172 0.066097 0.624276
0 0.00854519 0.639214 0.016927 0.110443 0.623404
0 0.908152 0.404266 0.0163589 0.0818531 0.613782
0 0.604284 0.387436 0.0178633 0.0796279 0.602619
0 0.311087 0.310386 0.0148674 0.0654305 0.599207
0 0.354506 0.368904 0.0171835 0.0684492 0.586316
0 0.48214 0.395741 0.019113 0.058125 0.49898
0 0.455388 0.339617 0.0147671 0.053329 0.491549
32 0.759429 0.486775 0.00909061 0.0149015 0.447042
0 0.509581 0.38501 0.0231557 0.0960406 0.408074
0 0.619812 0.205789 0.0203325 0.0483621 0.309532
