0 0.65076 0.674457 0.0229999 0.10454 0.815101
0 0.360015 0.475941 0.018334 0.0847471 0.762841
32 0.480616 0.621515 0.00954943 0.0122386 0.690857
0 0.588418 0.589718 0.0187166 0.0972285 0.647991
0 0.214617 0.590391 0.0186579 0.093665 0.639406
0 0.521438 0.514738 0.0227355 0.0914873 0.619461
0 0.340928 0.633411 0.0166152 0.107081 0.594481
0 0.809584 0.532859 0.0276684 0.123192 0.53825
0 0.690834 0.573905 0.0297165 0.059249 0.490953
0 0.560527 0.517508 0.0183123 0.0904222 0.478396
0 0.308028 0.270249 0.0289221 0.0925672 0.435918
0 0.428672 0.649053 0.0174793 0.0959073 0.362506
0 0.550385 0.601327 0.036635 0.0543627 0.334108
0 0.229536 0.297517 0.030675 0.0426613 0.264512
