0 0.802156 0.537817 0.0173511 0.0875427 0.833667
0 0.148424 0.70623 0.0349275 0.0952576 0.776647
0 0.550102 0.546033 0.0181274 0.0781965 0.740269
0 0.82795 0.73644 0.0259079 0.106159 0.68053
0 0.576974 0.465094 0.0163769 0.0777525 0.678536
0 0.683567 0.480098 0.0190018 0.0822493 0.666792
0 0.762385 0.405358 0.0144159 0.0736006 0.632496
0 0.98622 0.79786 0.0263035 0.110464 0.624917
0 0.411305 0.595647 0.0228918 0.0891372 0.579581
0 0.412034 0.483928 0.0236246 0.074449 0.540561
0 0.334508 0.457518 0.0170109 0.0641819 0.531883
0 0.447449 0.430663 0.0180395 0.072847 0.462253
0 0.370678 0.390592 0.0182383 0.0899946 0.380076
0 0.511232 0.397163 0.0161623 0.0562459 0.326481
0 0.0930239 0.522222 0.0178355 0.0673437 0.272494
