0 0.0949341 0.726248 0.0313788 0.113654 0.838649
0 0.876748 0.742703 0.0213413 0.123998 0.823375
0 0.544905 0.605977 0.0260045 0.0815197 0.760171
0 0.637078 0.545553 0.0304697 0.0927467 0.728369
0 0.447742 0.785747 0.0296724 0.111557 0.712362
0 0.284363 0.778568 0.0210479 0.114103 0.696834
0 0.822557 0.484518 0.014349 0.076631 0.680267
0 0.478412 0.496802 0.0225416 0.0873606 0.646318
0 0.705338 0.699206 0.0215488 0.102251 0.64565
0 0.431544 0.530321 0.0168007 0.0891949 0.63308
0 0.307306 0.644605 0.0232389 0.0984239 0.613765
0 0.963643 0.50331 0.0160252 0.0931881 0.593867
0 0.555194 0.504751 0.0214292 0.073368 0.572145
0 0.431277 0.425443 0.024345 0.0840534 0.500197
0 0.659025 0.407874 0.0297626 0.0532736 0.444374
0 0.632166 0.389312 0.0156958 0.0671487 0.431124
