0 0.279561 0.619463 0.0217515 0.0958021 0.789928
0 0.462542 0.51282 0.016197 0.0907306 0.715399
0 0.370371 0.432708 0.0212845 0.0873753 0.699355
0 0.131112 0.513008 0.0185024 0.0917733 0.668866
0 0.504608 0.296246 0.0144835 0.0602481 0.635517
0 0.713651 0.47752 0.0184076 0.0765989 0.599559
0 0.401277 0.419806 0.0163175 0.0655293 0.580477
0 0.17282 0.378035 0.0164769 0.0746914 0.573941
0 0.420646 0.366246 0.0198568 0.0786021 0.490545
0 0.689612 0.592329 0.0296818 0.0911914 0.465102
0 0.57579 0.421719 0.0186817 0.135067 0.451339
0 0.734067 0.441998 0.0153534 0.117596 0.422467
0 0.635681 0.367462 0.0150845 0.0692474 0.407278
0 0.732912 0.464616 0.00927925 0.0792892 0.331575
0 0.665053 0.346942 0.0122114 0.065037 0.321011
0 0.48002 0.272081 0.0266032 0.039453 0.280324
0 0.571539 0.375685 0.0119847 0.0561045 0.258011
