0 0.645238 0.881684 0.0768887 0.236291 0.895179
0 0.531213 0.801514 0.0482591 0.252821 0.825296
0 0.838018 0.87367 0.0517157 0.245504 0.824977
0 0.304337 0.795807 0.0588619 0.243819 0.8027
0 0.426357 0.767551 0.0434422 0.224014 0.800843
0 0.757112 0.840056 0.0758321 0.255462 0.792014
0 0.6116 0.554263 0.0269383 0.115679 0.780259
0 0.455149 0.806304 0.0499774 0.191477 0.748678
32 0.890118 0.986229 0.0169746 0.0275425 0.743736
0 0.0136461 0.729915 0.0270396 0.20792 0.719459
0 0.241865 0.834039 0.0913412 0.259977 0.71313
35 0.728587 0.915701 0.0172812 0.0329878 0.581495
0 0.97695 0.565637 0.0452259 0.13268 0.428141
