0 0.881269 0.739955 0.0234344 0.126407 0.786244
0 0.122141 0.73206 0.0331363 0.112905 0.780602
0 0.293879 0.783311 0.0251881 0.123381 0.77108
0 0.350859 0.648221 0.0373932 0.0943044 0.763577
0 0.720664 0.7031 0.0208851 0.108088 0.739649
0 0.631535 0.539784 0.0253553 0.112349 0.731598
0 0.825676 0.467323 0.0163536 0.0916982 0.7253
0 0.482238 0.468035 0.0179086 0.0877155 0.682312
0 0.601493 0.388301 0.0200306 0.080327 0.666453
0 0.485121 0.805454 0.0329771 0.113877 0.649342
0 0.448608 0.509353 0.0199066 0.0869338 0.647227
0 0.513298 0.583579 0.0255379 0.0803926 0.633612
0 0.535788 0.472039 0.0172934 0.0700962 0.551311
0 0.419295 0.437627 0.0348194 0.0940491 0.532019
0 0.979174 0.50389 0.0149672 0.0975603 0.487966
