0 0.63822 0.950966 0.0318012 0.0980682 0.819084
0 0.0300975 0.385233 0.0196115 0.0869286 0.786996
0 0.525587 0.408591 0.0271221 0.0708653 0.766648
0 0.403988 0.514173 0.022171 0.0860157 0.76541
0 0.173609 0.380315 0.0190312 0.0813124 0.709256
0 0.755468 0.527731 0.0212574 0.0720182 0.687442
0 0.339321 0.31354 0.0147546 0.0682957 0.674019
0 0.724252 0.456087 0.0222771 0.117401 0.657847
0 0.364191 0.336781 0.0146707 0.07432 0.632018
0 0.751573 0.346842 0.0181332 0.0776156 0.598153
0 0.466866 0.330361 0.0165711 0.0590076 0.589243
0 0.719823 0.336214 0.0139196 0.0719416 0.554837
0 0.673371 0.23858 0.0142368 0.0527596 0.55257
0 0.367295 0.230053 0.011735 0.0580314 0.549408
0 0.567783 0.272572 0.0140695 0.0600302 0.408544
0 0.61877 0.313462 0.0156097 0.069841 0.310522
0 0.417777 0.218815 0.015099 0.0649284 0.309694
