0 0.182626 0.536447 0.0338302 0.0792912 0.721056
0 0.437762 0.442491 0.0290569 0.0591931 0.710116
0 0.529155 0.529233 0.0349834 0.155075 0.678443
0 0.0996952 0.510886 0.01729 0.0873663 0.655975
0 0.460175 0.594496 0.0202631 0.0850842 0.644275
0 0.286271 0.440885 0.0234232 0.0773306 0.577263
0 0.135607 0.402787 0.0169226 0.0747903 0.552163
0 0.355639 0.40033 0.0219742 0.0673882 0.451296
0 0.931996 0.501902 0.0325611 0.0683163 0.421305
0 0.589531 0.436986 0.0205444 0.0585953 0.377521
0 0.309075 0.449337 0.0267904 0.113452 0.36036
