0 0.18176 0.535623 0.0246478 0.0819273 0.706161
0 0.439618 0.436082 0.0198928 0.0712333 0.698158
0 0.533129 0.568482 0.0188787 0.0898065 0.672003
0 0.117532 0.499285 0.0256504 0.0866865 0.664714
0 0.605927 0.430361 0.0239313 0.0641707 0.644304
0 0.47104 0.589919 0.0168848 0.0827528 0.612644
0 0.143853 0.394958 0.0232269 0.0759087 0.596287
0 0.318315 0.468861 0.0184291 0.0707496 0.561387
0 0.3433 0.387496 0.0158507 0.0597871 0.561219
0 0.528345 0.486839 0.0284509 0.0797577 0.551178
0 0.291409 0.444504 0.0224008 0.0790951 0.320695
0 0.333581 0.253877 0.0250139 0.0494585 0.299713
0 0.700416 0.409886 0.0204451 0.0542348 0.275122
0 0.942209 0.500723 0.0314167 0.054843 0.265258
0 0.521291 0.491674 0.0126881 0.0650594 0.263517
