0 0.192342 0.756864 0.028501 0.148725 0.86573
0 0.375543 0.888413 0.0377857 0.166474 0.86499
0 0.4995 0.689466 0.022461 0.132503 0.826305
0 0.941452 0.839568 0.0414333 0.163539 0.793253
0 0.539241 0.416061 0.0194876 0.113591 0.740536
0 0.932804 0.457863 0.0218363 0.118808 0.726136
0 0.12436 0.574294 0.0253396 0.124649 0.682925
0 0.271141 0.50795 0.023685 0.111401 0.679657
0 0.567357 0.505472 0.0190271 0.126615 0.66181
0 0.456172 0.536973 0.0231384 0.128903 0.641993
0 0.600186 0.357755 0.0244698 0.107849 0.571481
0 0.45471 0.399118 0.0204503 0.10879 0.454842
