0 0.340993 0.813811 0.0294609 0.14681 0.837686
0 0.92631 0.74344 0.025399 0.145105 0.815216
0 0.840687 0.421598 0.0180027 0.0985269 0.808043
0 0.526076 0.520545 0.0223415 0.104273 0.796941
0 0.21388 0.722203 0.0267603 0.13527 0.789236
0 0.800751 0.72204 0.0322866 0.129869 0.784819
0 0.272998 0.536267 0.0293579 0.103108 0.734902
0 0.644645 0.898254 0.0409163 0.144644 0.73274
0 0.568881 0.477712 0.0179522 0.106515 0.685483
0 0.439662 0.622412 0.0252007 0.115244 0.685089
0 0.604776 0.351565 0.0228062 0.0704913 0.669832
0 0.5008 0.374413 0.0170574 0.0824066 0.652519
0 0.453049 0.459592 0.0239475 0.135479 0.569116
0 0.320009 0.419528 0.0290456 0.0792898 0.469017
