0 0.16778 0.429565 0.0152224 0.0817088 0.759973
0 0.0946278 0.615552 0.0336206 0.0979201 0.757912
0 0.563406 0.51157 0.0180071 0.0710237 0.728863
0 0.59318 0.7642 0.0217866 0.109543 0.726513
0 0.492487 0.376092 0.0167141 0.0414868 0.719925
0 0.74118 0.498073 0.0155355 0.0959917 0.674598
0 0.606342 0.407242 0.0152746 0.104051 0.627748
0 0.421548 0.412509 0.0176242 0.0746046 0.595083
0 0.403787 0.381754 0.0171421 0.0589417 0.527023
0 0.204884 0.298661 0.0160181 0.0566026 0.519889
0 0.287789 0.343712 0.0245392 0.0620049 0.479595
0 0.364824 0.368548 0.0169422 0.0714495 0.444775
0 0.438644 0.344088 0.0139091 0.0600846 0.420884
0 0.901599 0.400485 0.0155029 0.0717662 0.250998
