0 0.140901 0.416742 0.0168821 0.0928105 0.7978
0 0.261039 0.487008 0.0203484 0.159376 0.759768
0 0.0674715 0.521674 0.0237238 0.093373 0.744973
0 0.468637 0.61507 0.0246923 0.0975021 0.721026
0 0.625541 0.522866 0.0256914 0.0900348 0.715834
0 0.455634 0.485968 0.0186391 0.0838859 0.650667
0 0.49466 0.518369 0.0312206 0.0971616 0.581272
0 0.373746 0.447359 0.0205213 0.0582008 0.546161
0 0.419751 0.46361 0.0241148 0.0665476 0.369535
0 0.0170289 0.478683 0.0218557 0.0846402 0.367009
0 0.413312 0.40431 0.0250409 0.0735747 0.308611
0 0.573578 0.459285 0.0170804 0.0605516 0.266724
