0 0.668978 0.654586 0.0173924 0.0981173 0.706072
0 0.50014 0.438756 0.0177277 0.0730049 0.638024
0 0.593247 0.452818 0.0169821 0.0586238 0.620187
0 0.68706 0.540557 0.0249977 0.0689871 0.617836
0 0.888416 0.582891 0.0229439 0.0746752 0.609351
0 0.379807 0.622914 0.0250626 0.0763217 0.607941
0 0.167213 0.531547 0.0266598 0.0889268 0.592534
0 0.513883 0.507784 0.0227251 0.0670922 0.586401
0 0.558689 0.502284 0.0184965 0.0462702 0.553196
0 0.36635 0.566519 0.0172848 0.0844967 0.516989
0 0.395929 0.260709 0.0217898 0.053025 0.488239
0 0.695982 0.477007 0.0252666 0.0623569 0.392915
0 0.447743 0.271486 0.0167183 0.0488706 0.286183
