0 0.922553 0.932469 0.0777332 0.135062 0.863902
0 0.65331 0.583648 0.0310669 0.124982 0.855787
0 0.698184 0.753096 0.0581923 0.195837 0.826128
0 0.443466 0.890859 0.0493422 0.216576 0.821814
0 0.427752 0.712735 0.0365391 0.173837 0.81577
0 0.522083 0.723764 0.0416578 0.198892 0.783671
0 0.164617 0.951105 0.0757613 0.0977905 0.779506
0 0.165895 0.681955 0.03368 0.162977 0.777798
0 0.259626 0.952512 0.0521386 0.0949754 0.772276
0 0.877411 0.552552 0.0217983 0.10361 0.760835
0 0.896432 0.546666 0.0249533 0.101 0.729249
0 0.849752 0.527241 0.0255045 0.098605 0.68519
0 0.971269 0.711118 0.0564501 0.158104 0.468645
