0 0.262788 0.791912 0.0558679 0.23354 0.859343
0 0.745898 0.781491 0.0676599 0.204617 0.849409
0 0.780992 0.916605 0.0898012 0.166789 0.840744
0 0.544454 0.762876 0.0465487 0.227506 0.837927
0 0.970052 0.809298 0.0594292 0.241285 0.834571
0 0.447163 0.738752 0.0396728 0.206384 0.828617
0 0.111217 0.697282 0.0496276 0.184204 0.805521
0 0.33265 0.81649 0.0658908 0.255667 0.804398
0 0.363627 0.907214 0.0732829 0.185571 0.714731
0 0.619121 0.558798 0.0232897 0.113396 0.68113
0 0.962418 0.573137 0.0292879 0.123677 0.618424
0 0.928633 0.548735 0.0382515 0.111451 0.344414
