0 0.328838 0.532331 0.0173452 0.0972922 0.779357
0 0.324442 0.699587 0.0231309 0.131092 0.767091
0 0.712788 0.627505 0.0459532 0.106905 0.733398
0 0.601773 0.673424 0.0207021 0.11066 0.729671
0 0.401687 0.717316 0.0384134 0.10815 0.684184
0 0.234067 0.665372 0.0272716 0.107597 0.66175
0 0.644262 0.74494 0.0195111 0.106326 0.656804
0 0.553087 0.673577 0.0334421 0.0600876 0.511743
0 0.545455 0.580863 0.0212599 0.0890377 0.504291
0 0.492615 0.568439 0.0267508 0.0891306 0.496498
32 0.480493 0.692777 0.0114786 0.0148268 0.356932
0 0.973564 0.550522 0.0239468 0.103571 0.348634
