0 0.084793 0.511103 0.0235356 0.0753347 0.707283
0 0.544519 0.692193 0.0179022 0.0997671 0.703098
0 0.141866 0.423824 0.01972 0.0710037 0.597083
0 0.69175 0.458836 0.0171774 0.0774468 0.587563
0 0.430676 0.713371 0.02061 0.101407 0.582562
0 0.725621 0.451922 0.0167406 0.077604 0.568416
0 0.320059 0.401975 0.0158004 0.0647412 0.541246
0 0.517894 0.322126 0.0176245 0.0621698 0.538336
0 0.340236 0.970136 0.0241917 0.0593294 0.478099
0 0.512148 0.517415 0.0161917 0.0811193 0.476177
0 0.362285 0.513259 0.0252714 0.0719157 0.466172
0 0.390108 0.407524 0.0154214 0.0723007 0.409027
0 0.434455 0.968712 0.0232166 0.0625763 0.377066
0 0.444491 0.285548 0.0174032 0.0446824 0.364938
0 0.512489 0.481156 0.0208816 0.154458 0.358874
0 0.193243 0.386068 0.017094 0.0598991 0.343177
0 0.751015 0.329291 0.0148265 0.0665787 0.292454
