0 0.805195 0.532059 0.0252119 0.0778773 0.8483
0 0.335507 0.7408 0.0310721 0.0952769 0.829325
0 0.652454 0.581722 0.0225986 0.0986143 0.816236
0 0.606566 0.620631 0.0234317 0.0993342 0.797355
0 0.280345 0.765931 0.022858 0.114511 0.787939
0 0.542252 0.653843 0.0223913 0.104928 0.787685
0 0.424757 0.573876 0.0266272 0.0751209 0.732034
0 0.779373 0.733603 0.0283021 0.109668 0.642783
0 0.230232 0.583765 0.0302234 0.0844815 0.638909
0 0.678482 0.42244 0.0168768 0.0555164 0.625577
0 0.744279 0.381299 0.0225191 0.083665 0.614732
0 0.591705 0.460849 0.0174495 0.073768 0.572614
0 0.537123 0.364472 0.0164204 0.0745711 0.549934
0 0.0193216 0.631579 0.0217594 0.0831482 0.50378
0 0.0815598 0.609675 0.023931 0.0913578 0.379938
