0 0.274865 0.483482 0.313634 0.758897 0.868789
0 0.167002 0.72317 0.217968 0.530031 0.730949
0 0.827936 0.48894 0.104428 0.3108 0.703844
0 0.449999 0.911567 0.0937414 0.171555 0.618502
0 0.960124 0.494695 0.0348778 0.115873 0.581195
0 0.508501 0.495219 0.0370464 0.200877 0.436971
0 0.882868 0.510255 0.0587807 0.173355 0.429287
0 0.122472 0.490526 0.0501073 0.230301 0.382012
0 0.470947 0.877247 0.0525759 0.100267 0.3716
0 0.709169 0.482573 0.0148461 0.0622728 0.362369
0 0.486685 0.496491 0.0776018 0.195033 0.344112
0 0.420952 0.48831 0.0220095 0.0866909 0.336728
32 0.472818 0.468764 0.0469835 0.0845541 0.325144
