0 0.624193 0.61329 0.241293 0.758801 0.90044
0 0.053028 0.541582 0.106056 0.513742 0.877361
0 0.820531 0.619804 0.11282 0.53081 0.87455
0 0.289254 0.520996 0.0938316 0.540879 0.870557
0 0.399463 0.527523 0.0832892 0.470839 0.81631
0 0.216877 0.473596 0.0715647 0.301819 0.741567
0 0.979175 0.66475 0.0411575 0.561577 0.712036
32 0.282035 0.420838 0.0237543 0.0441788 0.610699
0 0.367999 0.535593 0.046895 0.43694 0.328497
0 0.879861 0.502431 0.053891 0.194352 0.313666
0 0.516087 0.450753 0.0402943 0.280822 0.289847
