0 0.614667 0.683855 0.0203514 0.0950195 0.744682
0 0.310249 0.538137 0.0226092 0.0757501 0.704877
0 0.496692 0.442794 0.0316988 0.0775196 0.701235
0 0.680296 0.58092 0.0175018 0.0782158 0.6948
0 0.109887 0.498053 0.0325956 0.0733453 0.668298
0 0.736962 0.593497 0.0233419 0.0658873 0.668042
0 0.562401 0.48476 0.0194063 0.0603261 0.635231
0 0.461624 0.514313 0.0153147 0.070366 0.564016
0 0.277063 0.596691 0.0153588 0.0814041 0.509655
0 0.459842 0.239993 0.0183211 0.0458516 0.507409
0 0.406627 0.244644 0.0194185 0.0345122 0.407766
0 0.043977 0.276911 0.0287626 0.032459 0.355494
0 0.504424 0.247163 0.0156925 0.047188 0.332196
