0 0.777308 0.409089 0.0192198 0.0830848 0.816209
0 0.358533 0.565597 0.0253135 0.091604 0.726025
0 0.701416 0.290358 0.0140987 0.0680082 0.683861
0 0.192476 0.452405 0.0144948 0.0870576 0.650776
0 0.743287 0.563325 0.0192892 0.0804354 0.621821
0 0.358863 0.371443 0.0173761 0.0811835 0.610806
0 0.721752 0.545591 0.0181664 0.0868482 0.596129
0 0.466221 0.367473 0.0149649 0.0669176 0.595487
0 0.134589 0.211152 0.0148252 0.0527572 0.593063
0 0.742562 0.460302 0.0166254 0.0668113 0.589656
0 0.595681 0.325438 0.0127674 0.0703939 0.555307
0 0.659629 0.303822 0.0163066 0.0658875 0.545373
0 0.398869 0.290057 0.0131896 0.0647452 0.526477
0 0.642351 0.375867 0.0160272 0.0707893 0.501624
0 0.397334 0.386183 0.0144389 0.0715093 0.483597
0 0.230665 0.356146 0.0226049 0.0441889 0.41954
0 0.520639 0.465743 0.0138881 0.0772361 0.417533
0 0.75367 0.381039 0.0173118 0.0624061 0.364135
0 0.446617 0.273812 0.0157265 0.0667617 0.304138
