0 0.665066 0.653663 0.020473 0.0913156 0.758951
0 0.866856 0.582354 0.0196892 0.0805513 0.734032
0 0.497272 0.510617 0.0301199 0.0637265 0.70204
0 0.597153 0.444326 0.0172137 0.0581723 0.670448
0 0.517806 0.435465 0.0162078 0.071442 0.647803
0 0.158071 0.529784 0.0280474 0.07829 0.618115
0 0.569231 0.489975 0.0192797 0.0493671 0.599352
0 0.704968 0.546837 0.0223042 0.0703537 0.554344
0 0.366102 0.596632 0.0200542 0.14197 0.510978
0 0.700905 0.470481 0.0200945 0.0700707 0.304785
0 0.40462 0.25367 0.0219065 0.0554562 0.302904
0 0.45541 0.266097 0.0172384 0.051653 0.284365
