0 0.675265 0.603726 0.150052 0.7197 0.883246
0 0.341867 0.564527 0.202963 0.853887 0.879596
0 0.769333 0.717151 0.137023 0.558824 0.840867
0 0.1095 0.515876 0.131956 0.565863 0.830167
0 0.432267 0.691192 0.183073 0.607927 0.825912
0 0.94326 0.703359 0.080957 0.345119 0.792197
0 0.8559 0.617035 0.0882303 0.443063 0.755268
0 0.468376 0.349607 0.0633438 0.132567 0.419984
0 0.168951 0.412581 0.057674 0.254826 0.397239
32 0.830424 0.82053 0.0227215 0.0326591 0.394512
0 0.191578 0.565624 0.0974542 0.192727 0.387244
