0 0.0930802 0.649474 0.0190465 0.0871682 0.783695
0 0.677531 0.359894 0.0191445 0.0627643 0.75096
0 0.617282 0.697139 0.0185688 0.0952301 0.72756
0 0.4572 0.573624 0.0196413 0.0895515 0.689205
0 0.449927 0.705126 0.016399 0.0901994 0.666153
0 0.639169 0.486642 0.0145993 0.0820978 0.663517
0 0.375928 0.429632 0.0149365 0.0685031 0.644588
0 0.343369 0.30575 0.0133635 0.0575228 0.636274
0 0.618026 0.49113 0.0141621 0.074103 0.63582
0 0.281163 0.444336 0.0148704 0.0689606 0.624373
0 0.132926 0.380299 0.0140605 0.0644677 0.621073
0 0.652853 0.314075 0.0145257 0.063739 0.62005
0 0.0153701 0.637324 0.0158274 0.0852702 0.560643
0 0.235136 0.578743 0.0190668 0.0660843 0.507782
0 0.177042 0.367496 0.0143207 0.0648849 0.499146
0 0.410139 0.316479 0.0135933 0.0574005 0.483955
0 0.263747 0.542901 0.0266511 0.0786394 0.405033
