0 0.205632 0.714251 0.0264638 0.140757 0.851656
0 0.951211 0.750098 0.0291004 0.158433 0.851074
0 0.348867 0.819961 0.0269271 0.153899 0.83615
0 0.853191 0.41423 0.0218662 0.11113 0.830123
0 0.702532 0.929616 0.0279015 0.140768 0.801317
0 0.192933 0.53235 0.031561 0.107453 0.798046
0 0.841055 0.74604 0.0321404 0.144287 0.773154
0 0.446308 0.62427 0.0303516 0.119044 0.74991
0 0.489838 0.492095 0.0211592 0.109855 0.740839
0 0.499327 0.370563 0.0177076 0.0898281 0.69549
0 0.436271 0.483795 0.0197557 0.0884119 0.653617
0 0.554509 0.463157 0.0203146 0.114115 0.607348
0 0.581075 0.335694 0.0206557 0.0735414 0.454382
0 0.443447 0.418548 0.0215706 0.10065 0.422629
32 0.692368 0.451487 0.00846701 0.0168923 0.289943
