0 0.280231 0.590722 0.0133049 0.0691125 0.749212
0 0.202733 0.747332 0.018815 0.0891978 0.738041
0 0.536119 0.729995 0.0171675 0.0827542 0.602689
0 0.819801 0.419988 0.0117088 0.0563877 0.598871
0 0.799943 0.590145 0.0165359 0.0716554 0.588049
0 0.33518 0.548289 0.0138644 0.0618863 0.554188
0 0.315105 0.975938 0.0268629 0.048123 0.553028
0 0.431945 0.536854 0.0110073 0.0576541 0.541557
0 0.455642 0.960588 0.0181206 0.0788241 0.54072
0 0.756367 0.481054 0.0151127 0.0566873 0.484892
0 0.487676 0.74672 0.0155249 0.0742303 0.405548
0 0.574429 0.427816 0.0154621 0.057438 0.352873
0 0.558781 0.422988 0.0110796 0.0398599 0.334987
0 0.353183 0.469568 0.0163992 0.098025 0.319407
0 0.444834 0.390834 0.0129242 0.0449353 0.312302
0 0.396649 0.436294 0.0119079 0.0479793 0.310454
0 0.718903 0.338718 0.00899067 0.0425389 0.284851
0 0.475314 0.36253 0.0140482 0.0383825 0.281719
0 0.758158 0.47008 0.0219466 0.0925561 0.256074
