0 0.0763888 0.543384 0.152712 0.893036 0.905097
0 0.64361 0.701723 0.158532 0.588927 0.829711
0 0.76234 0.63165 0.1175 0.505281 0.819842
0 0.552188 0.595855 0.214906 0.791902 0.779658
0 0.434525 0.500557 0.106282 0.274232 0.762972
0 0.842105 0.753831 0.0968827 0.390377 0.756966
0 0.959401 0.759181 0.0758701 0.277847 0.541212
0 0.392983 0.41551 0.0845805 0.245015 0.50777
0 0.897424 0.655577 0.077076 0.368846 0.47504
0 0.314133 0.390418 0.0382426 0.162147 0.419775
0 0.340927 0.387217 0.0461801 0.212866 0.409871
0 0.288949 0.385605 0.0297548 0.148532 0.320604
