0 0.799552 0.550561 0.0225576 0.0992451 0.813558
0 0.605965 0.783586 0.0242674 0.123334 0.800969
0 0.160031 0.438376 0.0244607 0.0806225 0.723809
0 0.506803 0.405427 0.0214345 0.0686139 0.710081
0 0.592447 0.522733 0.0213852 0.0857074 0.66926
0 0.530424 0.354637 0.0215321 0.0677674 0.654243
0 0.246672 0.279372 0.0186968 0.0656847 0.638862
0 0.916089 0.396126 0.0235355 0.0916267 0.608932
0 0.356045 0.368736 0.0198994 0.0663299 0.595539
0 0.634827 0.409314 0.0163412 0.0729306 0.557891
0 0.457686 0.338707 0.0197952 0.0755003 0.553587
0 0.61789 0.379216 0.0144981 0.0787986 0.506383
0 0.358251 0.294162 0.0136271 0.0597681 0.414202
0 0.164038 0.23849 0.031433 0.0346274 0.291344
0 0.00510961 0.637864 0.0101532 0.105448 0.29111
