0 0.881072 0.738349 0.0236238 0.119695 0.789659
0 0.0473954 0.698241 0.0323597 0.108048 0.740604
0 0.266598 0.764552 0.0304274 0.114668 0.73209
0 0.390862 0.552384 0.0204253 0.0838738 0.725196
0 0.390798 0.751554 0.0306669 0.109465 0.712595
0 0.677564 0.399048 0.0260853 0.0703128 0.70926
0 0.548 0.621962 0.0254709 0.0952205 0.705201
0 0.683641 0.689383 0.0205668 0.100434 0.703023
0 0.943157 0.485827 0.0156019 0.0942632 0.672683
0 0.232658 0.628394 0.0270246 0.088937 0.648837
0 0.482376 0.538015 0.0188709 0.0820031 0.634719
0 0.641046 0.530164 0.0209023 0.081473 0.626747
0 0.610026 0.520095 0.0165236 0.0761941 0.529988
0 0.713097 0.404399 0.0266973 0.0534491 0.488165
0 0.835057 0.470167 0.0353655 0.0996691 0.482901
0 0.574846 0.470385 0.023827 0.0682215 0.455329
0 0.537961 0.525279 0.0218502 0.0827316 0.416951
0 0.445502 0.382885 0.0158367 0.0612438 0.308966
