0 0.512066 0.698498 0.0369881 0.184111 0.858133
0 0.433596 0.825375 0.0607416 0.253528 0.846766
0 0.805572 0.675633 0.062077 0.116547 0.836359
0 0.312594 0.83525 0.0627517 0.221011 0.835682
0 0.367841 0.871494 0.0627753 0.253956 0.824394
0 0.374559 0.69016 0.0387112 0.166276 0.770366
0 0.447628 0.630956 0.0392606 0.16521 0.706887
0 0.20388 0.677918 0.0427753 0.161213 0.697813
0 0.563843 0.972195 0.0406455 0.0556091 0.614124
0 0.0228494 0.980788 0.0358896 0.0384236 0.33215
32 0.681099 0.771389 0.0152863 0.0177305 0.258814
