0 0.300968 0.570874 0.0193256 0.101106 0.832183
0 0.753701 0.668405 0.0314287 0.108973 0.790905
0 0.29138 0.748009 0.0238597 0.130818 0.723286
0 0.524635 0.614814 0.0254154 0.100622 0.721586
0 0.602091 0.727908 0.0205524 0.113612 0.714709
0 0.643858 0.802442 0.033672 0.12211 0.692543
0 0.238255 0.712467 0.0244723 0.108825 0.672672
0 0.373008 0.756846 0.0344746 0.113798 0.616203
0 0.549726 0.715044 0.0262477 0.0614434 0.595346
0 0.453256 0.604135 0.020537 0.0997921 0.58573
0 0.656065 0.653325 0.0292217 0.0876267 0.433446
32 0.481135 0.735788 0.0117621 0.0117588 0.318708
