0 0.652319 0.583262 0.0306292 0.123877 0.853498
0 0.359773 0.885928 0.0650407 0.228143 0.835904
0 0.43524 0.719301 0.0520628 0.19395 0.820488
0 0.69752 0.751145 0.0578014 0.194056 0.818591
0 0.511293 0.71896 0.051223 0.202798 0.817144
0 0.0894606 0.935027 0.0849997 0.129946 0.789695
0 0.265152 0.912324 0.0539784 0.175352 0.779799
0 0.841618 0.925821 0.0548908 0.148358 0.777126
0 0.173127 0.685676 0.0474834 0.163116 0.763552
0 0.865084 0.547295 0.0255201 0.108308 0.629891
0 0.848799 0.526394 0.0248623 0.0937753 0.371463
0 0.972294 0.723611 0.0549267 0.145388 0.25138
