0 0.563613 0.726216 0.0224473 0.0897122 0.847285
0 0.554781 0.505414 0.0163532 0.055789 0.670691
0 0.427881 0.555981 0.0150557 0.072116 0.667423
0 0.92004 0.569393 0.0158926 0.0707279 0.6446
0 0.917498 0.417 0.0130669 0.0595456 0.628509
0 0.443389 0.457771 0.0145889 0.0493795 0.589541
0 0.469668 0.420678 0.0127819 0.0497938 0.579735
0 0.953536 0.492468 0.0169966 0.0612435 0.560249
0 0.694499 0.427095 0.0171509 0.0602705 0.496765
0 0.688466 0.452603 0.0322198 0.109284 0.301758
0 0.704018 0.508166 0.0127973 0.0636848 0.272616
