0 0.967828 0.811543 0.062838 0.242696 0.859037
0 0.263418 0.791576 0.0570035 0.234731 0.856312
0 0.331333 0.810604 0.0649225 0.250095 0.844788
0 0.544642 0.765802 0.0467449 0.229309 0.826618
0 0.760955 0.907707 0.096773 0.184586 0.8265
0 0.447531 0.740471 0.0396811 0.207516 0.818896
0 0.751167 0.774311 0.066497 0.183499 0.813033
0 0.368865 0.897819 0.0764671 0.204363 0.80906
0 0.100806 0.697239 0.0448898 0.185134 0.803611
0 0.618714 0.559836 0.0240589 0.119371 0.771651
0 0.970294 0.575357 0.0296888 0.127551 0.679264
0 0.938024 0.55961 0.0501629 0.132637 0.43474
