0 0.775335 0.582067 0.0254775 0.0736194 0.771009
0 0.480282 0.501839 0.017773 0.0768538 0.758185
0 0.719058 0.561726 0.0230285 0.0744077 0.675708
0 0.30893 0.601192 0.0299578 0.0827219 0.662557
0 0.718689 0.448519 0.020158 0.0665167 0.638553
0 0.638959 0.669996 0.0195112 0.0930257 0.622103
0 0.12165 0.508644 0.0245367 0.0839062 0.621302
0 0.595937 0.489627 0.0284693 0.0589213 0.58231
0 0.336176 0.549534 0.0184061 0.078481 0.580781
0 0.43171 0.240253 0.0198681 0.0462648 0.484491
0 0.542464 0.433117 0.0237112 0.0575136 0.45942
0 0.372505 0.246203 0.0207011 0.035024 0.39663
0 0.565207 0.438409 0.0181875 0.0646063 0.384991
0 0.477974 0.251124 0.0166098 0.0436267 0.256939
