0 0.883569 0.934489 0.0578308 0.131022 0.904853
0 0.651168 0.584172 0.0305735 0.12524 0.86868
0 0.147693 0.940529 0.0864316 0.118942 0.850861
0 0.695798 0.752963 0.0572351 0.194795 0.833332
0 0.518391 0.723548 0.0392794 0.201483 0.824157
0 0.425432 0.720165 0.0377746 0.183036 0.815759
0 0.166721 0.687345 0.0431721 0.163493 0.807402
0 0.257101 0.935675 0.0464524 0.12865 0.76285
0 0.418885 0.88727 0.0670452 0.225459 0.746697
0 0.875979 0.551957 0.0313469 0.111206 0.649815
0 0.846388 0.532592 0.0246964 0.100659 0.530935
0 0.968705 0.719395 0.0618633 0.151811 0.470043
