0 0.358301 0.605138 0.0206082 0.121896 0.77942
0 0.896812 0.696694 0.0317787 0.131553 0.770655
0 0.895643 0.406491 0.0336588 0.110435 0.762724
0 0.393033 0.518363 0.0277847 0.10623 0.722001
0 0.710716 0.484888 0.0184024 0.107152 0.702158
0 0.946346 0.610699 0.0234779 0.118442 0.656526
0 0.611778 0.508104 0.0212658 0.107358 0.628909
0 0.394588 0.951495 0.0214109 0.0970106 0.62042
0 0.653767 0.571315 0.026127 0.11445 0.611241
0 0.514147 0.509923 0.0253613 0.116806 0.567316
0 0.807436 0.492892 0.0231876 0.1173 0.549667
0 0.944006 0.52241 0.0224197 0.0796178 0.517967
0 0.677327 0.419243 0.0245416 0.0895499 0.347373
0 0.336757 0.520636 0.0218126 0.132841 0.302796
