0 0.181037 0.407923 0.0189157 0.0884499 0.710046
0 0.764742 0.36941 0.0184566 0.0822115 0.69587
0 0.382906 0.528359 0.0205327 0.0815106 0.690987
0 0.346432 0.333675 0.0159074 0.0839482 0.677922
0 0.0085728 0.412303 0.0164658 0.0850662 0.653767
0 0.684753 0.255673 0.0132014 0.0637295 0.618625
0 0.375485 0.352729 0.0153897 0.066567 0.594273
0 0.517413 0.420013 0.0194661 0.0609199 0.593276
0 0.464994 0.34812 0.0154074 0.0711898 0.590203
0 0.578594 0.289963 0.0151127 0.0671966 0.588673
0 0.735695 0.351061 0.0150879 0.0749133 0.587349
0 0.379038 0.246346 0.01619 0.0737316 0.579934
0 0.745637 0.537342 0.0192829 0.0739009 0.529018
0 0.146781 0.174862 0.0151422 0.0497107 0.464438
0 0.426761 0.239333 0.0144559 0.0683707 0.413532
0 0.627014 0.336959 0.0174839 0.0671156 0.394834
0 0.22113 0.315322 0.0301623 0.0370459 0.364647
0 0.572514 0.188939 0.0130715 0.0546201 0.340902
0 0.637262 0.26493 0.0154083 0.0607146 0.335674
0 0.716282 0.505797 0.0217061 0.0716658 0.332463
