0 0.907129 0.563131 0.0275318 0.0895043 0.723747
0 0.669234 0.63926 0.0181578 0.102558 0.709863
0 0.476779 0.431379 0.0240665 0.0750437 0.686169
0 0.396342 0.611869 0.0214625 0.0878 0.661557
0 0.17971 0.52757 0.0284674 0.0893567 0.657564
0 0.368162 0.568395 0.0179401 0.0901444 0.649858
0 0.597836 0.444205 0.0143724 0.0682634 0.610091
0 0.651385 0.527453 0.022121 0.0709895 0.565928
0 0.535498 0.508032 0.0173589 0.0709115 0.451404
0 0.562674 0.499559 0.018273 0.0593082 0.352518
0 0.436228 0.266298 0.0180359 0.0521883 0.29016
0 0.382105 0.252951 0.0231691 0.0553355 0.266027
