0 0.593207 0.760411 0.0216202 0.107862 0.751336
0 0.0963265 0.610208 0.0372918 0.094455 0.739173
0 0.489046 0.37478 0.0169544 0.0421641 0.726566
0 0.166601 0.429522 0.0174865 0.0803569 0.712615
0 0.738251 0.496684 0.0172199 0.0955477 0.686982
0 0.559878 0.513297 0.0190281 0.0680633 0.641319
0 0.605425 0.405665 0.0160323 0.101309 0.632134
0 0.437658 0.354085 0.0145971 0.0793735 0.506848
0 0.205082 0.298131 0.0186724 0.0592809 0.490445
0 0.417691 0.416817 0.0162621 0.063731 0.470277
0 0.28838 0.342418 0.0168844 0.0586261 0.39603
0 0.400129 0.378373 0.0161555 0.0592169 0.391056
0 0.364043 0.366461 0.0161327 0.0679213 0.384658
0 0.899524 0.396242 0.0190475 0.0795575 0.263666
