0 0.106135 0.633672 0.0234093 0.0870288 0.762616
0 0.619508 0.490734 0.0137552 0.072524 0.74178
0 0.458109 0.575014 0.0236769 0.0845625 0.718868
0 0.444242 0.705855 0.0236876 0.0914666 0.67276
0 0.676266 0.360061 0.0166215 0.06323 0.661945
0 0.372759 0.434023 0.0164289 0.0620288 0.634327
0 0.0167149 0.633235 0.0171068 0.0920853 0.631912
0 0.616639 0.703892 0.0253788 0.089956 0.629953
0 0.65456 0.314378 0.0132929 0.0652893 0.623604
0 0.345715 0.307706 0.0133999 0.0592922 0.619515
0 0.132043 0.38264 0.0130638 0.0662911 0.605815
0 0.178724 0.370468 0.0147216 0.0630088 0.578995
0 0.638267 0.48734 0.0147963 0.0812586 0.561566
0 0.277546 0.444543 0.0186883 0.0584874 0.544106
0 0.40942 0.31919 0.0139069 0.0616886 0.534315
0 0.233501 0.567914 0.0159728 0.0539057 0.490842
0 0.263172 0.550653 0.033134 0.0753869 0.346086
