0 0.465033 0.346299 0.0153278 0.0662242 0.666632
0 0.739638 0.353989 0.0142746 0.0608597 0.662993
0 0.185014 0.415022 0.0228468 0.0865599 0.658938
0 0.37976 0.358054 0.0155712 0.0711519 0.64677
0 0.76781 0.374646 0.0173931 0.0763981 0.644309
0 0.378794 0.532491 0.0178609 0.0867986 0.629109
0 0.347721 0.33959 0.0159892 0.0793538 0.628428
0 0.630196 0.341445 0.0170145 0.0736553 0.607638
0 0.641505 0.267946 0.0142111 0.0555036 0.593483
0 0.581617 0.2933 0.0164301 0.0706176 0.578861
0 0.714277 0.510443 0.0276661 0.0746606 0.540243
0 0.00705555 0.415931 0.0139658 0.0874327 0.530993
0 0.221423 0.31978 0.0288974 0.0389173 0.52443
0 0.745356 0.538703 0.020202 0.0672312 0.515581
0 0.686723 0.26053 0.0143311 0.0647452 0.513658
0 0.383803 0.25925 0.0135898 0.0622126 0.504201
0 0.4301 0.242421 0.0129601 0.0696153 0.449916
0 0.731714 0.441461 0.0177282 0.064722 0.379489
0 0.51736 0.42141 0.0207085 0.0544918 0.368329
0 0.572759 0.194748 0.0126622 0.0561765 0.313995
