0 0.593898 0.785459 0.023881 0.126898 0.802037
0 0.796871 0.547834 0.0187325 0.100071 0.780951
0 0.497858 0.403417 0.0248662 0.0678719 0.730559
0 0.599161 0.518974 0.0198889 0.0725049 0.721811
0 0.525508 0.36574 0.0215706 0.067999 0.710396
0 0.216682 0.284818 0.0186448 0.0695916 0.689293
0 0.332013 0.303733 0.0156423 0.0698803 0.681476
0 0.353267 0.368655 0.0177295 0.0691983 0.598863
0 0.627365 0.407642 0.0159878 0.0683637 0.57592
0 0.609519 0.385696 0.0147037 0.0794463 0.566912
0 0.454144 0.338403 0.0162995 0.0683441 0.558538
0 0.908653 0.39622 0.0170414 0.0839011 0.463809
0 0.153109 0.441265 0.0149154 0.0837073 0.438179
32 0.767043 0.48554 0.0090416 0.0157257 0.314354
0 0.625986 0.203772 0.02479 0.0505361 0.268033
