0 0.199326 0.710695 0.0275166 0.133958 0.884176
0 0.351362 0.826181 0.0323078 0.162815 0.87042
0 0.955102 0.751073 0.0341543 0.164232 0.788163
0 0.446318 0.624491 0.026669 0.126078 0.770408
0 0.860467 0.41007 0.0205662 0.109092 0.758521
0 0.853206 0.74637 0.0294796 0.138848 0.738909
0 0.169555 0.528206 0.0240847 0.109252 0.706879
0 0.550335 0.457714 0.0189762 0.112073 0.687409
0 0.717872 0.937318 0.0297178 0.125363 0.683308
0 0.480857 0.474596 0.0216301 0.0959213 0.626432
0 0.499689 0.36729 0.0180455 0.0960224 0.517791
0 0.574519 0.330191 0.0204096 0.0849362 0.490971
0 0.308685 0.415977 0.0225849 0.0724801 0.490371
0 0.432187 0.492494 0.0175397 0.0787795 0.398865
0 0.437004 0.459712 0.0288404 0.142219 0.359956
0 0.440099 0.423983 0.0233627 0.0860309 0.35574
