0 0.528424 0.624795 0.0291716 0.0810542 0.795129
0 0.513719 0.510738 0.0185358 0.0958896 0.768044
0 0.456405 0.466384 0.0174109 0.0932951 0.766268
0 0.241287 0.449972 0.0221219 0.0849348 0.752083
0 0.288649 0.514458 0.0174746 0.0985465 0.722945
0 0.170538 0.414556 0.0219962 0.089763 0.689851
32 0.404686 0.561002 0.00902634 0.0145328 0.68912
0 0.378005 0.447572 0.0177563 0.082841 0.668717
0 0.642011 0.531983 0.0214054 0.0890888 0.647972
0 0.103694 0.524014 0.0249488 0.0847408 0.643806
0 0.542361 0.518471 0.0142719 0.0838831 0.631788
0 0.0838479 0.479809 0.0220826 0.099855 0.336184
0 0.300552 0.266209 0.0181195 0.0508531 0.277885
