0 0.279265 0.619015 0.0218385 0.0964939 0.784489
0 0.462927 0.51247 0.0160984 0.0918456 0.702713
0 0.132611 0.514324 0.0185919 0.0918869 0.663226
0 0.368597 0.432835 0.0249628 0.0885422 0.657394
0 0.504588 0.296031 0.0148352 0.0621251 0.629075
0 0.71325 0.477362 0.0177243 0.0782118 0.621407
0 0.402175 0.419352 0.0163199 0.0674543 0.59896
0 0.173481 0.378537 0.0151734 0.0748852 0.52989
0 0.42144 0.366201 0.0199023 0.0812862 0.489102
0 0.734108 0.441336 0.0153751 0.112837 0.483803
0 0.688977 0.591742 0.0274387 0.0907455 0.452849
0 0.577241 0.441927 0.019206 0.0926651 0.426777
0 0.698692 0.593496 0.0168112 0.0893444 0.357636
0 0.733407 0.463511 0.00896664 0.0778464 0.334909
0 0.636215 0.369406 0.0162439 0.071884 0.331996
0 0.480478 0.271879 0.0269744 0.040296 0.319981
0 0.665419 0.345398 0.0128527 0.0662481 0.295223
0 0.395425 0.269193 0.0286996 0.043273 0.250874
