0 0.707705 0.603126 0.130205 0.695898 0.894154
0 0.23238 0.573361 0.15026 0.574389 0.877221
0 0.433672 0.589137 0.213729 0.811681 0.877169
0 0.592817 0.707527 0.191383 0.572957 0.812264
0 0.882352 0.594545 0.0904091 0.450808 0.80249
0 0.969347 0.613451 0.0608112 0.570135 0.794448
0 0.775683 0.719802 0.103996 0.548364 0.706976
0 0.114656 0.496685 0.0644858 0.34151 0.595109
0 0.0487345 0.616692 0.0950826 0.206227 0.423265
0 0.0362411 0.416651 0.0724822 0.217682 0.303493
0 0.55924 0.491068 0.0702202 0.343276 0.28155
