0 0.663753 0.589841 0.0270737 0.116918 0.760287
0 0.748136 0.508726 0.0228324 0.113557 0.747231
0 0.843746 0.522224 0.0293587 0.130895 0.740397
0 0.419556 0.550626 0.0255143 0.0886822 0.737901
0 0.641259 0.530966 0.0210876 0.104568 0.732709
0 0.38397 0.634993 0.0200378 0.120402 0.723081
0 0.440531 0.969424 0.0200764 0.0611517 0.632586
0 0.495313 0.538246 0.0225246 0.11807 0.629908
0 0.955326 0.719371 0.0341349 0.133359 0.620229
0 0.963192 0.434374 0.0362087 0.11406 0.555749
0 0.986194 0.602544 0.0264309 0.175657 0.531544
0 0.339343 0.533412 0.0267837 0.0947688 0.391055
0 0.706916 0.440174 0.0268953 0.0918484 0.354738
32 0.795911 0.648455 0.0128469 0.0127836 0.273442
