0 0.285131 0.622519 0.218603 0.736434 0.878771
0 0.868094 0.615324 0.120653 0.491736 0.878254
0 0.700444 0.592149 0.154279 0.772313 0.876538
0 0.168898 0.498132 0.277119 0.995005 0.871598
0 0.0248246 0.394372 0.0496491 0.472861 0.781127
0 0.763154 0.69793 0.124752 0.589009 0.776961
0 0.95075 0.729646 0.0873682 0.370279 0.756719
0 0.61448 0.511876 0.0926926 0.346886 0.572313
0 0.122869 0.323564 0.0269649 0.116323 0.54152
34 0.575802 0.699386 0.110233 0.0777356 0.395899
0 0.0769598 0.312584 0.0310255 0.108423 0.263386
