0 0.458525 0.767752 0.0305002 0.140744 0.841325
0 0.493263 0.540491 0.0221909 0.106027 0.780015
0 0.681266 0.416936 0.0220747 0.085977 0.720637
0 0.792904 0.431313 0.0226643 0.0831292 0.71874
0 0.772952 0.530618 0.024541 0.108543 0.712551
0 0.515776 0.426668 0.0255278 0.0866904 0.653966
0 0.649844 0.438488 0.0209374 0.0873786 0.636814
0 0.962007 0.341473 0.0197025 0.0859207 0.63493
0 0.953191 0.651335 0.0306332 0.1201 0.599506
0 0.707118 0.404886 0.019563 0.0719794 0.517474
0 0.757949 0.454801 0.0204415 0.0954125 0.510361
0 0.288295 0.365698 0.0413865 0.0400859 0.265569
