0 0.941521 0.818803 0.0266335 0.131776 0.819083
0 0.777048 0.759202 0.0232718 0.119479 0.791761
0 0.763135 0.532034 0.019327 0.105045 0.780728
0 0.527357 0.453862 0.0174935 0.0864314 0.743283
0 0.731771 0.37962 0.0154319 0.0856444 0.742456
0 0.623959 0.48201 0.0173168 0.0926278 0.735951
0 0.366439 0.584166 0.0271254 0.0994064 0.734029
0 0.0425028 0.765953 0.0297961 0.106658 0.697285
0 0.440612 0.381382 0.0173139 0.0782174 0.687994
0 0.489979 0.532831 0.018561 0.0946515 0.626466
0 0.354099 0.43756 0.0146075 0.0633262 0.485119
0 0.335853 0.417695 0.0223724 0.0810279 0.450199
0 0.9912 0.440986 0.016674 0.0701253 0.436658
0 0.404378 0.388793 0.0124985 0.0554486 0.393193
0 0.298561 0.452386 0.0230236 0.0967373 0.337261
