0 0.317111 0.831177 0.0539629 0.215204 0.868989
0 0.51481 0.695758 0.0370818 0.181619 0.828867
0 0.373125 0.869013 0.0621339 0.255434 0.798961
0 0.205406 0.680708 0.0387992 0.171999 0.795277
0 0.812663 0.670006 0.0564016 0.118659 0.793249
0 0.378412 0.68073 0.0367985 0.16181 0.788863
0 0.436933 0.821671 0.0648685 0.252571 0.764034
0 0.454129 0.63069 0.0463579 0.170655 0.751739
0 0.577759 0.977601 0.0304089 0.0447978 0.49876
0 0.0259441 0.97963 0.0344028 0.0407393 0.392073
32 0.680882 0.762612 0.0148746 0.0177039 0.354256
