0 0.114505 0.72219 0.0276893 0.103958 0.756441
0 0.788062 0.542295 0.0171419 0.0917862 0.743924
0 0.968294 0.806788 0.026882 0.12 0.741256
0 0.558761 0.468442 0.0176954 0.0827254 0.730663
0 0.66644 0.483737 0.0193061 0.0811957 0.723942
0 0.748603 0.401751 0.014436 0.0789115 0.713546
0 0.318015 0.451755 0.0144647 0.0690533 0.70981
0 0.806668 0.74395 0.0248143 0.107464 0.682464
0 0.393583 0.468302 0.0125968 0.0497581 0.65419
0 0.532327 0.553181 0.0161432 0.0922802 0.645624
0 0.392576 0.592217 0.0203833 0.0841097 0.589202
0 0.37797 0.480626 0.0185459 0.0815984 0.555702
0 0.413602 0.423889 0.0146973 0.0825353 0.455732
0 0.0666936 0.529351 0.0246307 0.0767185 0.412845
0 0.505067 0.375471 0.0162775 0.0679694 0.387462
0 0.490159 0.391208 0.0190863 0.0617003 0.332546
0 0.355447 0.397513 0.0169377 0.0676812 0.316796
0 0.388264 0.481348 0.0222193 0.0854353 0.273712
