0 0.349803 0.591111 0.0172121 0.0983565 0.801563
0 0.648589 0.404328 0.0155181 0.0790141 0.686875
0 0.41065 0.417273 0.0144353 0.0745224 0.677456
0 0.466349 0.387422 0.0166183 0.0598831 0.671435
0 0.709368 0.317892 0.0134275 0.0688547 0.650185
0 0.604191 0.35297 0.0159926 0.0770206 0.644007
0 0.197133 0.483848 0.0165801 0.0900877 0.632912
0 0.670311 0.337173 0.015361 0.0698278 0.618282
0 0.368188 0.401132 0.018234 0.0880544 0.605601
0 0.784385 0.441507 0.0176607 0.0783237 0.570275
0 0.725237 0.578134 0.0231274 0.0987993 0.554776
0 0.525708 0.487962 0.0156706 0.0924413 0.539223
0 0.752924 0.485374 0.0180481 0.0801646 0.539211
0 0.4082 0.317801 0.0115864 0.0626205 0.53816
0 0.57875 0.255573 0.0162461 0.0632304 0.497555
0 0.456015 0.304923 0.0138395 0.0701922 0.428387
0 0.741061 0.592607 0.0247828 0.0749388 0.369573
0 0.227347 0.386328 0.0230217 0.040569 0.332004
0 0.75981 0.409061 0.0201975 0.0675491 0.30743
0 0.754733 0.451387 0.0232803 0.145916 0.269114
