0 0.649418 0.465216 0.0165512 0.0837146 0.730552
0 0.0501278 0.566223 0.0239036 0.0915885 0.709491
0 0.29809 0.436527 0.015306 0.0709063 0.687068
0 0.456474 0.522181 0.0156174 0.0881061 0.643214
0 0.511525 0.693742 0.0223269 0.0976565 0.642071
0 0.626676 0.463811 0.0142628 0.0799981 0.573577
0 0.44843 0.315505 0.0127564 0.059021 0.553473
0 0.383322 0.289709 0.0113169 0.0576504 0.553212
0 0.301829 0.546636 0.0191282 0.0434643 0.545316
0 0.389629 0.706253 0.0162302 0.0962775 0.537075
0 0.0856985 0.478252 0.0201221 0.0793877 0.506762
0 0.242707 0.451123 0.0191366 0.0810338 0.415244
0 0.285994 0.976674 0.027846 0.0466522 0.403264
0 0.26233 0.472854 0.0247931 0.0729694 0.391528
0 0.675354 0.306345 0.015811 0.1237 0.381119
0 0.374978 0.970272 0.0256705 0.0594567 0.373903
0 0.17226 0.377722 0.0175011 0.0522079 0.289104
