0 0.051424 0.684024 0.0258664 0.0999803 0.820299
0 0.465221 0.691259 0.0163188 0.0844874 0.708772
0 0.277721 0.518277 0.0273106 0.0650913 0.622228
0 0.13653 0.374084 0.0136644 0.0621695 0.617552
0 0.646285 0.31291 0.0121433 0.0598339 0.616646
0 0.450853 0.590741 0.025927 0.0845283 0.613413
0 0.636348 0.481208 0.0147886 0.0802711 0.595329
0 0.38076 0.412128 0.0140012 0.0635874 0.566782
0 0.613534 0.689458 0.0186695 0.0940765 0.565039
0 0.343342 0.299715 0.0127641 0.0549488 0.559396
0 0.289282 0.431375 0.015238 0.0616036 0.550606
0 0.169965 0.358268 0.0146755 0.0619203 0.517156
0 0.611961 0.487438 0.0154371 0.0797911 0.483328
0 0.411204 0.31161 0.011753 0.0511103 0.457526
0 0.685225 0.356238 0.0157269 0.0583979 0.38501
0 0.250111 0.557592 0.0217503 0.132833 0.325915
0 0.00413357 0.662851 0.00816112 0.0510161 0.29601
