0 0.317261 0.444539 0.0194853 0.0646152 0.660648
0 0.0421163 0.572047 0.0221767 0.0912444 0.659896
0 0.403717 0.686183 0.0176079 0.0969342 0.634382
0 0.538863 0.68277 0.0259247 0.0963177 0.622603
0 0.0532509 0.488081 0.0181889 0.0819592 0.61072
0 0.205434 0.353375 0.0135417 0.0673133 0.608046
0 0.263389 0.509516 0.0165252 0.0758884 0.58852
0 0.669093 0.300278 0.0147192 0.115337 0.586148
0 0.451374 0.524798 0.0200478 0.0835524 0.576847
0 0.640891 0.455884 0.0150793 0.0810019 0.568379
0 0.270934 0.972997 0.0306847 0.054007 0.559973
0 0.366399 0.281282 0.0143782 0.0614883 0.524568
0 0.218146 0.499224 0.0266833 0.0758494 0.520356
0 0.357092 0.965655 0.0246155 0.068377 0.465436
0 0.150676 0.357839 0.0149761 0.0684296 0.448737
0 0.424454 0.298212 0.0137844 0.0576809 0.443671
0 0.628625 0.458972 0.0131615 0.0760078 0.328914
0 0.255197 0.435852 0.0154551 0.0676673 0.26667
