0 0.0176427 0.389698 0.016555 0.0758962 0.604303
0 0.43456 0.607008 0.0176241 0.0966771 0.600919
0 0.120799 0.308892 0.0146346 0.0724826 0.589583
0 0.0704886 0.392662 0.0160438 0.069329 0.558335
0 0.633545 0.718875 0.0380751 0.076189 0.549768
0 0.463909 0.718917 0.0197077 0.101037 0.544203
32 0.804735 0.751888 0.00847435 0.0153327 0.519928
0 0.29496 0.366766 0.0181525 0.0580473 0.504736
0 0.525006 0.966634 0.0256687 0.0667316 0.478558
0 0.224074 0.382447 0.0146619 0.069921 0.473526
0 0.522085 0.355639 0.0146372 0.0562078 0.429091
0 0.720837 0.617345 0.0396742 0.0729082 0.411848
0 0.582348 0.558155 0.0178419 0.0677745 0.398791
0 0.831665 0.950854 0.0365746 0.0938694 0.353939
0 0.454339 0.411177 0.0177248 0.0571203 0.34818
0 0.380195 0.958864 0.0154067 0.0822728 0.344272
32 0.837335 0.929716 0.0270876 0.0457011 0.263744
0 0.45181 0.317072 0.0157822 0.0617896 0.259994
