0 0.619921 0.514517 0.0194263 0.0969739 0.68026
0 0.402745 0.529263 0.0284396 0.0984033 0.670631
0 0.721808 0.491033 0.020196 0.110597 0.661775
0 0.925974 0.700929 0.0538055 0.13482 0.660054
0 0.955536 0.614854 0.0231857 0.129981 0.64602
0 0.818353 0.496649 0.0267258 0.135796 0.640691
0 0.366794 0.615665 0.0189451 0.120961 0.637735
0 0.512372 0.518926 0.0344028 0.110842 0.634127
0 0.406964 0.95592 0.0173968 0.0881594 0.61145
0 0.657665 0.578248 0.0238317 0.116923 0.578481
0 0.918152 0.415457 0.0248478 0.109408 0.531916
0 0.956761 0.528418 0.0232698 0.078871 0.530267
0 0.686145 0.422381 0.0267256 0.0939373 0.296196
