0 0.886598 0.934411 0.0589039 0.131178 0.92389
0 0.651372 0.584058 0.0305012 0.125281 0.870786
0 0.149408 0.939852 0.0867857 0.120297 0.869519
0 0.695864 0.752918 0.0576188 0.19424 0.831909
0 0.518547 0.723312 0.0394441 0.201231 0.822823
0 0.425402 0.72069 0.0371013 0.187062 0.821069
0 0.166388 0.687439 0.0424278 0.163474 0.802014
0 0.256734 0.937295 0.0451957 0.12541 0.780742
0 0.417392 0.890161 0.064177 0.219677 0.745702
0 0.876655 0.552824 0.031971 0.113584 0.663068
0 0.846412 0.532235 0.0239902 0.0999273 0.552696
0 0.968689 0.71741 0.0619114 0.155987 0.505602
