0 0.428098 0.485202 0.019065 0.0943203 0.812086
0 0.280023 0.439149 0.0206594 0.0953666 0.784911
0 0.370182 0.443137 0.0179825 0.0912065 0.764605
0 0.198041 0.495227 0.0164449 0.102913 0.7265
0 0.11588 0.455729 0.0207402 0.0797691 0.663323
0 0.419416 0.659544 0.020809 0.0893087 0.646563
0 0.534612 0.504019 0.0228611 0.100618 0.625357
0 0.100833 0.397891 0.0209705 0.0847081 0.591041
0 0.0442254 0.505751 0.0250087 0.0962604 0.576851
0 0.600583 0.541906 0.0202555 0.0865333 0.564089
0 0.062846 0.23417 0.033 0.0498511 0.453588
0 0.20371 0.245907 0.0215073 0.0473253 0.438663
0 0.0190803 0.455463 0.0268345 0.0857658 0.436505
32 0.310528 0.540057 0.0115407 0.0186895 0.298428
0 0.139212 0.232188 0.0316671 0.0452281 0.250196
