0 0.431212 0.570701 0.0193094 0.0827586 0.747129
0 0.183753 0.337349 0.0116923 0.0496759 0.662891
0 0.492211 0.670913 0.0211714 0.0796014 0.639414
0 0.640676 0.463897 0.0140227 0.0708658 0.63329
0 0.28897 0.968812 0.0287276 0.0623766 0.600967
0 0.309521 0.398775 0.0130542 0.0533769 0.579393
0 0.238285 0.473703 0.022055 0.0701097 0.553289
0 0.606152 0.676705 0.0150279 0.0884654 0.540526
0 0.617465 0.476445 0.0133093 0.0702364 0.532115
0 0.285389 0.611283 0.0239327 0.0749903 0.51991
0 0.364196 0.962613 0.0225664 0.0747734 0.518492
0 0.164427 0.359236 0.0147974 0.0628535 0.516236
0 0.692571 0.354912 0.0125319 0.0610051 0.495896
0 0.64871 0.307514 0.0121596 0.0549998 0.491596
0 0.279464 0.494216 0.024891 0.0604897 0.397202
0 0.00490095 0.688433 0.00960122 0.0779066 0.345439
0 0.363037 0.285835 0.0125329 0.052492 0.312477
0 0.433324 0.301072 0.0123798 0.0452309 0.293154
0 0.388381 0.391607 0.0140028 0.0590232 0.262932
