0 0.548458 0.691104 0.0319517 0.0980604 0.755734
0 0.437921 0.713106 0.0321787 0.0996301 0.705403
0 0.0856688 0.507336 0.0192297 0.0822333 0.684484
0 0.400196 0.404955 0.0168409 0.0697181 0.580019
0 0.518581 0.516584 0.0234606 0.0855019 0.578387
0 0.735416 0.451118 0.0134732 0.0751599 0.557605
0 0.144784 0.412674 0.0173567 0.0678289 0.555669
0 0.362214 0.510684 0.0210319 0.0757036 0.555639
0 0.440184 0.970381 0.0221783 0.059238 0.553928
0 0.525744 0.32229 0.0156819 0.0600216 0.493703
0 0.349477 0.9681 0.0241092 0.0637617 0.477392
0 0.264181 0.44011 0.0242674 0.0701676 0.462025
0 0.327031 0.395764 0.0203434 0.060227 0.452858
0 0.448942 0.28263 0.0189578 0.0465135 0.445571
0 0.701281 0.457605 0.0206089 0.0769475 0.442107
0 0.197925 0.384614 0.0180811 0.058933 0.409737
0 0.514522 0.482032 0.0258935 0.152675 0.402339
0 0.245 0.421029 0.0150868 0.0510769 0.275996
