0 0.43788 0.587461 0.0301998 0.0827947 0.729069
0 0.0236277 0.698292 0.0178315 0.0887444 0.687773
0 0.606301 0.680311 0.0279642 0.090984 0.685082
0 0.383665 0.403741 0.0147043 0.0693587 0.669969
0 0.645259 0.311247 0.0139023 0.0628475 0.631025
0 0.478877 0.679633 0.0173128 0.0843482 0.63097
0 0.149957 0.367183 0.0145914 0.0594211 0.594635
0 0.688931 0.355194 0.0163473 0.0586612 0.583138
0 0.17267 0.343135 0.0133341 0.0501501 0.554864
0 0.271498 0.600103 0.0181176 0.0746604 0.541541
0 0.271271 0.9765 0.0276683 0.0470003 0.510058
0 0.29974 0.410513 0.0147989 0.0578125 0.499892
0 0.637052 0.471373 0.0131654 0.0758173 0.448836
0 0.352614 0.971768 0.0237376 0.0564644 0.382894
0 0.267047 0.501476 0.0191256 0.062298 0.378063
0 0.419883 0.307705 0.0136467 0.0520726 0.35021
9 0.110138 0.105763 0.025707 0.101575 0.347601
0 0.612765 0.478066 0.0129349 0.0653961 0.339437
