0 0.394496 0.664075 0.0213288 0.103301 0.781062
0 0.42963 0.502256 0.0236496 0.076894 0.672759
0 0.618485 0.489649 0.0237209 0.0762309 0.590139
0 0.57422 0.426205 0.0190681 0.0653343 0.573991
0 0.545255 0.417656 0.0137749 0.0629398 0.545644
0 0.859589 0.86586 0.0294914 0.118179 0.541453
0 0.471865 0.417056 0.0128172 0.0697478 0.489211
0 0.679651 0.422672 0.0182241 0.0599499 0.467692
0 0.75432 0.570162 0.0213009 0.0803389 0.441579
0 0.78942 0.343013 0.0150551 0.0527197 0.36538
0 0.590422 0.401361 0.0147437 0.0533969 0.345382
0 0.848513 0.520025 0.0204058 0.072307 0.313257
0 0.860271 0.472856 0.0217878 0.0637369 0.311833
