0 0.896887 0.934073 0.0631029 0.131854 0.891665
0 0.652092 0.58342 0.0308187 0.124395 0.861887
0 0.424964 0.892193 0.0683645 0.215614 0.859288
0 0.154518 0.942205 0.0850662 0.115429 0.824721
0 0.696526 0.752753 0.058396 0.193079 0.821875
0 0.520053 0.724282 0.0398815 0.203093 0.808738
0 0.426712 0.719232 0.0361273 0.184662 0.807723
0 0.167104 0.686702 0.0414435 0.164272 0.79423
0 0.258605 0.941073 0.0452557 0.117854 0.771219
0 0.876592 0.552916 0.0280699 0.109469 0.535031
0 0.847788 0.529514 0.0242973 0.100215 0.507228
0 0.9697 0.717601 0.0596844 0.164972 0.499034
