0 0.796316 0.581304 0.0170164 0.0771576 0.669584
0 0.539897 0.724013 0.0173041 0.0873937 0.64606
0 0.823516 0.414998 0.0135225 0.0550264 0.638979
0 0.755368 0.477005 0.0148025 0.0555957 0.617887
0 0.19927 0.748031 0.0195588 0.0887048 0.611664
0 0.279736 0.579991 0.0127511 0.0644138 0.546142
0 0.48699 0.717328 0.0170001 0.13615 0.457284
0 0.33549 0.530944 0.0136314 0.0595494 0.406346
0 0.545507 0.413948 0.0107735 0.0457677 0.330183
0 0.470693 0.372665 0.0128935 0.0367811 0.288389
0 0.351971 0.488387 0.0135817 0.0586054 0.260275
