0 0.56413 0.724837 0.0216574 0.0900177 0.85022
0 0.428736 0.559709 0.0157183 0.0739879 0.700901
0 0.553208 0.508205 0.0165642 0.0555614 0.684326
0 0.472318 0.421399 0.0126116 0.0489473 0.634775
0 0.918459 0.419642 0.0142246 0.0607084 0.631099
0 0.921692 0.572284 0.0142746 0.0702212 0.608671
0 0.444875 0.4609 0.0163811 0.0500697 0.571047
0 0.948427 0.495083 0.0146877 0.0600642 0.558846
0 0.701189 0.509178 0.0172604 0.0695567 0.531483
0 0.693864 0.428984 0.0169598 0.0583321 0.499402
0 0.674894 0.479728 0.0150826 0.0645421 0.396987
