0 0.0675791 0.671736 0.0212858 0.089638 0.798747
0 0.454112 0.587034 0.0219709 0.0830307 0.716197
0 0.13347 0.377095 0.0153961 0.0672151 0.704673
0 0.617593 0.695658 0.0172344 0.0967233 0.700728
0 0.341926 0.299643 0.0135841 0.0552606 0.657267
0 0.379795 0.418494 0.0164037 0.0598825 0.651966
0 0.638794 0.485893 0.0153329 0.0827513 0.63859
0 0.457074 0.702056 0.0208201 0.0902089 0.618244
0 0.682665 0.356686 0.0136032 0.0622432 0.597837
0 0.17055 0.359649 0.0123153 0.0614295 0.580446
0 0.284635 0.428773 0.0135571 0.0530582 0.556969
0 0.614321 0.490461 0.0122985 0.0786481 0.524514
0 0.410201 0.312258 0.0129522 0.0513601 0.515934
0 0.649334 0.312288 0.0132996 0.0629311 0.513281
0 0.276719 0.522993 0.0260282 0.0617688 0.485773
0 0.00822452 0.646061 0.0163952 0.0757404 0.422147
0 0.242361 0.585641 0.0184688 0.0742628 0.328962
0 0.244498 0.554862 0.0237601 0.127293 0.32632
0 0.246566 0.52127 0.0198607 0.059284 0.294819
