0 0.377911 0.951244 0.0219009 0.0975121 0.778802
0 0.604226 0.682613 0.0181717 0.0941813 0.748585
0 0.305055 0.955692 0.0264179 0.0886156 0.723797
0 0.646127 0.458059 0.0146013 0.069764 0.708458
0 0.498466 0.667307 0.0233644 0.075286 0.654355
0 0.220317 0.460517 0.0202982 0.0673766 0.613653
0 0.424828 0.564106 0.0239296 0.070433 0.594476
0 0.654443 0.302976 0.0125813 0.0538164 0.549026
0 0.285651 0.629623 0.0242041 0.0755591 0.523447
0 0.320452 0.382207 0.0134895 0.0462219 0.517146
0 0.624357 0.474209 0.0126773 0.0571943 0.502566
0 0.446662 0.460023 0.0152014 0.064296 0.449441
0 0.187069 0.354601 0.0162505 0.0555478 0.445336
0 0.268632 0.47003 0.0202722 0.0480645 0.437177
0 0.3966 0.379928 0.0130495 0.064372 0.427058
0 0.19648 0.324114 0.0136727 0.0513396 0.391306
0 0.377854 0.27533 0.0115087 0.0458145 0.349761
0 0.692588 0.349798 0.0146128 0.0599384 0.258475
