0 0.805672 0.726711 0.0327347 0.129692 0.845326
0 0.342162 0.811122 0.0292407 0.144353 0.833456
0 0.258871 0.536085 0.0231331 0.105329 0.813147
0 0.213785 0.721922 0.0273511 0.134315 0.807795
0 0.929413 0.745205 0.0261108 0.150595 0.806536
0 0.653086 0.90401 0.0324427 0.145796 0.773675
0 0.842484 0.419295 0.0203152 0.101027 0.726813
0 0.521213 0.517315 0.0211479 0.111334 0.719006
0 0.567612 0.475082 0.0207544 0.100727 0.687564
0 0.500712 0.375786 0.0171143 0.0823596 0.674974
0 0.604329 0.353359 0.0264977 0.0738 0.662481
0 0.44166 0.623104 0.0270197 0.115366 0.593964
0 0.453386 0.456734 0.0288873 0.136702 0.393018
0 0.325482 0.412599 0.021921 0.0588618 0.317883
