0 0.507026 0.70462 0.0377085 0.186894 0.870005
0 0.804583 0.685369 0.0641464 0.128707 0.868515
0 0.369064 0.692415 0.0380805 0.167602 0.866289
0 0.192955 0.682946 0.0396524 0.160138 0.851852
0 0.35261 0.882672 0.0588902 0.234657 0.826533
0 0.424561 0.803436 0.0574886 0.232619 0.826409
0 0.525449 0.968324 0.0486315 0.063353 0.699939
0 0.312061 0.836083 0.0618607 0.247725 0.691048
0 0.430007 0.65284 0.0270561 0.152585 0.626494
0 0.0182255 0.970241 0.03573 0.0595172 0.396122
34 0.226005 0.644834 0.0267182 0.0597019 0.311542
