0 0.540958 0.723765 0.0185785 0.086193 0.717928
0 0.824777 0.419922 0.0180231 0.0560727 0.674203
0 0.489027 0.741196 0.0159015 0.0735704 0.6145
0 0.20081 0.754955 0.0194624 0.0852712 0.611349
0 0.795363 0.584732 0.0175818 0.0751463 0.603929
0 0.280766 0.578555 0.0150048 0.0649751 0.582477
0 0.756078 0.483608 0.0133182 0.0580704 0.50304
0 0.359717 0.366027 0.015665 0.045502 0.397478
0 0.440748 0.318676 0.0188854 0.0434027 0.389532
0 0.394305 0.422304 0.0128435 0.0500644 0.318411
0 0.320554 0.436566 0.0127148 0.0508941 0.285288
0 0.722146 0.338883 0.0105476 0.0418059 0.275187
