0 0.407195 0.558318 0.158275 0.874522 0.887321
0 0.164446 0.544076 0.17276 0.565846 0.882886
0 0.690324 0.606051 0.130988 0.717739 0.868554
0 0.763193 0.716109 0.0953854 0.540826 0.807928
0 0.597847 0.548133 0.0604042 0.371124 0.792295
0 0.485837 0.703537 0.173431 0.580598 0.77047
0 0.860503 0.611489 0.0926693 0.429082 0.759017
0 0.932175 0.68548 0.0731052 0.327202 0.691921
0 0.97872 0.633615 0.0420658 0.512913 0.602861
0 0.51901 0.370238 0.0588099 0.12607 0.317224
0 0.0823564 0.403684 0.0728741 0.215071 0.302802
