0 0.78878 0.542118 0.0175671 0.0930238 0.833781
0 0.667475 0.484887 0.0201143 0.0806485 0.747263
0 0.116058 0.719186 0.0284328 0.102233 0.747101
0 0.560023 0.467657 0.0184105 0.0831791 0.730531
0 0.749334 0.40218 0.0145248 0.0774887 0.728611
0 0.969761 0.80548 0.0285954 0.119304 0.721925
0 0.80779 0.743703 0.0235365 0.105864 0.691436
0 0.318596 0.453897 0.0146153 0.068665 0.663563
0 0.533844 0.550335 0.0173231 0.0896922 0.659937
0 0.415332 0.426514 0.0154818 0.0805499 0.636301
0 0.394003 0.592131 0.0205306 0.0839439 0.607333
0 0.380489 0.482253 0.0174049 0.0846502 0.588112
0 0.39566 0.465747 0.0111681 0.047023 0.572513
0 0.0688222 0.528237 0.0227331 0.0779485 0.387805
0 0.491054 0.387881 0.018162 0.0692479 0.38191
