0 0.664539 0.317287 0.0200386 0.115865 0.739053
0 0.445273 0.551754 0.0167524 0.0894477 0.698995
0 0.0338149 0.597792 0.0171034 0.0885358 0.657726
0 0.575901 0.693736 0.025992 0.0975225 0.637729
0 0.3426 0.438344 0.0161436 0.0753412 0.633043
0 0.179106 0.562416 0.0191208 0.0792538 0.622868
0 0.418766 0.697941 0.0156051 0.0968291 0.569434
0 0.259632 0.555811 0.0163291 0.0740033 0.555934
0 0.355408 0.294566 0.0131719 0.0570185 0.55502
0 0.412966 0.308173 0.0158837 0.0636774 0.480307
0 0.26592 0.44844 0.0172852 0.0711212 0.463271
0 0.206076 0.539548 0.0164068 0.0741596 0.43893
0 0.630628 0.473528 0.0191438 0.0805101 0.420663
0 0.347409 0.97288 0.0263739 0.0542392 0.402457
0 0.261725 0.983467 0.0225352 0.0330666 0.338684
0 0.192397 0.366531 0.0145482 0.0648045 0.296826
0 0.135839 0.370772 0.0135245 0.0671477 0.284163
0 0.638694 0.474288 0.0132832 0.078047 0.270388
0 0.0168334 0.520753 0.020699 0.085013 0.265806
