0 0.848792 0.524254 0.0154449 0.0831768 0.751396
0 0.813558 0.406563 0.0154186 0.0702296 0.701904
0 0.227936 0.664979 0.022276 0.0880812 0.700274
0 0.891873 0.712744 0.0285969 0.0983554 0.664077
0 0.600194 0.544559 0.01793 0.0665191 0.643835
0 0.733522 0.461879 0.0130634 0.0727592 0.642496
0 0.398926 0.459579 0.0140985 0.0621435 0.641471
0 0.616504 0.385847 0.0122381 0.0489037 0.594118
0 0.161061 0.519925 0.0149892 0.0636685 0.566033
0 0.638528 0.459882 0.0148043 0.0716386 0.54248
0 0.541612 0.421984 0.0130449 0.0654543 0.535459
0 0.487889 0.591805 0.0218651 0.0824633 0.491058
0 0.585034 0.397123 0.0138109 0.0513123 0.489515
0 0.493975 0.488095 0.0185291 0.0697817 0.479188
0 0.63685 0.386411 0.0175528 0.0578732 0.363204
0 0.497109 0.426199 0.0166622 0.0604502 0.263047
