0 0.316223 0.614735 0.0192205 0.0942352 0.853198
0 0.187707 0.511697 0.0206982 0.0876748 0.743325
0 0.511359 0.506932 0.0160691 0.0826816 0.71037
0 0.364587 0.423337 0.0182488 0.0865563 0.676549
0 0.697762 0.340392 0.0135203 0.0655667 0.609858
0 0.597021 0.37715 0.0163082 0.070559 0.590049
0 0.631874 0.429816 0.0147498 0.0822055 0.580611
0 0.740493 0.496439 0.0149397 0.0750137 0.57343
0 0.714333 0.601843 0.032638 0.102816 0.559186
0 0.446865 0.40645 0.0136265 0.0653853 0.558015
0 0.207627 0.389845 0.0278521 0.0783278 0.553985
0 0.768554 0.464125 0.0176165 0.0790816 0.534765
0 0.109369 0.267925 0.0178332 0.0593987 0.534751
0 0.403329 0.34282 0.0136957 0.06518 0.48762
0 0.557524 0.28327 0.0158505 0.0587399 0.468174
0 0.414563 0.433398 0.0199689 0.0691486 0.446148
0 0.665134 0.363049 0.0144475 0.0745921 0.407931
0 0.753444 0.423714 0.0166483 0.0676238 0.280479
0 0.723224 0.608523 0.0199385 0.0884859 0.277373
