0 0.652255 0.583373 0.0308004 0.123708 0.845814
0 0.434527 0.71923 0.050624 0.193724 0.832228
0 0.361767 0.885402 0.0657428 0.229195 0.831871
0 0.512191 0.718959 0.0497026 0.203031 0.825321
0 0.69742 0.750793 0.0579756 0.193939 0.815833
0 0.090413 0.934657 0.0855894 0.130687 0.78236
0 0.265081 0.91244 0.0544885 0.175121 0.777874
0 0.843238 0.926014 0.0557541 0.147973 0.776869
0 0.173095 0.685654 0.0475493 0.163191 0.762136
0 0.865587 0.546844 0.0245432 0.106564 0.626637
0 0.849016 0.527823 0.0254045 0.0973735 0.392375
0 0.971576 0.723669 0.0563751 0.144719 0.25241
