0 0.465454 0.512555 0.0174829 0.0926144 0.759448
0 0.276331 0.618842 0.0160312 0.0948529 0.720914
0 0.135753 0.514971 0.0168635 0.0888126 0.687763
0 0.712389 0.480231 0.0155588 0.0763845 0.610552
0 0.366191 0.434139 0.019393 0.0865952 0.601358
0 0.176416 0.378394 0.0153925 0.0808048 0.599684
0 0.734653 0.447261 0.0145327 0.112734 0.562215
0 0.667958 0.345846 0.0126444 0.0655376 0.514166
0 0.580023 0.442799 0.0180593 0.0860308 0.45032
0 0.684735 0.592458 0.0208827 0.0923887 0.4462
0 0.407352 0.403241 0.0189411 0.10453 0.444991
0 0.504944 0.295126 0.0158827 0.0626753 0.427031
0 0.424008 0.360235 0.0170237 0.0694914 0.387855
0 0.63897 0.370501 0.015366 0.0704002 0.352556
0 0.69627 0.594854 0.0237705 0.0919764 0.331612
0 0.572436 0.376009 0.0120443 0.0560928 0.295678
0 0.481936 0.272452 0.0251131 0.0391426 0.283056
