0 0.520177 0.771565 0.0297262 0.142788 0.845953
0 0.710953 0.381032 0.0246202 0.098253 0.817125
0 0.856135 0.559874 0.0257401 0.130747 0.746641
0 0.570218 0.62009 0.0258698 0.127542 0.733963
0 0.544166 0.472712 0.0219123 0.119138 0.726878
0 0.630591 0.361161 0.023146 0.101227 0.711987
0 0.349549 0.396926 0.0250032 0.0811159 0.688253
0 0.891192 0.529364 0.0174164 0.11719 0.686558
0 0.862269 0.462528 0.0253401 0.0901864 0.615776
0 0.754498 0.474449 0.022238 0.107824 0.580861
32 0.232869 0.429791 0.0116526 0.0189956 0.269471
