0 0.331641 0.527874 0.0170796 0.0986793 0.8237
0 0.60048 0.664957 0.0204575 0.109163 0.767796
0 0.231322 0.66064 0.0211814 0.101011 0.72652
0 0.644957 0.738219 0.018115 0.10944 0.682806
0 0.717396 0.621517 0.0617218 0.112519 0.669854
32 0.480849 0.689701 0.00972176 0.0119147 0.661671
0 0.325856 0.693682 0.0217845 0.128568 0.606382
0 0.402638 0.709516 0.031774 0.107414 0.578736
0 0.546758 0.573581 0.0190151 0.0899675 0.546081
0 0.495588 0.54987 0.0219778 0.0676353 0.323106
0 0.552752 0.667466 0.0356455 0.0588196 0.27602
