0 0.876464 0.519072 0.0157867 0.0778856 0.817511
0 0.280048 0.648867 0.0174937 0.08345 0.811493
0 0.930584 0.702161 0.0226156 0.0949165 0.681626
0 0.550637 0.597416 0.0210114 0.0719599 0.650224
0 0.553359 0.497942 0.0207579 0.0762378 0.61885
0 0.697954 0.39921 0.0131327 0.0573673 0.605612
0 0.442353 0.463585 0.0128541 0.0670436 0.583148
0 0.545319 0.426962 0.00955095 0.0477068 0.578967
0 0.849763 0.409117 0.0142872 0.0647959 0.573274
0 0.634101 0.551486 0.0163275 0.072515 0.565798
0 0.681276 0.462187 0.0153646 0.0695545 0.564317
0 0.198344 0.530466 0.012041 0.058844 0.554224
0 0.595034 0.426882 0.0154531 0.067246 0.507723
0 0.765107 0.460948 0.0119953 0.0662033 0.503364
0 0.636731 0.408147 0.01434 0.0596148 0.463087
0 0.122311 0.536407 0.0197311 0.0683554 0.354528
0 0.464507 0.410711 0.0182463 0.0415282 0.268406
