0 0.226189 0.446166 0.026514 0.0772239 0.763158
0 0.174824 0.401529 0.0172964 0.089877 0.751192
0 0.287704 0.502128 0.0176277 0.0991948 0.746104
0 0.371607 0.439172 0.0167879 0.090691 0.729283
0 0.52694 0.625382 0.0205413 0.0862039 0.710188
0 0.455191 0.452406 0.0183094 0.0885562 0.702303
0 0.511814 0.497989 0.0167723 0.0945636 0.682526
0 0.641584 0.533409 0.0223095 0.0858281 0.680751
0 0.0881 0.455346 0.0170912 0.0876251 0.578517
0 0.679343 0.506614 0.0196039 0.0580201 0.548266
0 0.108832 0.518881 0.0361321 0.0821018 0.547876
0 0.55842 0.501777 0.0191178 0.081211 0.536664
0 0.234066 0.239808 0.0234996 0.0466711 0.380615
0 0.599646 0.459527 0.0189749 0.0902056 0.37593
0 0.297268 0.253035 0.0183242 0.0541024 0.352831
0 0.15856 0.247941 0.0285415 0.0381856 0.308363
