0 0.600655 0.784508 0.0237284 0.124242 0.836928
0 0.797203 0.547609 0.0191126 0.101845 0.773038
0 0.503921 0.405248 0.0225272 0.0677548 0.766413
0 0.154916 0.439799 0.023304 0.0828739 0.7215
0 0.456138 0.340372 0.0178135 0.0777122 0.705914
0 0.594406 0.523944 0.0186361 0.0836171 0.674093
0 0.91243 0.396881 0.0182495 0.0858808 0.67299
0 0.345949 0.298541 0.014182 0.0550924 0.666801
0 0.527668 0.355693 0.0203278 0.0716265 0.639468
0 0.632242 0.410506 0.0166678 0.0695238 0.58791
0 0.233713 0.280549 0.0168022 0.0644423 0.573609
0 0.354121 0.368551 0.0191725 0.06926 0.557267
0 0.614635 0.380945 0.014476 0.0731225 0.38065
