0 0.962123 0.80759 0.0258659 0.123106 0.826449
0 0.801454 0.747266 0.0246222 0.111518 0.76957
0 0.782522 0.541487 0.0166519 0.0922099 0.768063
0 0.554221 0.465576 0.0163155 0.0833886 0.765885
0 0.661402 0.485119 0.0183537 0.0800952 0.733943
0 0.744836 0.394809 0.0135742 0.0787306 0.727757
0 0.365504 0.470802 0.0176236 0.0687385 0.724141
0 0.384736 0.592357 0.0257584 0.0939838 0.699746
0 0.105988 0.724056 0.0164099 0.100767 0.694555
0 0.311728 0.451058 0.0138259 0.0727804 0.595114
0 0.38584 0.463942 0.014812 0.0590992 0.488265
0 0.526015 0.546123 0.0169932 0.0906616 0.4861
0 0.481085 0.389028 0.0179496 0.0659397 0.480515
0 0.348381 0.389933 0.0159095 0.0674294 0.363195
0 0.495488 0.380377 0.0132944 0.0715079 0.29337
