0 0.504435 0.594379 0.0204067 0.0943824 0.824941
0 0.711542 0.704232 0.0342004 0.0880788 0.783908
0 0.105172 0.383601 0.0206591 0.0766712 0.704663
0 0.590774 0.769594 0.0330779 0.0942298 0.668584
0 0.164412 0.383977 0.0154937 0.0724795 0.627325
0 0.526915 0.397477 0.0146658 0.058239 0.624776
0 0.382062 0.359981 0.0175245 0.0641607 0.59981
0 0.665723 0.542151 0.0277788 0.0736176 0.593177
0 0.31412 0.363258 0.0156914 0.0677456 0.579615
0 0.72997 0.595231 0.0293726 0.0671995 0.515634
0 0.334818 0.246715 0.0132321 0.0506572 0.492002
0 0.558013 0.286013 0.0153309 0.0986927 0.459688
0 0.216802 0.295515 0.012298 0.0676964 0.399663
0 0.613485 0.321617 0.0225209 0.111762 0.293335
0 0.548777 0.17933 0.0113093 0.0478165 0.277156
0 0.648319 0.411756 0.018078 0.0621746 0.269611
0 0.462686 0.977263 0.0192966 0.0454747 0.26878
