0 0.641995 0.878822 0.0757223 0.242356 0.864097
0 0.425661 0.768326 0.042808 0.225161 0.833836
0 0.303635 0.795425 0.0583654 0.243775 0.801718
0 0.530962 0.802515 0.0481839 0.253901 0.794101
0 0.24299 0.838228 0.0975686 0.259289 0.790996
0 0.757001 0.843282 0.0762713 0.258835 0.790697
0 0.456814 0.805109 0.0465637 0.191386 0.7846
0 0.610281 0.553728 0.0248948 0.11456 0.769733
0 0.834871 0.876098 0.0577347 0.247805 0.751156
0 0.0111241 0.733622 0.0220712 0.21018 0.624375
0 0.976871 0.568611 0.045261 0.127531 0.384608
35 0.728128 0.917803 0.0162376 0.0322801 0.379481
