0 0.233278 0.649336 0.0209859 0.0949186 0.66273
0 0.292899 0.493786 0.0246236 0.0720584 0.64368
0 0.665993 0.788373 0.0360647 0.106689 0.533616
0 0.390762 0.409421 0.0146198 0.0585448 0.523675
0 0.335951 0.419458 0.0166286 0.0540502 0.519718
0 0.445987 0.457061 0.0212242 0.0964973 0.508828
0 0.411065 0.422653 0.0153343 0.0642029 0.465326
0 0.572279 0.543145 0.0157404 0.063953 0.453774
0 0.781583 0.77915 0.0368916 0.100572 0.432919
0 0.76128 0.587819 0.028021 0.0868383 0.392256
0 0.0652674 0.349213 0.0333527 0.083579 0.337714
0 0.523131 0.406656 0.0215426 0.0504993 0.294208
0 0.426509 0.404191 0.0136564 0.0505188 0.291635
0 0.621976 0.331739 0.0123129 0.04828 0.284662
