0 0.207334 0.472807 0.327519 0.783605 0.856432
0 0.834318 0.493196 0.0850058 0.304219 0.828562
0 0.513654 0.497612 0.0461886 0.198633 0.791915
0 0.337963 0.493632 0.060818 0.272816 0.651624
0 0.47152 0.87776 0.0520215 0.0995962 0.606563
0 0.89134 0.498877 0.0666336 0.197867 0.605605
0 0.970215 0.491468 0.050127 0.122105 0.58323
0 0.124181 0.463073 0.0436383 0.163686 0.524288
32 0.411588 0.483787 0.0552152 0.0939338 0.456834
0 0.721479 0.487213 0.0188551 0.0617613 0.394379
0 0.136971 0.674028 0.130076 0.370141 0.311145
