0 0.248007 0.658433 0.0181897 0.0902485 0.711741
0 0.859469 0.522672 0.0144371 0.0833643 0.698556
0 0.826451 0.408726 0.0161266 0.0666263 0.670786
0 0.415094 0.460728 0.013373 0.0601735 0.670012
0 0.605435 0.400344 0.0172533 0.0601595 0.667338
0 0.611552 0.548849 0.0185059 0.0712442 0.642316
0 0.74511 0.460157 0.0108557 0.0727548 0.610662
0 0.902001 0.706647 0.0293358 0.0935985 0.606425
0 0.653383 0.461687 0.0172469 0.0708047 0.592685
0 0.51615 0.496253 0.0204952 0.0776143 0.587184
0 0.661664 0.389188 0.0165982 0.059874 0.531712
0 0.441883 0.413611 0.0173105 0.0629608 0.50973
0 0.176001 0.519698 0.0158413 0.0606711 0.505865
0 0.639159 0.38938 0.0140757 0.0569619 0.419511
0 0.510089 0.593135 0.0251458 0.0729597 0.39464
0 0.561378 0.417832 0.0149708 0.0715866 0.343337
0 0.927507 0.253713 0.0172569 0.0334223 0.263354
