0 0.622529 0.518675 0.0260124 0.087641 0.757547
0 0.138105 0.421281 0.0167893 0.0870711 0.743229
0 0.0652306 0.525045 0.0302821 0.0909416 0.734855
0 0.258515 0.488028 0.0208949 0.161455 0.705746
0 0.46234 0.612476 0.0196175 0.0990017 0.704761
0 0.500224 0.51829 0.0203831 0.0915819 0.677276
0 0.446258 0.488982 0.0204697 0.0848328 0.594301
0 0.371168 0.447592 0.0243576 0.0649389 0.547892
0 0.47068 0.493945 0.0202263 0.0481291 0.456349
0 0.0109969 0.47692 0.0207612 0.0850006 0.42853
0 0.412829 0.461895 0.0222732 0.0679626 0.387839
32 0.40586 0.562541 0.0101271 0.0175093 0.375624
0 0.575265 0.480415 0.0221204 0.0831601 0.358743
0 0.241175 0.256215 0.0266937 0.0537714 0.283299
0 0.406935 0.402045 0.02299 0.0661279 0.264689
