0 0.799552 0.579622 0.0193164 0.0762288 0.773548
0 0.64856 0.664652 0.0213313 0.0867853 0.768435
0 0.724105 0.560411 0.0241343 0.0763604 0.635457
0 0.326254 0.610615 0.0211005 0.0884605 0.611653
0 0.131566 0.516565 0.0206691 0.0813506 0.565601
0 0.346192 0.553271 0.018036 0.0783897 0.55235
0 0.547416 0.433836 0.0240875 0.0557271 0.54354
32 0.530934 0.538005 0.00942535 0.0136256 0.483298
0 0.715965 0.454757 0.0211437 0.0588665 0.453157
0 0.48888 0.504883 0.0188498 0.0717511 0.447625
0 0.365954 0.252352 0.0249462 0.0359907 0.38457
0 0.424807 0.243947 0.0210575 0.0532185 0.358436
0 0.588839 0.471361 0.0306019 0.103929 0.356713
