0 0.563577 0.721941 0.0224707 0.0841442 0.862544
0 0.919967 0.579657 0.024181 0.0704837 0.711429
0 0.918927 0.426685 0.0163713 0.0593967 0.641859
0 0.445172 0.464591 0.0164242 0.0580326 0.622306
0 0.551831 0.502265 0.0151186 0.0564055 0.620135
0 0.672054 0.485361 0.0143075 0.0622902 0.584637
0 0.428538 0.568209 0.0160705 0.0705221 0.556618
0 0.693803 0.515322 0.0136437 0.0691237 0.54945
0 0.475913 0.421497 0.0135887 0.0545929 0.513403
0 0.693554 0.432102 0.0127711 0.0581458 0.510944
0 0.942988 0.498376 0.0145451 0.0543337 0.487534
