0 0.460159 0.443031 0.0136697 0.0538154 0.763875
0 0.571252 0.744756 0.0190592 0.0895708 0.754984
0 0.440744 0.439606 0.0118847 0.0573271 0.725005
0 0.427534 0.531564 0.0145084 0.0653783 0.672808
0 0.734665 0.498167 0.0149158 0.0590234 0.667903
0 0.874471 0.544428 0.0155474 0.0670829 0.642117
0 0.682514 0.466488 0.0141695 0.0546678 0.596873
0 0.585482 0.524004 0.0146279 0.0561506 0.559834
0 0.942849 0.474947 0.0139574 0.0528339 0.507959
0 0.697359 0.423546 0.0113255 0.0534776 0.467318
0 0.991878 0.846549 0.0156876 0.0920861 0.283282
