0 0.184059 0.537753 0.0221741 0.0846953 0.735274
0 0.438169 0.437639 0.0192028 0.0717472 0.704629
0 0.527359 0.489396 0.0307861 0.0823346 0.685545
0 0.467452 0.58866 0.0192393 0.0827561 0.63985
0 0.113915 0.504264 0.0268247 0.089479 0.628411
0 0.345495 0.390882 0.015977 0.0626271 0.596783
0 0.317811 0.472083 0.020917 0.0765494 0.586202
0 0.141519 0.394886 0.0219707 0.0781365 0.569855
0 0.289364 0.444399 0.0237929 0.0897658 0.559286
0 0.603615 0.43209 0.0231262 0.0618261 0.552617
0 0.531783 0.568238 0.0233141 0.0946621 0.542691
0 0.11401 0.494055 0.01596 0.067559 0.3475
0 0.698536 0.413387 0.020826 0.0580385 0.277069
0 0.330353 0.254377 0.0258991 0.0494963 0.269293
