0 0.939751 0.830478 0.0286867 0.140077 0.836822
0 0.774647 0.762538 0.0251633 0.126023 0.778446
0 0.372538 0.582763 0.0232304 0.095781 0.776052
0 0.760891 0.530695 0.0186562 0.104836 0.771325
0 0.612078 0.480085 0.0174378 0.0928384 0.738122
0 0.478383 0.527106 0.0202433 0.0980165 0.727248
0 0.52156 0.446175 0.0141333 0.0919721 0.67363
0 0.734266 0.366706 0.0156155 0.0885135 0.65946
0 0.0194864 0.782127 0.0266627 0.11354 0.656321
0 0.280789 0.456539 0.0259039 0.0845748 0.633324
0 0.347328 0.430362 0.0177773 0.0649224 0.624031
0 0.32521 0.408969 0.0183917 0.0842285 0.578437
0 0.973432 0.432377 0.0181019 0.0893572 0.556147
0 0.283182 0.386231 0.0185213 0.0770425 0.329533
0 0.408355 0.386207 0.0180921 0.0653564 0.325157
