0 0.270569 0.611259 0.0158619 0.0736053 0.765849
0 0.227622 0.743931 0.0178816 0.0851613 0.723796
0 0.822561 0.434521 0.0123739 0.0570948 0.657811
0 0.468858 0.94888 0.0209831 0.094762 0.653008
0 0.598457 0.443932 0.0128508 0.0557343 0.636286
0 0.321953 0.964697 0.0221975 0.0706068 0.622554
0 0.522341 0.740365 0.0171772 0.0774797 0.605524
0 0.812493 0.614536 0.0158424 0.0712731 0.5695
0 0.430954 0.407493 0.0173723 0.0824595 0.475888
0 0.430414 0.543303 0.012532 0.0961192 0.453677
0 0.707121 0.350637 0.0104912 0.0435632 0.42982
0 0.770712 0.476294 0.0155974 0.0914024 0.412349
0 0.398876 0.457562 0.0122871 0.0479975 0.403371
0 0.501996 0.758683 0.0140065 0.0698137 0.374937
0 0.308449 0.57673 0.0183253 0.0597012 0.325366
0 0.49366 0.331014 0.00991278 0.0322369 0.324481
0 0.766053 0.492665 0.0199009 0.0676892 0.300545
0 0.311195 0.550131 0.0253381 0.11463 0.269531
