0 0.826424 0.94868 0.0439129 0.101753 0.686779
0 0.454583 0.718053 0.0182041 0.0996657 0.649488
0 0.430041 0.608781 0.0151176 0.0937557 0.59135
0 0.21915 0.384985 0.0158141 0.0767825 0.52129
0 0.288307 0.366923 0.0176181 0.0589457 0.51992
0 0.517707 0.966198 0.0246187 0.0676044 0.457181
0 0.0642356 0.394857 0.0162123 0.0729853 0.436668
0 0.627437 0.720191 0.0382408 0.0768782 0.41771
0 0.011798 0.394071 0.0162471 0.07158 0.408348
0 0.232024 0.250044 0.0112265 0.0515308 0.403003
0 0.449383 0.412201 0.0137806 0.0473016 0.359799
0 0.441296 0.289069 0.0186232 0.0997055 0.347122
0 0.444828 0.314292 0.0161621 0.0509614 0.291778
0 0.114187 0.312942 0.01419 0.068556 0.289941
0 0.631767 0.457962 0.0186483 0.0660424 0.275552
32 0.806757 0.747206 0.0103779 0.0193125 0.264918
0 0.376004 0.958134 0.0165048 0.0830868 0.260729
