0 0.128392 0.615299 0.0199801 0.0842222 0.710088
0 0.0214346 0.62847 0.0170203 0.0927077 0.686601
0 0.655505 0.310176 0.0130425 0.0629643 0.614944
0 0.347739 0.307908 0.0121845 0.0564843 0.606245
0 0.434849 0.705808 0.0179517 0.0909855 0.588517
0 0.409276 0.318923 0.0145452 0.0583495 0.579962
0 0.363348 0.439519 0.0157618 0.0661332 0.573879
0 0.130836 0.382144 0.013282 0.0668627 0.5628
0 0.182631 0.371599 0.012914 0.0640608 0.539312
0 0.272702 0.451968 0.0141312 0.0672043 0.515006
0 0.62003 0.490871 0.0125397 0.0716838 0.462461
0 0.67225 0.356913 0.0154407 0.0580156 0.434131
0 0.60895 0.703742 0.0278093 0.0872835 0.426317
0 0.256957 0.548089 0.0158016 0.0765589 0.41254
0 0.632587 0.489272 0.0199328 0.0804279 0.379446
0 0.229363 0.558618 0.0195729 0.0737712 0.376706
0 0.451169 0.567992 0.0163351 0.0855538 0.33673
