0 0.716097 0.564457 0.0218208 0.0785945 0.673039
0 0.635605 0.66537 0.0184729 0.0873852 0.672486
0 0.476524 0.506205 0.0182337 0.0753833 0.608123
0 0.302539 0.595483 0.0256591 0.0823243 0.576937
0 0.768783 0.58387 0.0219574 0.0658195 0.570389
0 0.332157 0.549603 0.018003 0.078184 0.55727
0 0.596095 0.493928 0.0272245 0.0619685 0.54833
0 0.434161 0.239768 0.019556 0.0473398 0.536345
0 0.121559 0.507477 0.0134876 0.0824773 0.533619
0 0.721408 0.445309 0.0177065 0.0586296 0.472235
0 0.556034 0.445411 0.0198294 0.0626663 0.406311
0 0.537097 0.43843 0.0176708 0.0640755 0.362224
0 0.481188 0.250277 0.0159671 0.044848 0.262384
