0 0.196165 0.763118 0.0294316 0.151083 0.885575
0 0.380043 0.887814 0.0351235 0.1672 0.854401
0 0.275688 0.523806 0.0223796 0.100979 0.773557
0 0.953003 0.853916 0.0426434 0.166924 0.771554
0 0.94412 0.466224 0.0260084 0.12562 0.715621
0 0.465063 0.547916 0.0227083 0.123718 0.711041
0 0.509275 0.698116 0.0224236 0.136377 0.695103
0 0.128451 0.583545 0.0257482 0.122927 0.674971
0 0.575318 0.509924 0.018162 0.126823 0.660299
0 0.546674 0.422634 0.020522 0.120202 0.645361
0 0.608255 0.364511 0.0221664 0.102282 0.507632
0 0.417905 0.526228 0.0426353 0.110227 0.433489
0 0.443103 0.484541 0.0154789 0.103658 0.306396
0 0.463446 0.405444 0.021419 0.103885 0.295278
