0 0.0206944 0.398309 0.0220262 0.0866803 0.754533
0 0.393781 0.524828 0.0163587 0.0853031 0.708428
0 0.520457 0.423005 0.0195078 0.0771312 0.68576
0 0.749246 0.533189 0.0228089 0.0725074 0.665831
0 0.176224 0.393803 0.0156948 0.0867266 0.654055
0 0.726658 0.345493 0.0136782 0.073624 0.638921
0 0.368343 0.348866 0.0149158 0.0713359 0.594807
0 0.75744 0.357194 0.0166122 0.0776126 0.580794
0 0.464899 0.335724 0.0148844 0.0674907 0.551935
0 0.721173 0.467254 0.0324763 0.124826 0.538946
0 0.677687 0.243252 0.0133842 0.059751 0.530232
0 0.622189 0.328473 0.0143713 0.0640463 0.5173
0 0.421247 0.227448 0.0148967 0.0677431 0.513933
0 0.341761 0.325708 0.0156254 0.0721615 0.507206
0 0.64593 0.974647 0.0353985 0.0507056 0.489286
0 0.372425 0.24145 0.0119685 0.0575263 0.473024
0 0.572399 0.276878 0.0138891 0.0611128 0.447579
0 0.627823 0.253858 0.0152177 0.0607621 0.419325
