0 0.876874 0.742921 0.021089 0.123725 0.830017
0 0.0939861 0.726081 0.0289454 0.113732 0.816186
0 0.637239 0.545768 0.0302116 0.0921599 0.736507
0 0.545321 0.606172 0.0250387 0.0775109 0.724461
0 0.446434 0.785612 0.0278526 0.111735 0.7114
0 0.283755 0.778453 0.0218917 0.114366 0.699133
0 0.704743 0.699249 0.0216902 0.101794 0.698368
0 0.822312 0.484689 0.0144447 0.0765466 0.685149
0 0.430652 0.530828 0.0176265 0.0914932 0.658901
0 0.431829 0.428349 0.0251944 0.0908876 0.650926
0 0.962545 0.502484 0.0162079 0.0928177 0.635204
0 0.555146 0.505144 0.0215788 0.0732174 0.590233
0 0.30593 0.642812 0.0195237 0.0984116 0.55271
0 0.477771 0.502026 0.0212836 0.0801284 0.498899
0 0.659568 0.408078 0.0276821 0.0541753 0.475238
0 0.633329 0.391187 0.016258 0.0685662 0.407875
