0 0.591067 0.778109 0.0265118 0.111783 0.816722
0 0.756103 0.50491 0.0234535 0.093436 0.748861
0 0.576439 0.513526 0.0173885 0.0818336 0.740899
0 0.170132 0.43291 0.0162623 0.0834256 0.720714
0 0.609054 0.407496 0.0191761 0.104914 0.665865
0 0.414666 0.381541 0.0180987 0.0577389 0.609516
0 0.288697 0.34245 0.0170504 0.0626624 0.571141
0 0.498483 0.379423 0.0158977 0.0389664 0.559998
0 0.440617 0.416037 0.0249653 0.0612372 0.532936
0 0.0854667 0.626475 0.0272262 0.0911565 0.426729
0 0.366462 0.369456 0.0181006 0.0676715 0.416696
0 0.203058 0.302756 0.0128123 0.0543084 0.340939
0 0.441346 0.362327 0.0142995 0.0876459 0.252978
