0 0.32091 0.861525 0.0723161 0.241314 0.868634
0 0.256047 0.863481 0.0590094 0.273038 0.853761
0 0.152846 0.68532 0.0425921 0.169736 0.847812
0 0.828532 0.942768 0.0684233 0.114464 0.835824
0 0.716375 0.763032 0.0623507 0.206672 0.835239
0 0.437397 0.72436 0.0374676 0.194331 0.833751
0 0.531752 0.744734 0.0434046 0.215214 0.832867
0 0.632578 0.583796 0.0289556 0.118076 0.760114
0 0.979651 0.7319 0.0400509 0.207214 0.667062
0 0.0191166 0.934526 0.0380393 0.123404 0.665423
0 0.902884 0.558464 0.0258427 0.109901 0.480232
32 0.578601 0.555618 0.00983887 0.0183991 0.458088
0 0.881836 0.542818 0.035499 0.112958 0.368006
