0 0.523512 0.53242 0.0163643 0.083065 0.797587
0 0.605163 0.46917 0.0215091 0.0858092 0.737329
0 0.177871 0.533813 0.0178689 0.0990287 0.731668
0 0.583567 0.628019 0.0212667 0.0908757 0.690013
0 0.255121 0.433391 0.0203993 0.0757134 0.677683
0 0.516884 0.401748 0.0179453 0.0821178 0.676552
0 0.540571 0.437174 0.0277548 0.0815426 0.614967
0 0.105296 0.418659 0.0133445 0.0826519 0.563077
0 0.201157 0.307216 0.0262671 0.0642296 0.518091
0 0.378723 0.334923 0.0173096 0.0425948 0.429266
0 0.49631 0.195942 0.0207172 0.0464449 0.386544
0 0.98897 0.419557 0.0212584 0.0638197 0.367079
0 0.281371 0.361844 0.0173941 0.073018 0.32305
0 0.791407 0.386394 0.0179693 0.0706125 0.321095
0 0.34281 0.347845 0.0139515 0.0492471 0.278938
