0 0.863092 0.933386 0.0519794 0.133019 0.882844
0 0.652517 0.583313 0.0305538 0.123579 0.852051
0 0.388056 0.882873 0.0547463 0.234254 0.838582
0 0.518964 0.71976 0.0413023 0.205486 0.836216
0 0.121199 0.938818 0.0935253 0.122185 0.828561
0 0.69712 0.750681 0.0577286 0.193738 0.819687
0 0.427739 0.718598 0.0365404 0.190996 0.819245
0 0.261172 0.923927 0.0563971 0.152145 0.803113
0 0.172731 0.68566 0.0464438 0.162016 0.763602
0 0.872926 0.547572 0.02784 0.107643 0.713299
0 0.97023 0.715877 0.0586874 0.16259 0.561044
0 0.849743 0.528712 0.0266191 0.10368 0.540209
