0 0.319051 0.52047 0.0183305 0.0553706 0.707905
0 0.237167 0.737258 0.0188745 0.0850803 0.649776
0 0.45741 0.460052 0.0195927 0.0722198 0.614428
0 0.380352 0.416233 0.0159043 0.0487295 0.585825
0 0.587394 0.722454 0.0154934 0.0827467 0.576881
0 0.218424 0.516027 0.0261177 0.066482 0.523295
0 0.203485 0.441644 0.0209713 0.0465686 0.462863
0 0.546474 0.407594 0.0161224 0.0556023 0.452209
0 0.823268 0.511371 0.0211407 0.0627971 0.447419
0 0.560198 0.709038 0.0119157 0.0686374 0.44598
0 0.923852 0.448002 0.018951 0.0562547 0.37933
0 0.638554 0.415618 0.0181273 0.0788191 0.373567
0 0.261288 0.445808 0.0137607 0.0462643 0.251387
