0 0.573894 0.735459 0.0182371 0.0872042 0.760546
0 0.429944 0.534362 0.0180578 0.070871 0.760496
0 0.731832 0.491968 0.0157372 0.0671169 0.680369
0 0.43618 0.435214 0.0306693 0.0617911 0.629965
0 0.9058 0.548464 0.0216564 0.0686004 0.581429
0 0.575231 0.510408 0.0160261 0.0561757 0.567666
0 0.961786 0.475953 0.01315 0.0577053 0.552401
0 0.688892 0.467906 0.0174083 0.0614483 0.521634
0 0.908235 0.396913 0.0143314 0.0545358 0.50211
0 0.702779 0.415379 0.012069 0.056839 0.46692
0 0.466867 0.426134 0.0115232 0.0541428 0.379335
