0 0.763376 0.530199 0.0215014 0.105153 0.798331
0 0.94094 0.833829 0.0277174 0.137387 0.793392
0 0.774849 0.765716 0.0246096 0.127811 0.762353
0 0.0168498 0.786239 0.0184329 0.116681 0.703387
0 0.738012 0.363926 0.0169754 0.0831676 0.701513
0 0.474523 0.525662 0.0198479 0.102228 0.692142
0 0.608414 0.483458 0.0193892 0.0996485 0.65837
0 0.969465 0.426493 0.0192104 0.0938847 0.645419
0 0.521313 0.443286 0.0161212 0.0928177 0.629527
0 0.271388 0.455797 0.0268283 0.0838882 0.629315
0 0.282476 0.403982 0.0208259 0.0845603 0.557079
0 0.37826 0.581007 0.0219551 0.101214 0.548466
0 0.34446 0.427545 0.0226569 0.0585705 0.526808
0 0.322188 0.407289 0.0176468 0.0753305 0.484577
0 0.414979 0.380214 0.0264664 0.0780882 0.412355
