0 0.851909 0.415017 0.0225502 0.109004 0.867769
0 0.948953 0.750531 0.0289787 0.157898 0.856836
0 0.206862 0.715551 0.0282857 0.141265 0.838556
0 0.8381 0.742688 0.0318909 0.140537 0.823066
0 0.197258 0.531741 0.0337149 0.10651 0.788167
0 0.348677 0.820584 0.0276234 0.153028 0.779983
0 0.445512 0.624685 0.0288441 0.119909 0.752575
0 0.491906 0.494587 0.0210241 0.109205 0.744334
0 0.694968 0.928205 0.0297987 0.14359 0.718677
0 0.499411 0.37183 0.0171694 0.0884911 0.678396
0 0.437117 0.486724 0.018049 0.0848818 0.595208
0 0.555664 0.462525 0.019716 0.11577 0.546242
0 0.581107 0.333148 0.0194916 0.0784569 0.475009
0 0.44394 0.418088 0.0222083 0.098158 0.448002
