0 0.826622 0.933921 0.0733562 0.132158 0.849696
0 0.161599 0.689159 0.0416296 0.161683 0.838451
0 0.701791 0.756288 0.0605227 0.196134 0.832483
0 0.520991 0.73525 0.0427853 0.213668 0.819345
0 0.427681 0.72514 0.0369722 0.196064 0.812521
0 0.288713 0.874305 0.0693381 0.247526 0.78104
0 0.64542 0.584851 0.027072 0.126334 0.775118
0 0.877971 0.553784 0.0199169 0.108198 0.714577
0 0.970353 0.689912 0.0554268 0.16821 0.713918
0 0.032921 0.925725 0.0656007 0.14821 0.623684
0 0.857911 0.538528 0.0278873 0.116101 0.551554
32 0.567508 0.554706 0.00975151 0.0184518 0.375645
