0 0.826594 0.647582 0.0268566 0.130657 0.817003
0 0.326832 0.798287 0.0293411 0.128355 0.786152
0 0.642758 0.85965 0.0415116 0.142009 0.783518
0 0.260081 0.591521 0.0219745 0.113383 0.776563
0 0.485229 0.628632 0.0306417 0.11472 0.732201
0 0.582192 0.768611 0.0344202 0.120809 0.713431
0 0.401001 0.64584 0.0288268 0.117455 0.697911
0 0.229469 0.786892 0.0267952 0.14367 0.596663
0 0.553128 0.683327 0.020275 0.0875857 0.495558
0 0.557342 0.739914 0.0292589 0.0648129 0.365303
0 0.233049 0.72282 0.0209729 0.0756181 0.330714
