0 0.0519896 0.57061 0.0201399 0.0855969 0.694726
0 0.460396 0.533001 0.0177559 0.0792245 0.68639
0 0.656547 0.468013 0.0154934 0.0872247 0.661375
0 0.510284 0.699359 0.0188385 0.0965481 0.650906
0 0.308776 0.439734 0.0139602 0.075205 0.629083
0 0.0979121 0.48721 0.0198267 0.0747906 0.603888
0 0.391048 0.714649 0.0239844 0.0979219 0.5903
0 0.633326 0.469671 0.0132822 0.0776009 0.585157
0 0.391345 0.296705 0.0113133 0.0575914 0.582333
0 0.680635 0.314417 0.0169924 0.122022 0.535529
0 0.308578 0.549888 0.0208409 0.0515631 0.494513
0 0.266007 0.467499 0.0227103 0.0793587 0.493124
0 0.456206 0.324456 0.0148964 0.0595561 0.458734
0 0.241734 0.444265 0.0173254 0.0716534 0.334144
0 0.382035 0.973236 0.0249371 0.0535286 0.28606
0 0.287062 0.983429 0.022244 0.0331414 0.277818
0 0.174849 0.392534 0.0244148 0.0592194 0.262844
