0 0.908419 0.411365 0.0293243 0.106619 0.746059
0 0.907336 0.698782 0.0318028 0.130873 0.740858
0 0.95265 0.611949 0.0244221 0.1263 0.719071
0 0.616915 0.510886 0.0217686 0.102788 0.701388
0 0.513504 0.517692 0.0306782 0.112351 0.682819
0 0.397502 0.528034 0.0309866 0.107 0.649237
0 0.717196 0.489394 0.0184903 0.110482 0.626963
0 0.401278 0.954884 0.0190794 0.0902318 0.615177
0 0.656205 0.574375 0.0255808 0.118958 0.593574
0 0.814871 0.494429 0.0248695 0.132374 0.580154
0 0.364008 0.613959 0.0196879 0.124714 0.574822
0 0.682161 0.422423 0.0243985 0.0885044 0.396313
0 0.34034 0.526734 0.0291612 0.12759 0.354511
32 0.769542 0.626142 0.011693 0.0134421 0.330474
0 0.951615 0.533578 0.0232758 0.0897829 0.313837
