0 0.442156 0.522669 0.0217733 0.055629 0.742425
0 0.749674 0.756839 0.0181952 0.089672 0.73536
0 0.383698 0.737098 0.0176557 0.0813633 0.706998
0 0.293374 0.512868 0.0159404 0.0510675 0.601288
0 0.572421 0.472865 0.0142756 0.0482205 0.561921
0 0.718949 0.748288 0.0261537 0.0906684 0.551982
0 0.499895 0.438243 0.0155053 0.0550753 0.542127
0 0.916796 0.487058 0.0144287 0.0580839 0.491373
0 0.311179 0.437254 0.0196096 0.0493218 0.47706
0 0.614339 0.496761 0.0179642 0.0550297 0.42055
0 0.522882 0.397291 0.0110129 0.044695 0.412141
0 0.696512 0.430969 0.00953026 0.040424 0.405555
0 0.83333 0.414318 0.0138565 0.0493748 0.381735
0 0.818343 0.481641 0.0136627 0.0487078 0.368556
0 0.747952 0.466641 0.0125252 0.0576284 0.327246
0 0.335096 0.440967 0.0162629 0.0373197 0.290185
