0 0.653075 0.583103 0.0319208 0.124422 0.860025
0 0.92447 0.931929 0.0784676 0.136142 0.827883
0 0.6978 0.752187 0.05884 0.195688 0.820098
0 0.427221 0.712561 0.0373344 0.175942 0.813997
0 0.450185 0.889508 0.0625912 0.220984 0.803732
0 0.521699 0.72336 0.0417409 0.200115 0.791046
0 0.258407 0.955083 0.0524694 0.0898343 0.787661
0 0.165363 0.681978 0.033924 0.163497 0.787431
0 0.877581 0.552676 0.021542 0.103281 0.777395
0 0.165958 0.952266 0.072431 0.0954671 0.753884
0 0.89725 0.544913 0.0244499 0.0994381 0.752371
0 0.849309 0.52741 0.0232376 0.0981998 0.700601
0 0.970781 0.711848 0.0574551 0.155997 0.459771
0 0.988619 0.606906 0.0218702 0.0871119 0.26982
