0 0.189362 0.381714 0.0153528 0.0723058 0.784664
0 0.34391 0.338021 0.0123942 0.0695475 0.719013
0 0.583678 0.79691 0.0262596 0.0917887 0.71825
0 0.112336 0.383434 0.0179328 0.0743596 0.712585
0 0.480391 0.545538 0.0193897 0.0790171 0.647575
0 0.505488 0.364388 0.0140283 0.0578442 0.630742
0 0.68492 0.367944 0.0145004 0.0614927 0.573343
0 0.726268 0.47316 0.0171406 0.0558577 0.564949
0 0.566635 0.295722 0.0148114 0.055193 0.544254
0 0.659292 0.270517 0.0132915 0.0523722 0.537488
0 0.361347 0.24753 0.0121705 0.0568157 0.507062
0 0.383418 0.352566 0.0136476 0.0603229 0.494712
0 0.769727 0.600906 0.0202614 0.0771155 0.475903
0 0.408269 0.237937 0.0123856 0.0614539 0.449124
0 0.716006 0.36087 0.0150585 0.0725939 0.433834
0 0.567127 0.187087 0.0115713 0.0482585 0.42232
0 0.242912 0.289518 0.014169 0.0507532 0.40994
0 0.593047 0.263687 0.0126595 0.0572206 0.375414
0 0.74778 0.517681 0.0233112 0.0623283 0.368506
0 0.617954 0.334562 0.0132521 0.0615285 0.275446
0 0.544098 0.159936 0.0208321 0.0323758 0.262799
32 0.569895 0.666406 0.0108812 0.0213574 0.259557
