0 0.187887 0.466172 0.325388 0.778731 0.911176
0 0.88869 0.50589 0.109956 0.287576 0.871922
0 0.565327 0.502091 0.0401284 0.193361 0.851225
32 0.334802 0.537738 0.0557597 0.0996053 0.768272
0 0.954044 0.506433 0.0725567 0.191957 0.747549
0 0.471575 0.877988 0.052245 0.100643 0.689829
0 0.361622 0.494025 0.0896366 0.294512 0.671607
32 0.781397 0.474871 0.0177654 0.0286616 0.569013
0 0.0239313 0.461826 0.0478626 0.0989986 0.430151
0 0.244999 0.778479 0.161287 0.165417 0.300567
0 0.487109 0.488797 0.0346087 0.0908966 0.288224
0 0.201079 0.720937 0.250828 0.275446 0.271428
