0 0.954456 0.808274 0.0249838 0.128467 0.860703
0 0.775435 0.537306 0.0182683 0.0952865 0.791474
0 0.651115 0.485594 0.0182498 0.0828178 0.757346
0 0.792628 0.752042 0.0260025 0.115945 0.748972
0 0.470372 0.382184 0.0218296 0.0891328 0.743221
0 0.0885228 0.736605 0.0320187 0.103188 0.739834
0 0.346677 0.475573 0.0175158 0.0820558 0.716194
0 0.37729 0.588005 0.0219543 0.0877207 0.667692
0 0.544854 0.460469 0.014735 0.083002 0.654236
0 0.515316 0.544018 0.0212762 0.0855906 0.653345
0 0.738285 0.394973 0.0146477 0.0757267 0.593092
0 0.302691 0.446077 0.0177111 0.073391 0.501121
0 0.406049 0.398445 0.0142959 0.0611855 0.49165
0 0.379719 0.429453 0.021094 0.0879098 0.462702
0 0.374133 0.460108 0.0155115 0.0589525 0.346438
9 0.110826 0.104493 0.0282552 0.101104 0.334008
0 0.339748 0.391471 0.0173479 0.0615494 0.31242
