0 0.423913 0.442214 0.0166815 0.0898529 0.836869
0 0.177263 0.447026 0.0200328 0.0780916 0.800992
0 0.478649 0.486211 0.0178259 0.0960658 0.764904
0 0.486858 0.635997 0.0246181 0.0903047 0.748228
0 0.335711 0.43517 0.0173395 0.0896688 0.71848
0 0.254764 0.493448 0.0152391 0.0995594 0.69134
0 0.149023 0.393899 0.0172699 0.0885156 0.617748
0 0.558255 0.500469 0.0261721 0.0849835 0.571695
0 0.720334 0.527031 0.0148599 0.0802817 0.564263
0 0.62762 0.530743 0.0207781 0.0729133 0.54693
32 0.366911 0.538848 0.00941896 0.0148616 0.497004
0 0.0950091 0.501905 0.0186777 0.0938889 0.490658
0 0.261707 0.242406 0.0189732 0.051877 0.392226
32 0.717353 0.390353 0.0171738 0.0302344 0.364335
0 0.0675102 0.448393 0.0235863 0.0864607 0.333092
