0 0.199388 0.747302 0.0178948 0.0897154 0.702737
0 0.822539 0.413339 0.0117767 0.0588355 0.646862
0 0.280242 0.579993 0.0132347 0.065997 0.608797
0 0.797238 0.581883 0.0152223 0.0698434 0.579027
0 0.755981 0.476512 0.0147182 0.0589799 0.574001
0 0.538885 0.72291 0.0172686 0.0847626 0.562281
0 0.433355 0.530983 0.0122755 0.0583529 0.476696
0 0.334163 0.533704 0.0145452 0.0619536 0.475177
0 0.486654 0.738323 0.0161502 0.0737215 0.46576
0 0.315468 0.979557 0.0257246 0.0408864 0.443823
0 0.572387 0.409557 0.0122047 0.0770771 0.384372
0 0.336019 0.510108 0.0234827 0.109169 0.338542
0 0.45075 0.965944 0.0188408 0.068112 0.299633
0 0.457739 0.374826 0.0131489 0.0418944 0.273942
0 0.488975 0.357607 0.0169313 0.0368846 0.250079
