0 0.841278 0.466676 0.0163467 0.0795255 0.740745
0 0.204335 0.596555 0.0158136 0.0799246 0.735521
0 0.183159 0.592071 0.0206935 0.0797533 0.718525
0 0.321323 0.640315 0.0211316 0.0844081 0.713853
0 0.473015 0.470966 0.0159315 0.0661218 0.690783
0 0.756474 0.402445 0.0291218 0.113763 0.676482
0 0.942169 0.661977 0.0209923 0.0938816 0.635911
0 0.591588 0.440785 0.0140016 0.0639031 0.629602
0 0.653283 0.561145 0.01644 0.0728232 0.583924
0 0.709766 0.450764 0.0144545 0.0674928 0.581082
0 0.857297 0.378997 0.0122162 0.065893 0.565648
0 0.675505 0.591932 0.0212307 0.0798079 0.545704
0 0.670477 0.416344 0.0177145 0.0788563 0.365499
0 0.679283 0.407158 0.0134118 0.0768108 0.286163
0 0.0589967 0.885486 0.0260196 0.08062 0.272346
0 0.646155 0.527574 0.0298105 0.132268 0.258842
