0 0.334114 0.88285 0.0695313 0.232879 0.855071
0 0.652454 0.583311 0.0300966 0.124946 0.852287
0 0.697286 0.753303 0.0564775 0.193327 0.830144
0 0.827006 0.925807 0.0493053 0.148386 0.815251
0 0.439292 0.720945 0.0631745 0.190918 0.796895
0 0.167688 0.686841 0.0404192 0.163086 0.775123
0 0.26971 0.907228 0.0455768 0.185544 0.772383
0 0.0754823 0.92846 0.100946 0.14308 0.759628
0 0.508684 0.717296 0.0537886 0.200441 0.704687
0 0.863339 0.547405 0.0238756 0.110749 0.562811
0 0.973418 0.712208 0.0526358 0.173196 0.309725
0 0.845223 0.529212 0.0205112 0.0937119 0.3055
