0 0.147812 0.897005 0.110731 0.197321 0.879094
0 0.335567 0.879825 0.0705214 0.24035 0.824226
0 0.437237 0.877863 0.0645781 0.244175 0.821592
0 0.502879 0.845386 0.0694078 0.256781 0.802074
0 0.427009 0.684126 0.045764 0.190772 0.747679
0 0.244462 0.694105 0.0395427 0.198015 0.726286
0 0.533612 0.684799 0.0446977 0.202577 0.651168
0 0.888938 0.638797 0.0415752 0.146094 0.648307
0 0.495944 0.607491 0.0286999 0.134936 0.563507
0 0.712242 0.977711 0.028054 0.0445786 0.369745
34 0.242106 0.601482 0.0166384 0.0589493 0.284431
