0 0.199445 0.747266 0.018032 0.0891459 0.696969
0 0.822754 0.412628 0.0119164 0.0571435 0.635464
0 0.797167 0.581759 0.015106 0.0693928 0.618243
0 0.539148 0.722835 0.0168729 0.0852983 0.609173
0 0.280513 0.579189 0.0135623 0.0644389 0.595053
0 0.756008 0.47609 0.0143854 0.059532 0.594595
0 0.334093 0.531259 0.0138162 0.0581409 0.504195
0 0.486672 0.736523 0.015869 0.0749739 0.453414
0 0.433703 0.52941 0.0126226 0.0535657 0.443011
0 0.31576 0.979799 0.0255322 0.040403 0.402531
0 0.572553 0.408687 0.0121012 0.0748859 0.319358
0 0.549894 0.412398 0.0144482 0.0441626 0.290463
0 0.45057 0.966477 0.0184888 0.0670459 0.278895
0 0.335004 0.505576 0.0188354 0.101711 0.256691
