0 0.467353 0.546027 0.204511 0.849702 0.904716
0 0.655957 0.607525 0.140336 0.492182 0.82185
0 0.737827 0.72838 0.106591 0.367026 0.786304
0 0.553713 0.691322 0.153531 0.606853 0.781979
0 0.866196 0.737033 0.0740883 0.260773 0.627487
0 0.920727 0.745229 0.0578125 0.200387 0.548579
32 0.0937362 0.510789 0.0107657 0.0150261 0.49511
0 0.96702 0.717003 0.0607391 0.301513 0.485867
0 0.353656 0.418813 0.117483 0.359081 0.468479
0 0.804713 0.630491 0.0835852 0.377418 0.34573
32 0.489926 0.601413 0.0332943 0.0678674 0.290002
