0 0.338404 0.605562 0.0231982 0.0992494 0.874911
0 0.370173 0.411303 0.0175977 0.0884376 0.739305
0 0.195498 0.495087 0.0170604 0.0893121 0.675126
0 0.605537 0.364846 0.0156911 0.0781494 0.658898
0 0.647194 0.419746 0.0136541 0.0791732 0.653281
0 0.752968 0.489904 0.0184488 0.07442 0.608522
0 0.709812 0.331682 0.0133476 0.0653648 0.574724
0 0.782489 0.451306 0.0202604 0.0788729 0.564443
0 0.524603 0.497671 0.0138892 0.0838072 0.561104
0 0.736104 0.597248 0.0274637 0.0942035 0.553572
0 0.414187 0.424759 0.0153271 0.0743379 0.528582
0 0.723282 0.592891 0.0231816 0.094605 0.497808
0 0.575411 0.268555 0.0152885 0.0587876 0.489822
0 0.22374 0.387814 0.0239839 0.0579725 0.488086
0 0.67272 0.349109 0.0121895 0.0732213 0.487542
0 0.122923 0.251432 0.0175208 0.0602398 0.484399
0 0.46176 0.399639 0.016638 0.0613851 0.4674
0 0.409415 0.330968 0.0118304 0.0611696 0.373316
