0 0.635589 0.476523 0.0145769 0.0820515 0.737095
0 0.0386808 0.685821 0.0345302 0.0842787 0.683068
0 0.445069 0.585637 0.0188093 0.0764663 0.655336
0 0.293493 0.419736 0.0152744 0.064485 0.653416
0 0.471752 0.681978 0.0204242 0.083973 0.641726
0 0.381892 0.404997 0.0148287 0.0639164 0.608367
0 0.645121 0.31142 0.013718 0.0630625 0.599353
0 0.686637 0.355166 0.0160618 0.0592968 0.58052
0 0.142558 0.368456 0.0141634 0.0626994 0.578797
0 0.346171 0.296441 0.0132236 0.0545135 0.569508
0 0.171011 0.351909 0.013051 0.0628392 0.541049
0 0.612211 0.483426 0.0145796 0.075897 0.465733
0 0.260218 0.59085 0.021353 0.0747816 0.457833
0 0.347627 0.975875 0.0247282 0.048249 0.37586
0 0.61182 0.682976 0.0178787 0.0881971 0.328739
0 0.262294 0.507187 0.0364524 0.0703735 0.294006
0 0.41431 0.307531 0.0129581 0.0523216 0.2885
9 0.110267 0.105539 0.0271245 0.100861 0.264631
0 0.262899 0.984312 0.0253201 0.0313751 0.257333
