0 0.902083 0.805692 0.0298101 0.142564 0.813293
0 0.928406 0.535991 0.0262367 0.122399 0.809602
0 0.889752 0.339964 0.0205488 0.0985597 0.771147
0 0.108555 0.843723 0.0416174 0.147772 0.756177
0 0.494916 0.495939 0.0206278 0.104656 0.752865
0 0.657901 0.435255 0.0321941 0.102666 0.745841
0 0.140889 0.514299 0.0264276 0.101404 0.736714
0 0.570764 0.594745 0.0268776 0.123343 0.711616
0 0.530702 0.377678 0.021866 0.109196 0.665998
0 0.69619 0.497217 0.0199396 0.111079 0.635416
0 0.987829 0.423098 0.0219461 0.0886303 0.609188
0 0.483967 0.378047 0.0183846 0.0871641 0.596535
0 0.258393 0.427593 0.0287379 0.0872161 0.483275
0 0.408103 0.414549 0.0202117 0.0837814 0.427411
0 0.367585 0.39963 0.0173769 0.0395342 0.35936
0 0.782618 0.166508 0.020925 0.0661107 0.3362
