0 0.430395 0.569918 0.0186749 0.0819789 0.710751
0 0.493541 0.671731 0.0209299 0.0787877 0.675412
0 0.618662 0.477091 0.0131668 0.0687083 0.636819
0 0.236348 0.469659 0.0168011 0.0668654 0.636755
0 0.642082 0.462739 0.0132753 0.073833 0.630896
0 0.693108 0.355243 0.0137213 0.0618888 0.57006
0 0.184613 0.332112 0.0145669 0.0542397 0.569877
0 0.2857 0.614839 0.0222531 0.0783076 0.531732
0 0.292149 0.966886 0.0273885 0.0662282 0.509061
0 0.607567 0.679768 0.0155584 0.0905397 0.492833
0 0.168468 0.360067 0.0128711 0.0628352 0.492292
0 0.367016 0.961562 0.0211591 0.076877 0.479525
0 0.278941 0.48813 0.0217262 0.0592613 0.479207
0 0.31195 0.397844 0.0138042 0.0531081 0.369298
0 0.389298 0.389475 0.0137521 0.0609927 0.336138
0 0.650556 0.305894 0.0137669 0.0537847 0.278861
0 0.436384 0.301399 0.0127245 0.0456147 0.275524
0 0.365174 0.2835 0.0118475 0.054068 0.266594
