0 0.853274 0.500265 0.09319 0.295334 0.898734
0 0.175897 0.463187 0.312526 0.788282 0.889319
32 0.364799 0.507567 0.0529346 0.0963064 0.885255
0 0.53142 0.500393 0.0416307 0.198293 0.819878
0 0.914773 0.505332 0.0694584 0.193184 0.771227
0 0.327818 0.466741 0.0605766 0.224211 0.750584
0 0.97986 0.501738 0.0394386 0.101567 0.722895
0 0.471539 0.878387 0.0519218 0.0998871 0.679931
0 0.121216 0.679358 0.0904737 0.314849 0.577113
0 0.363173 0.553418 0.0562317 0.190321 0.398529
0 0.164683 0.758014 0.184581 0.204922 0.379702
0 0.13209 0.462969 0.0490041 0.170187 0.357409
0 0.742025 0.490444 0.0201372 0.0589968 0.312857
0 0.446734 0.490325 0.0227948 0.0855918 0.260218
