0 0.210135 0.721175 0.0283733 0.139217 0.844766
0 0.344439 0.814793 0.0289885 0.148258 0.843088
0 0.938549 0.751306 0.0301132 0.158012 0.839938
0 0.507328 0.508648 0.0213461 0.102946 0.824329
0 0.822997 0.733424 0.0300404 0.132383 0.818747
0 0.564134 0.473624 0.0279161 0.0952054 0.751959
0 0.233876 0.531828 0.0252746 0.104199 0.741173
0 0.67352 0.918434 0.0354542 0.147041 0.723535
0 0.846174 0.421181 0.0183563 0.101565 0.687697
0 0.500249 0.375228 0.0165279 0.0825692 0.656378
0 0.441541 0.627512 0.0226495 0.114565 0.642166
0 0.44605 0.465513 0.0242806 0.12639 0.535428
0 0.592132 0.337027 0.0257573 0.0609447 0.352595
