0 0.639862 0.855707 0.0377073 0.1398 0.813461
0 0.261766 0.591328 0.0215376 0.113565 0.807265
0 0.327752 0.795817 0.0307803 0.132978 0.75097
0 0.82265 0.651036 0.0270584 0.125686 0.73344
0 0.403662 0.63949 0.0277816 0.112637 0.719605
0 0.582529 0.766851 0.031547 0.120119 0.704142
0 0.48761 0.627707 0.0209576 0.116627 0.700072
0 0.231946 0.755653 0.0252626 0.146422 0.490608
0 0.558326 0.677386 0.0209616 0.0878228 0.438528
32 0.485063 0.759655 0.0123024 0.0151872 0.309436
0 0.562684 0.737946 0.0198833 0.0623995 0.26413
