0 0.112281 0.634336 0.0235701 0.0898894 0.765255
0 0.185349 0.488028 0.017674 0.0735577 0.735413
0 0.337642 0.44115 0.0185528 0.102931 0.684955
0 0.547955 0.744807 0.0208122 0.0969269 0.63612
0 0.636839 0.552607 0.0259771 0.0834244 0.621303
0 0.657842 0.729138 0.0199398 0.0943346 0.575628
0 0.840868 0.498423 0.0230215 0.0819269 0.529389
0 0.235764 0.409076 0.0174513 0.0545534 0.528126
0 0.459425 0.517153 0.0153875 0.0693442 0.521906
0 0.529196 0.427373 0.0157631 0.0696277 0.476594
0 0.645763 0.355316 0.0173637 0.0609002 0.475619
0 0.416016 0.395117 0.0187519 0.0518262 0.444132
0 0.294382 0.384475 0.0184528 0.0677439 0.409595
0 0.878425 0.491919 0.0188435 0.0783939 0.403629
0 0.520834 0.310843 0.0140837 0.0515126 0.356893
32 0.0920462 0.317982 0.00816014 0.0180746 0.319622
