0 0.565153 0.729658 0.0197531 0.088383 0.800334
0 0.914491 0.557523 0.0175087 0.0679962 0.680547
0 0.428334 0.544633 0.0183746 0.070018 0.643515
0 0.440857 0.450159 0.0194355 0.048075 0.626602
0 0.957002 0.479264 0.0135948 0.0587029 0.589974
0 0.680834 0.473543 0.0164362 0.0555996 0.573404
0 0.713467 0.500316 0.0170613 0.0655536 0.56381
0 0.559499 0.507339 0.0154142 0.052859 0.545567
0 0.468188 0.418263 0.0140701 0.0477514 0.481675
0 0.91521 0.403184 0.0147076 0.0569951 0.479104
0 0.697104 0.418841 0.012161 0.0571745 0.479028
