0 0.117943 0.39402 0.0152456 0.0774843 0.719274
0 0.505725 0.587054 0.0192558 0.0868976 0.673208
0 0.744839 0.677494 0.0208181 0.09259 0.669614
0 0.333446 0.367018 0.0138172 0.0683848 0.648062
0 0.52933 0.398356 0.0161841 0.0613733 0.636535
0 0.182091 0.394762 0.0164705 0.0719754 0.634719
0 0.392595 0.367628 0.0152573 0.0669011 0.53751
0 0.729252 0.581003 0.0320806 0.066609 0.534753
0 0.709316 0.527634 0.0175088 0.0640278 0.516151
0 0.650663 0.297813 0.0151052 0.0541073 0.513986
0 0.235425 0.29841 0.0124233 0.0582056 0.482696
0 0.57859 0.79175 0.0352445 0.0965468 0.478034
0 0.67252 0.405616 0.0162798 0.0530786 0.442852
32 0.610305 0.82684 0.0106798 0.0197289 0.3942
0 0.6933 0.385002 0.0175934 0.0546721 0.392756
0 0.352977 0.254812 0.0102405 0.0518066 0.383608
0 0.395214 0.244548 0.0109796 0.0542427 0.356792
