0 0.397808 0.443157 0.0163969 0.0881215 0.773901
0 0.147383 0.453068 0.0208189 0.080071 0.773458
0 0.454272 0.486614 0.0194576 0.0953815 0.744617
0 0.454108 0.645494 0.0215816 0.096514 0.719088
0 0.549138 0.506983 0.0170933 0.0889528 0.715631
0 0.127909 0.394835 0.019568 0.0889328 0.683134
0 0.308369 0.436191 0.0183059 0.0909792 0.672355
0 0.613145 0.535674 0.0350283 0.0966295 0.660311
0 0.226909 0.493125 0.0159143 0.100415 0.622227
0 0.0728763 0.504752 0.0253225 0.0975093 0.564101
0 0.0451621 0.452358 0.0221767 0.0871748 0.528363
0 0.233163 0.241388 0.0216727 0.0540793 0.38307
0 0.725197 0.492167 0.0336952 0.128395 0.304852
32 0.340174 0.53942 0.0108148 0.0159686 0.28312
0 0.0927521 0.236538 0.0318081 0.0435838 0.274307
