0 0.311698 0.786836 0.022696 0.130554 0.7997
0 0.169691 0.731495 0.033238 0.1206 0.78545
0 0.888029 0.737173 0.028463 0.133674 0.762435
0 0.432011 0.570827 0.028676 0.0923909 0.73028
0 0.399633 0.633134 0.0215229 0.0982893 0.710839
0 0.547007 0.829924 0.0262378 0.12293 0.683658
0 0.826017 0.44691 0.0173843 0.0909968 0.668414
0 0.599952 0.367265 0.0203806 0.0679358 0.637535
0 0.747793 0.701272 0.0231452 0.112703 0.575888
0 0.599061 0.545981 0.0247904 0.0951007 0.565276
0 0.456769 0.487876 0.0157082 0.0884181 0.541121
0 0.521099 0.388817 0.0182159 0.060002 0.499594
0 0.994413 0.495172 0.0103855 0.0952488 0.466004
0 0.375434 0.424501 0.0191515 0.0875658 0.388996
0 0.947325 0.192318 0.0185358 0.0342703 0.270667
