0 0.541095 0.715982 0.0172918 0.085599 0.727477
0 0.191267 0.742016 0.0210078 0.0847244 0.711171
0 0.415853 0.452946 0.0233191 0.0918354 0.687249
0 0.57082 0.40987 0.0118328 0.0558608 0.579469
0 0.504006 0.39483 0.011927 0.0442134 0.558328
0 0.197505 0.518005 0.0202798 0.0606301 0.54292
0 0.345042 0.407167 0.0136086 0.0572606 0.541874
0 0.866789 0.433615 0.0173477 0.0602404 0.527752
0 0.276603 0.53072 0.0175302 0.0548491 0.525588
0 0.514762 0.707282 0.0139175 0.0689811 0.449193
0 0.59021 0.370045 0.0115409 0.0460329 0.423678
0 0.667661 0.42907 0.0118185 0.0605962 0.35594
0 0.361365 0.355475 0.0173148 0.0374082 0.349055
0 0.189355 0.444589 0.0172951 0.0532511 0.347324
0 0.244456 0.445883 0.0157988 0.0433197 0.332096
0 0.528997 0.409908 0.011096 0.0475134 0.267783
