0 0.602876 0.669664 0.025704 0.0884839 0.764421
0 0.401472 0.91467 0.025938 0.112143 0.705135
0 0.335237 0.923731 0.022048 0.11184 0.68967
0 0.754082 0.934961 0.0306979 0.110738 0.678099
0 0.260957 0.59245 0.0331414 0.0787867 0.673668
0 0.810668 0.970258 0.0313507 0.0594437 0.626558
0 0.218131 0.309336 0.0151784 0.0863282 0.621043
0 0.489487 0.656695 0.0168247 0.0857688 0.62085
0 0.666584 0.430087 0.0147438 0.0714032 0.609731
0 0.404265 0.534168 0.0184925 0.0800928 0.598601
0 0.212223 0.429041 0.0234372 0.06411 0.573809
0 0.252568 0.431436 0.0220416 0.0558933 0.541238
0 0.455448 0.428866 0.013176 0.0669651 0.515219
0 0.334528 0.343995 0.0129066 0.0474883 0.436657
0 0.411452 0.342945 0.0124358 0.0553608 0.43276
0 0.641356 0.448027 0.0164045 0.0466953 0.414302
0 0.695086 0.324314 0.0142485 0.0489147 0.336043
