0 0.655879 0.57944 0.172694 0.803336 0.897658
0 0.144913 0.567814 0.272774 0.851796 0.886621
0 0.830391 0.63658 0.135051 0.488649 0.881602
0 0.726132 0.695086 0.123232 0.593552 0.809342
0 0.914114 0.739021 0.0818443 0.386064 0.807489
0 0.521577 0.530365 0.108341 0.299521 0.650141
0 0.968646 0.658676 0.0621799 0.40103 0.639422
0 0.103907 0.364598 0.207296 0.715342 0.613728
0 0.448898 0.511399 0.0764032 0.145972 0.438982
0 0.354389 0.403804 0.052933 0.216714 0.381811
0 0.408902 0.418286 0.0720585 0.255926 0.309957
