0 0.218267 0.736196 0.0198628 0.090065 0.737968
0 0.541721 0.710811 0.0155895 0.0730771 0.728471
0 0.567889 0.717388 0.0154471 0.0791385 0.715637
0 0.440636 0.453127 0.0229773 0.092673 0.61742
0 0.20599 0.518361 0.0152673 0.0674479 0.581716
0 0.836254 0.595646 0.0225746 0.0767973 0.579898
0 0.300408 0.523389 0.0163398 0.0505521 0.500275
0 0.900987 0.442474 0.0144222 0.0578398 0.440157
0 0.365333 0.418183 0.0159464 0.0490562 0.436848
0 0.802543 0.50359 0.0193132 0.0630397 0.43378
0 0.254989 0.444777 0.0148945 0.0489139 0.399022
0 0.702121 0.431007 0.0146295 0.0540755 0.366337
0 0.528954 0.401502 0.0128147 0.0450706 0.343335
0 0.620605 0.374445 0.00839958 0.0417921 0.341866
0 0.195382 0.442698 0.0145933 0.0498718 0.314615
0 0.611812 0.420859 0.0155317 0.047388 0.283895
