0 0.635884 0.476409 0.0139334 0.0812211 0.679763
0 0.292383 0.420787 0.0147653 0.0645979 0.679165
0 0.470744 0.683158 0.0201662 0.084726 0.637133
0 0.645422 0.311619 0.0135666 0.0628648 0.601179
0 0.0415392 0.68481 0.0276078 0.0859368 0.598936
0 0.447243 0.587491 0.0217596 0.0785483 0.590505
0 0.14093 0.369612 0.0145488 0.0610596 0.574599
0 0.345393 0.297934 0.0129259 0.0527456 0.573282
0 0.170875 0.351994 0.0131542 0.0582834 0.570418
0 0.686639 0.355768 0.0173265 0.0580137 0.569294
0 0.381238 0.408032 0.0138707 0.060026 0.567656
0 0.269887 0.502359 0.0188313 0.0618355 0.530451
0 0.611395 0.684579 0.0198011 0.0910021 0.477246
0 0.612214 0.483516 0.0141634 0.0762296 0.469675
0 0.258064 0.589161 0.0234099 0.070492 0.42685
0 0.254479 0.55303 0.0289068 0.13066 0.417382
0 0.346694 0.977904 0.0248415 0.0441927 0.321142
