0 0.825152 0.936229 0.0837984 0.127543 0.848734
0 0.707456 0.758695 0.0606489 0.201628 0.829845
0 0.640493 0.587014 0.0322575 0.122206 0.802451
0 0.432284 0.72283 0.0359693 0.195281 0.796643
0 0.526701 0.740905 0.0450032 0.212696 0.784562
0 0.0222051 0.918735 0.0443124 0.158805 0.771973
0 0.156115 0.682914 0.0347217 0.164112 0.757416
0 0.972011 0.703712 0.0520172 0.177713 0.749293
0 0.298266 0.87972 0.0663579 0.24056 0.746522
0 0.257587 0.866528 0.054559 0.260811 0.716367
0 0.890195 0.555153 0.018961 0.110602 0.600456
0 0.865544 0.537049 0.0315269 0.113005 0.443248
32 0.571814 0.553836 0.00882816 0.0176419 0.338151
