0 0.21654 0.644356 0.0216909 0.0906148 0.715735
0 0.429982 0.457814 0.0244095 0.0959902 0.706153
0 0.763033 0.76943 0.0359858 0.099713 0.678821
0 0.277033 0.491246 0.0218973 0.0726169 0.566002
0 0.556782 0.541117 0.0197695 0.066522 0.499561
0 0.645862 0.782474 0.0363414 0.100442 0.468234
0 0.394187 0.412794 0.0157076 0.0669773 0.456217
0 0.322746 0.41397 0.0207549 0.0559199 0.442873
0 0.376486 0.409032 0.0178268 0.0685154 0.39459
0 0.608044 0.329168 0.0139389 0.0571373 0.331797
0 0.508151 0.404303 0.0224912 0.0564855 0.331773
0 0.973546 0.533504 0.0216188 0.0885023 0.294592
0 0.40976 0.401518 0.0175821 0.0493423 0.289562
