0 0.876516 0.742013 0.0272768 0.120917 0.831992
0 0.278629 0.770473 0.0233324 0.113748 0.806246
0 0.470991 0.520568 0.0220695 0.0770582 0.77418
0 0.0726796 0.711623 0.0306696 0.109307 0.759212
0 0.640197 0.535721 0.0177702 0.0909527 0.74339
0 0.411291 0.53858 0.0174995 0.0846488 0.733791
0 0.269869 0.633981 0.0261886 0.0969318 0.732992
0 0.418435 0.766542 0.031796 0.107014 0.728949
0 0.822369 0.479035 0.018845 0.0801758 0.696646
0 0.621875 0.52809 0.0146318 0.0832225 0.684926
0 0.951205 0.492586 0.0164244 0.0945499 0.645675
0 0.552612 0.612651 0.0243179 0.0886393 0.641468
0 0.692481 0.693744 0.0194222 0.102265 0.625287
0 0.655722 0.394963 0.0202351 0.0599007 0.56802
0 0.452897 0.466649 0.0161456 0.0741462 0.56512
0 0.528831 0.464625 0.0167984 0.060908 0.54496
0 0.553033 0.517504 0.022473 0.0664129 0.544737
0 0.688584 0.405647 0.0247641 0.058159 0.423164
0 0.437511 0.395736 0.0217758 0.0646174 0.408759
0 0.959122 0.221882 0.0210487 0.0534993 0.351183
