0 0.953993 0.809026 0.0252415 0.129809 0.873839
0 0.774312 0.537868 0.0183476 0.0965393 0.80542
0 0.469561 0.382001 0.0215765 0.0868462 0.765738
0 0.791863 0.752108 0.0257507 0.114697 0.759789
0 0.0870604 0.738273 0.0342181 0.103588 0.752695
0 0.649503 0.485001 0.0174219 0.0821089 0.743021
0 0.543305 0.459897 0.0148138 0.0849806 0.740488
0 0.34479 0.474469 0.0176677 0.081936 0.733289
0 0.514607 0.541681 0.0218501 0.0843807 0.668213
0 0.376602 0.589251 0.0213694 0.0891018 0.632095
0 0.737756 0.395615 0.0146536 0.0781697 0.596236
0 0.406414 0.392741 0.0159275 0.0735245 0.542439
0 0.300825 0.44664 0.0183422 0.0712333 0.515885
0 0.377618 0.429457 0.0207204 0.0865467 0.469902
0 0.372454 0.457572 0.0144586 0.0599255 0.415771
9 0.110909 0.104574 0.0281915 0.101024 0.392588
0 0.045804 0.524214 0.0269604 0.0843018 0.29705
0 0.338065 0.39112 0.0141679 0.0547852 0.252886
