0 0.604237 0.670626 0.0186865 0.0922522 0.755558
0 0.389246 0.933066 0.023163 0.112376 0.728698
0 0.690968 0.336049 0.0255662 0.0550505 0.723879
0 0.321525 0.942245 0.0261043 0.112736 0.713991
0 0.212651 0.442898 0.0220053 0.0638417 0.703803
0 0.205123 0.321711 0.0182773 0.0863778 0.625586
0 0.491126 0.660136 0.0172245 0.076462 0.617076
0 0.418357 0.546803 0.0244366 0.072286 0.613373
0 0.631799 0.461554 0.0147207 0.0508394 0.583164
0 0.25872 0.447269 0.0147698 0.047521 0.559265
0 0.655073 0.444399 0.0130502 0.0689699 0.533104
0 0.269456 0.606004 0.0156987 0.0845608 0.530412
0 0.751067 0.944989 0.0287474 0.110022 0.528418
0 0.803748 0.979257 0.0261675 0.0414864 0.524619
0 0.66237 0.284045 0.0121954 0.0471653 0.436034
0 0.327853 0.359849 0.0131801 0.0456711 0.427078
0 0.404368 0.358482 0.0155115 0.0580122 0.387818
0 0.471732 0.281625 0.0135173 0.0496571 0.285867
0 0.389877 0.25848 0.0109647 0.0479182 0.274275
