0 0.500703 0.717478 0.0718843 0.199925 0.862258
0 0.652784 0.583326 0.0299796 0.124904 0.854291
0 0.343892 0.8829 0.0620904 0.234201 0.83806
0 0.832008 0.925605 0.0523909 0.14879 0.832555
0 0.0816316 0.931457 0.089458 0.137086 0.829959
0 0.697658 0.752231 0.0571661 0.193171 0.825515
0 0.438124 0.719908 0.0593549 0.196815 0.810997
0 0.268697 0.910151 0.0482337 0.179699 0.766438
0 0.172845 0.685952 0.0467398 0.16174 0.750355
0 0.863972 0.547894 0.0231155 0.107011 0.624953
0 0.846625 0.527429 0.0220242 0.093837 0.348084
0 0.981461 0.714832 0.0363842 0.172711 0.328638
