0 0.7797 0.768466 0.0211593 0.0891737 0.730904
0 0.405152 0.741473 0.0174972 0.0811422 0.724036
0 0.952874 0.493251 0.0187254 0.0689353 0.675294
0 0.346431 0.440228 0.0121874 0.0428363 0.632267
0 0.457567 0.52299 0.0130831 0.0538134 0.617466
0 0.30573 0.514948 0.0123233 0.0581695 0.591724
0 0.748152 0.756412 0.0177176 0.0797028 0.586922
0 0.519879 0.443596 0.0130423 0.0487619 0.549978
0 0.59195 0.477777 0.0159389 0.0519869 0.545887
0 0.642141 0.500176 0.013257 0.0588686 0.504547
0 0.849757 0.487787 0.0227196 0.0584917 0.498805
0 0.326881 0.434439 0.016248 0.0459379 0.484043
0 0.54158 0.397498 0.0131991 0.0418956 0.463823
0 0.723359 0.434971 0.011983 0.044058 0.426493
0 0.778195 0.47319 0.0136381 0.0552902 0.3365
0 0.867503 0.418911 0.011956 0.0528628 0.307527
