0 0.102137 0.636393 0.021445 0.0917077 0.798771
0 0.177139 0.491331 0.0184076 0.071057 0.765773
0 0.626552 0.549888 0.0252584 0.0846096 0.682948
0 0.329269 0.44084 0.0176003 0.105333 0.656615
0 0.648717 0.726098 0.0226587 0.0933217 0.64074
0 0.518904 0.426352 0.0160919 0.0699507 0.553453
0 0.865648 0.490204 0.0196529 0.0752062 0.542948
0 0.229991 0.41235 0.0161625 0.0555158 0.535277
0 0.409572 0.393776 0.0206818 0.0504347 0.534501
0 0.539014 0.742686 0.0243176 0.100616 0.531622
0 0.450813 0.521187 0.0173786 0.071214 0.522867
0 0.30563 0.394326 0.0143135 0.0531171 0.517826
0 0.827611 0.496199 0.0242596 0.07784 0.450172
0 0.285698 0.388058 0.0196 0.0671961 0.432551
0 0.514264 0.313073 0.0151548 0.0530481 0.420247
0 0.570445 0.459074 0.015836 0.0652078 0.327753
0 0.635174 0.3562 0.0158705 0.0600628 0.310681
