0 0.544519 0.681345 0.0329865 0.100686 0.678019
0 0.450919 0.525979 0.0190702 0.0862165 0.674082
0 0.320769 0.443204 0.0162386 0.0657052 0.632018
0 0.215707 0.505037 0.0234164 0.0781445 0.624418
0 0.0418704 0.572937 0.0208756 0.090385 0.600381
0 0.406225 0.684407 0.0157087 0.0960146 0.595608
0 0.669013 0.300638 0.0139158 0.116933 0.594157
0 0.262937 0.513424 0.0168211 0.0778266 0.563215
0 0.148154 0.356261 0.014668 0.0692522 0.556592
0 0.20394 0.353657 0.0136628 0.0658278 0.535589
0 0.269419 0.97299 0.0308751 0.0540203 0.515699
0 0.640382 0.456402 0.0160252 0.0829706 0.509434
0 0.423272 0.29718 0.0135666 0.0587996 0.470608
0 0.36464 0.279727 0.0132578 0.0590908 0.467816
0 0.0490469 0.485805 0.0165197 0.0749923 0.453691
0 0.257494 0.435445 0.0165522 0.0627908 0.448972
0 0.356105 0.965241 0.025161 0.0695179 0.428061
0 0.629797 0.458833 0.0148744 0.0785621 0.315258
