0 0.687299 0.593813 0.142365 0.700942 0.851702
0 0.498231 0.694998 0.183507 0.600866 0.814898
0 0.403296 0.564069 0.179513 0.855517 0.804972
0 0.767073 0.712478 0.0953663 0.560472 0.787397
0 0.863172 0.611315 0.0825596 0.433023 0.782718
0 0.935948 0.690167 0.075868 0.324507 0.777868
0 0.61235 0.54977 0.0631544 0.367909 0.727529
0 0.152712 0.529993 0.0962002 0.565646 0.498651
0 0.985978 0.674594 0.0275213 0.416711 0.409448
0 0.584212 0.519795 0.0499243 0.334219 0.378085
0 0.704342 0.772588 0.0663994 0.371638 0.362908
0 0.0496089 0.448229 0.0560551 0.254168 0.314657
0 0.0929632 0.449545 0.0951946 0.316343 0.273209
