0 0.339666 0.810186 0.026868 0.146376 0.856689
0 0.923234 0.742289 0.0260397 0.142567 0.828255
0 0.212698 0.728149 0.0259039 0.130224 0.81566
0 0.28115 0.536115 0.025756 0.106871 0.800577
0 0.797451 0.719997 0.034043 0.126627 0.78007
0 0.531262 0.520128 0.0247252 0.102561 0.776738
0 0.640957 0.892154 0.0453014 0.147593 0.765484
0 0.570437 0.478557 0.0169949 0.107165 0.688487
0 0.83915 0.424522 0.0166332 0.0958909 0.678544
0 0.438403 0.6234 0.0251741 0.111544 0.650492
0 0.501153 0.377426 0.0176859 0.0772837 0.61456
0 0.604357 0.353435 0.0222427 0.0681843 0.56376
0 0.456221 0.455933 0.0252618 0.138369 0.517664
0 0.316811 0.41338 0.0176267 0.0685584 0.381644
