0 0.0197682 0.627777 0.0180531 0.0929945 0.715587
0 0.12696 0.61948 0.0199401 0.084906 0.700926
0 0.655405 0.310659 0.0131516 0.0636301 0.628214
0 0.347242 0.307974 0.012498 0.0574211 0.611437
0 0.130968 0.381983 0.013125 0.0670453 0.596277
0 0.364252 0.439094 0.0155509 0.0651811 0.592997
0 0.408682 0.317142 0.0145604 0.057 0.557287
0 0.182476 0.370961 0.0131986 0.0647014 0.553933
0 0.435967 0.705622 0.0188912 0.0906767 0.543437
0 0.620111 0.491138 0.0128309 0.0720083 0.514091
0 0.273156 0.44787 0.0144561 0.0604624 0.504263
0 0.672308 0.356993 0.0134302 0.0605429 0.498409
0 0.610236 0.705646 0.0285355 0.0912667 0.482303
0 0.451968 0.569622 0.0171318 0.0866175 0.447602
0 0.634746 0.489462 0.0154348 0.0791541 0.443811
0 0.256943 0.548118 0.0159293 0.0731778 0.392649
0 0.228496 0.560068 0.0169226 0.0673649 0.370246
