0 0.451019 0.526065 0.018936 0.0883326 0.706801
0 0.544272 0.680163 0.0339219 0.102031 0.706306
0 0.2152 0.507234 0.0244805 0.0780045 0.661032
0 0.041584 0.573804 0.0204464 0.0892428 0.612327
0 0.406534 0.684487 0.0161791 0.0938573 0.604718
0 0.669058 0.300718 0.0135827 0.117477 0.587186
0 0.321596 0.441354 0.0167087 0.0655286 0.578627
0 0.147639 0.355631 0.0144915 0.0683587 0.573073
0 0.262932 0.514305 0.0167386 0.0777281 0.540754
0 0.269418 0.97285 0.0307908 0.0543009 0.509785
0 0.203465 0.353087 0.0137698 0.0643938 0.484601
0 0.422983 0.296121 0.0138212 0.0597073 0.462365
0 0.641123 0.456879 0.0179161 0.0846471 0.454565
0 0.364471 0.279482 0.0131634 0.0582796 0.452959
0 0.0474843 0.486233 0.0146158 0.0745944 0.423384
0 0.355954 0.965375 0.0250245 0.0692493 0.410375
0 0.258276 0.436525 0.0162979 0.0648795 0.384901
0 0.632538 0.458509 0.0185873 0.0784495 0.308941
