0 0.330135 0.368422 0.013112 0.0710979 0.743066
0 0.736289 0.692279 0.0216738 0.0971517 0.733886
0 0.700352 0.534911 0.0204725 0.0718311 0.695885
0 0.508163 0.593628 0.0173336 0.0864483 0.685012
0 0.531832 0.398934 0.0152241 0.0580758 0.676254
0 0.117922 0.392589 0.0146732 0.0771501 0.674181
0 0.586583 0.78945 0.0259214 0.100913 0.638181
0 0.180384 0.392885 0.0139768 0.0731139 0.615376
0 0.64542 0.296463 0.0156513 0.0531792 0.596218
0 0.392668 0.368472 0.012653 0.0674314 0.591059
0 0.234 0.301158 0.014181 0.062203 0.580549
0 0.669045 0.410566 0.015146 0.0622826 0.487156
0 0.729821 0.587039 0.0397585 0.07125 0.448249
0 0.65581 0.449818 0.0163329 0.0452215 0.360109
0 0.392468 0.243848 0.0118087 0.0558326 0.359921
32 0.609807 0.829155 0.0114257 0.0203079 0.357147
0 0.620714 0.355471 0.0140088 0.0632334 0.350575
0 0.349823 0.25454 0.013729 0.0543656 0.32234
0 0.562129 0.192771 0.0108517 0.0443251 0.303887
0 0.572534 0.309065 0.0132708 0.0671384 0.29839
