0 0.375771 0.680233 0.0222178 0.103391 0.798778
0 0.514163 0.520603 0.0229364 0.0899907 0.721477
0 0.245973 0.445624 0.0194231 0.0935247 0.711799
0 0.334189 0.444368 0.0181904 0.0898419 0.706979
0 0.160365 0.496895 0.0166037 0.10523 0.692718
0 0.0103394 0.515688 0.0190821 0.0869875 0.64741
0 0.0715773 0.457127 0.0248496 0.0827825 0.646961
0 0.579847 0.541997 0.0248627 0.0667874 0.590817
0 0.397144 0.485425 0.0166116 0.0878387 0.443458
0 0.165537 0.24795 0.0223631 0.0446467 0.332142
0 0.448098 0.416357 0.0198895 0.0665081 0.311875
0 0.733956 0.559466 0.0186365 0.0944049 0.260339
