0 0.316348 0.640138 0.0185101 0.0853924 0.768646
0 0.898663 0.503059 0.0164341 0.0795564 0.750148
0 0.88333 0.398973 0.0138042 0.062075 0.649956
0 0.961943 0.690189 0.018951 0.0904294 0.621641
0 0.662549 0.556702 0.017054 0.076268 0.590116
0 0.475823 0.459722 0.0127077 0.0554192 0.589145
0 0.215423 0.541794 0.0160418 0.0554264 0.58765
0 0.719036 0.458281 0.0134665 0.0703479 0.553182
0 0.790731 0.446507 0.0133952 0.0680125 0.536522
0 0.58342 0.431713 0.0102633 0.0621511 0.512062
0 0.497043 0.403382 0.0167133 0.0572247 0.460663
0 0.744328 0.388214 0.0139271 0.0604804 0.455206
0 0.732556 0.382771 0.00932217 0.0550247 0.377005
0 0.677351 0.398943 0.0141411 0.0608373 0.363569
0 0.613371 0.531831 0.0271931 0.1533 0.36073
0 0.64501 0.424183 0.013933 0.0637637 0.356072
0 0.176384 0.541442 0.0187015 0.0516206 0.326623
