0 0.893832 0.732661 0.0280203 0.137076 0.842987
0 0.188529 0.728349 0.0261334 0.124688 0.835964
0 0.826198 0.43708 0.0165455 0.100008 0.782967
0 0.31793 0.786698 0.0256099 0.132802 0.770964
0 0.572677 0.841901 0.0342428 0.130475 0.744653
0 0.759293 0.701214 0.0225389 0.116022 0.711875
0 0.412912 0.624412 0.0207886 0.10331 0.711505
0 0.57742 0.54707 0.0188402 0.095303 0.659182
0 0.602531 0.359744 0.0170847 0.0737273 0.658043
0 0.3501 0.422212 0.0233954 0.0790317 0.636401
0 0.506234 0.381569 0.0191188 0.0655384 0.528523
0 0.592474 0.488893 0.0184099 0.0915451 0.525822
0 0.45728 0.478745 0.0216027 0.0964971 0.490903
0 0.470581 0.422221 0.0142762 0.0606238 0.44808
0 0.995259 0.496381 0.00879936 0.0888487 0.346038
0 0.38398 0.562433 0.0289879 0.0891135 0.312704
0 0.42994 0.42631 0.0346828 0.0862584 0.311531
32 0.659755 0.443595 0.0097023 0.0133418 0.302203
