0 0.841713 0.524247 0.015317 0.0877347 0.791206
0 0.214654 0.669528 0.0262679 0.0883553 0.747974
0 0.804948 0.407209 0.0151148 0.0714257 0.708667
0 0.591329 0.542883 0.0177724 0.0636095 0.662942
0 0.628768 0.459103 0.0181141 0.0730916 0.653342
0 0.724633 0.463082 0.0166927 0.0733639 0.651387
0 0.881786 0.715405 0.0256943 0.0972336 0.616562
0 0.473704 0.588554 0.0242655 0.0818245 0.537353
0 0.481007 0.491627 0.0194958 0.0744627 0.534757
0 0.52716 0.424364 0.0135927 0.0702989 0.532065
0 0.389721 0.460237 0.0137665 0.0596005 0.520688
0 0.150501 0.512996 0.0160447 0.0797452 0.500308
0 0.573416 0.393423 0.0143703 0.0436547 0.497784
0 0.620926 0.384982 0.0162228 0.0604754 0.444842
0 0.602734 0.386988 0.011997 0.0547552 0.443474
0 0.485267 0.429592 0.0167222 0.071333 0.33575
0 0.0140941 0.972517 0.0252678 0.0534166 0.301509
