0 0.622445 0.589029 0.0273294 0.069193 0.735304
0 0.750498 0.605441 0.018927 0.0701157 0.732123
0 0.600538 0.698667 0.0169195 0.09153 0.69548
0 0.530798 0.481678 0.01775 0.0593762 0.629332
0 0.258859 0.570753 0.0157809 0.0753697 0.62074
0 0.115528 0.46904 0.0264455 0.0649277 0.590545
0 0.917081 0.87574 0.0307095 0.107011 0.527419
0 0.293342 0.514919 0.0252956 0.0719716 0.495303
0 0.464399 0.515227 0.0143602 0.0624532 0.467331
0 0.77071 0.420207 0.0258123 0.0512628 0.453427
0 0.511461 0.222612 0.0184358 0.0462124 0.287753
