0 0.855705 0.579496 0.0220726 0.0762717 0.822612
0 0.597857 0.446712 0.0200938 0.0669708 0.744558
0 0.579545 0.491258 0.0235687 0.0630633 0.718114
0 0.360046 0.588755 0.0290208 0.134915 0.685706
0 0.154742 0.524665 0.0294815 0.0881285 0.683179
0 0.662907 0.659004 0.0194425 0.0973223 0.666925
0 0.495079 0.503947 0.0198395 0.0660141 0.632197
0 0.714139 0.549605 0.0247708 0.0733476 0.546076
0 0.526251 0.428958 0.0167306 0.065085 0.532626
0 0.704996 0.464347 0.0192068 0.062828 0.473107
0 0.409561 0.251563 0.0204371 0.0530259 0.408266
