0 0.927219 0.340767 0.0222759 0.103205 0.832766
0 0.615054 0.597738 0.0300148 0.12769 0.780942
0 0.165052 0.513494 0.0244736 0.107171 0.730175
0 0.726716 0.499041 0.0211706 0.115847 0.730123
0 0.142504 0.853192 0.0238955 0.149751 0.69597
0 0.560793 0.380809 0.0208454 0.117883 0.694597
0 0.511611 0.497707 0.0222792 0.104415 0.664826
0 0.694686 0.434814 0.0233246 0.107452 0.653957
0 0.941068 0.817379 0.0301748 0.146149 0.622292
0 0.507997 0.379001 0.0200943 0.0882262 0.59415
0 0.972558 0.540423 0.0237595 0.12828 0.575218
0 0.38694 0.396649 0.0181438 0.0455361 0.482435
0 0.265697 0.428617 0.0163253 0.0911162 0.379527
32 0.566778 0.516277 0.00882454 0.0142793 0.365059
0 0.435154 0.411283 0.0167587 0.0830364 0.344311
