0 0.624704 0.623249 0.0241171 0.10633 0.826769
0 0.830496 0.529185 0.0193958 0.0742791 0.807615
0 0.353936 0.737391 0.0280494 0.0982339 0.794073
0 0.240855 0.586721 0.0325836 0.0822461 0.766239
0 0.298733 0.768371 0.0221525 0.115924 0.764687
0 0.557285 0.658309 0.0228363 0.102999 0.737724
0 0.800965 0.742087 0.0267567 0.109712 0.685666
0 0.671045 0.581244 0.0207929 0.0956594 0.671758
0 0.436871 0.574908 0.0278473 0.0820396 0.667757
0 0.692701 0.421826 0.0194496 0.0636661 0.641872
0 0.601952 0.457553 0.0241663 0.0719986 0.608926
0 0.0341165 0.629824 0.0275879 0.0923051 0.596549
0 0.763659 0.382215 0.0235886 0.0858927 0.574845
0 0.0906161 0.610112 0.0294808 0.0857648 0.563298
0 0.553696 0.364877 0.0185308 0.0739622 0.542032
0 0.97035 0.177975 0.0224991 0.0727905 0.285687
