0 0.525853 0.519936 0.0194002 0.0883572 0.8177
0 0.165159 0.532052 0.0289329 0.0921236 0.769538
0 0.61758 0.465069 0.0199736 0.0872859 0.753318
0 0.585151 0.637346 0.0222546 0.0913554 0.746283
0 0.549463 0.428308 0.0180607 0.0814728 0.695429
0 0.116071 0.413533 0.0265674 0.0829917 0.691048
0 0.364004 0.359834 0.0181838 0.0728159 0.674544
0 0.276776 0.42325 0.0179291 0.0745083 0.587719
0 0.297007 0.377261 0.0168178 0.0684389 0.580044
0 0.395982 0.330286 0.015048 0.0592784 0.577759
0 0.531978 0.396673 0.0164364 0.082499 0.543451
0 0.331394 0.36281 0.0146306 0.0704603 0.53551
32 0.653512 0.467562 0.0099123 0.0105898 0.483065
0 0.204132 0.300105 0.0140411 0.0615937 0.426783
0 0.277453 0.349555 0.0153774 0.0533529 0.289294
