0 0.151597 0.518393 0.0177299 0.0897439 0.798094
0 0.27478 0.618577 0.02121 0.0953854 0.783257
0 0.476147 0.512749 0.0169408 0.0871751 0.737709
0 0.35948 0.429927 0.0158707 0.0880578 0.733083
0 0.187085 0.378947 0.0209467 0.0817671 0.693556
0 0.741999 0.450532 0.0186552 0.111477 0.664561
0 0.429927 0.352934 0.0139036 0.0718036 0.661435
0 0.594794 0.446943 0.0170444 0.0757184 0.650904
0 0.409028 0.413539 0.0262686 0.0972075 0.648948
0 0.71471 0.484128 0.0158716 0.0768974 0.645224
0 0.645955 0.372108 0.0143546 0.0744565 0.525011
0 0.515381 0.294818 0.0150974 0.062066 0.519371
0 0.69793 0.598833 0.0169306 0.0862139 0.498516
0 0.579403 0.380192 0.0119747 0.0692761 0.491446
0 0.673963 0.346032 0.0150906 0.0630846 0.477303
0 0.689258 0.593308 0.0325064 0.0997116 0.364763
0 0.0812623 0.28255 0.0135259 0.0576065 0.361304
