0 0.726446 0.488543 0.0233862 0.0969549 0.770647
0 0.16285 0.429272 0.0244804 0.0795622 0.763128
0 0.591906 0.750378 0.0231995 0.107476 0.761883
0 0.552447 0.513992 0.0229179 0.0707735 0.721544
0 0.106711 0.602821 0.023416 0.093824 0.69143
0 0.481649 0.373048 0.0192268 0.0466994 0.664998
0 0.601827 0.406941 0.0195715 0.0973459 0.636465
0 0.433491 0.349729 0.0108382 0.067559 0.527948
0 0.361172 0.365396 0.0149635 0.0701831 0.484278
0 0.284249 0.341932 0.014673 0.0576465 0.484145
0 0.204084 0.297146 0.0210388 0.0561526 0.431288
0 0.405151 0.41284 0.0207225 0.0613953 0.412435
0 0.893281 0.396674 0.0187468 0.0713153 0.272655
0 0.591696 0.202985 0.0211855 0.0471845 0.268378
