0 0.369272 0.65913 0.0223213 0.0952678 0.739546
0 0.652438 0.420979 0.019949 0.0544642 0.618087
0 0.410049 0.499263 0.0164806 0.0763173 0.601094
0 0.8209 0.846712 0.0225929 0.112383 0.574309
0 0.950354 0.841801 0.0279869 0.115332 0.550105
0 0.757012 0.343936 0.0157611 0.056925 0.528277
0 0.585631 0.491311 0.0229818 0.0715364 0.513234
0 0.450821 0.423191 0.0164054 0.0642731 0.510029
0 0.718282 0.567551 0.0216969 0.0778045 0.486442
0 0.51678 0.41863 0.0164951 0.0639549 0.44491
0 0.545719 0.428968 0.0165171 0.0644635 0.355121
0 0.815058 0.509828 0.0267117 0.0856129 0.349818
0 0.562801 0.402367 0.0133137 0.042352 0.289307
