0 0.881527 0.739997 0.0237862 0.126412 0.782096
0 0.294163 0.782016 0.0240155 0.124497 0.764995
0 0.722082 0.703499 0.0189753 0.108424 0.733802
0 0.825771 0.466396 0.0163296 0.0907128 0.733404
0 0.123411 0.732321 0.0323974 0.114038 0.733334
0 0.63075 0.539828 0.0248022 0.111672 0.732974
0 0.487268 0.804297 0.0300901 0.116841 0.731698
0 0.352502 0.647135 0.0386335 0.0970206 0.689849
0 0.449472 0.508258 0.0201748 0.0849078 0.672415
0 0.482584 0.466568 0.0180001 0.083708 0.671792
0 0.511728 0.581758 0.0233156 0.0825441 0.630461
0 0.59942 0.385735 0.02294 0.0746368 0.625714
0 0.534445 0.472294 0.0167877 0.0701414 0.578182
0 0.418394 0.436888 0.0332482 0.0926426 0.479209
0 0.979607 0.50262 0.0142645 0.0964908 0.403628
0 0.425865 0.446925 0.0194583 0.0736783 0.372941
