0 0.876309 0.741632 0.0262941 0.123154 0.829073
0 0.276867 0.768833 0.0204864 0.113219 0.72298
0 0.0698151 0.710561 0.0264082 0.11008 0.719421
0 0.470899 0.526922 0.0243208 0.0823615 0.714691
0 0.415031 0.765281 0.0287058 0.109623 0.698331
0 0.640219 0.535249 0.0168558 0.0902277 0.682977
0 0.40982 0.540068 0.0168058 0.0851508 0.681357
0 0.691572 0.693052 0.0195246 0.101994 0.676726
0 0.620584 0.527892 0.0154392 0.0792803 0.676105
0 0.822797 0.479105 0.0189541 0.0819928 0.665715
0 0.949816 0.491777 0.0164459 0.0940114 0.656128
0 0.454708 0.468677 0.0164585 0.0759953 0.64853
0 0.266709 0.63238 0.020426 0.0960241 0.631097
0 0.552477 0.614518 0.0242207 0.0904612 0.555713
0 0.661069 0.39529 0.0254578 0.0637793 0.51936
0 0.551827 0.521929 0.0232224 0.0713752 0.496726
0 0.533152 0.464306 0.0164667 0.0595681 0.480979
0 0.437952 0.393905 0.0219141 0.0637061 0.464561
0 0.958378 0.222352 0.0213388 0.0531758 0.417945
0 0.692924 0.405851 0.0302902 0.0643193 0.327775
