0 0.575139 0.734754 0.0192555 0.0884159 0.765291
0 0.430127 0.534502 0.0190027 0.0706178 0.746344
0 0.905139 0.549106 0.02108 0.0680535 0.673556
0 0.73318 0.493628 0.0125173 0.0626522 0.586015
0 0.577549 0.511327 0.014301 0.0601469 0.580988
0 0.961481 0.475023 0.0127274 0.0562944 0.579187
0 0.435795 0.433077 0.0277651 0.0664363 0.542868
0 0.907623 0.396411 0.0143538 0.0589316 0.533319
0 0.689394 0.467314 0.0154136 0.0624659 0.474825
0 0.702773 0.416161 0.0108827 0.0591229 0.317754
0 0.465896 0.427964 0.0136845 0.0553139 0.267036
