0 0.203251 0.748492 0.0192018 0.0909922 0.74406
0 0.280197 0.591468 0.0135149 0.0664229 0.73461
0 0.536024 0.730078 0.0165848 0.0807782 0.625167
0 0.335545 0.549254 0.0136307 0.0549787 0.592959
0 0.820219 0.419699 0.0119942 0.0535587 0.58101
0 0.315827 0.974859 0.02596 0.0498457 0.574507
0 0.457115 0.960224 0.0172679 0.0795519 0.558644
0 0.488599 0.747159 0.0147024 0.0709978 0.502226
0 0.801088 0.59404 0.016156 0.073964 0.462372
0 0.756803 0.480638 0.0160063 0.0542526 0.454435
0 0.432304 0.538939 0.0106903 0.0472516 0.411027
0 0.559808 0.423963 0.0111967 0.0407343 0.374866
0 0.353413 0.473906 0.018527 0.0963331 0.345141
0 0.397269 0.436455 0.0123483 0.045973 0.298733
0 0.471976 0.36255 0.0121777 0.0374696 0.281259
0 0.718679 0.339057 0.00941486 0.0433886 0.264746
0 0.575985 0.424658 0.0136937 0.0547989 0.258855
