0 0.454335 0.524983 0.0164614 0.0851822 0.762308
0 0.518382 0.684742 0.0175697 0.100707 0.698344
0 0.0455739 0.567815 0.0191475 0.0939512 0.693031
0 0.29528 0.443826 0.0179272 0.0612242 0.665997
0 0.673071 0.302845 0.0164007 0.122212 0.631761
0 0.269003 0.482273 0.0221315 0.0709347 0.607465
0 0.645627 0.459161 0.0153004 0.0784331 0.585823
0 0.0717022 0.48456 0.0147125 0.0843182 0.580991
0 0.39423 0.697562 0.0209347 0.0961352 0.534388
0 0.283792 0.974564 0.0290956 0.050872 0.531361
0 0.16572 0.365211 0.0158468 0.065839 0.493001
0 0.438091 0.307404 0.016163 0.0618154 0.447976
0 0.214822 0.354947 0.0136467 0.0589453 0.440143
0 0.36659 0.966381 0.025227 0.0672375 0.432196
0 0.374768 0.285665 0.013859 0.0589455 0.414838
0 0.627036 0.458868 0.0181826 0.0757224 0.358545
0 0.246751 0.43375 0.0176267 0.0470489 0.334188
0 0.295005 0.548078 0.0193393 0.0401104 0.286942
0 0.245409 0.461616 0.0210743 0.101535 0.261795
