0 0.645963 0.587097 0.191269 0.806356 0.86757
0 0.110891 0.495823 0.22072 0.985103 0.857493
0 0.712231 0.701619 0.139711 0.590614 0.855897
0 0.830487 0.622875 0.146272 0.493419 0.852673
0 0.198874 0.588812 0.230628 0.798034 0.807469
0 0.906749 0.726487 0.0784138 0.367765 0.79596
0 0.961611 0.642779 0.0755257 0.388362 0.735298
0 0.546061 0.558261 0.0849186 0.234639 0.66222
0 0.42226 0.509776 0.0710173 0.145288 0.524365
0 0.392886 0.415408 0.055862 0.264012 0.331423
0 0.333344 0.409083 0.0465511 0.196812 0.273987
0 0.435181 0.379334 0.04022 0.130234 0.267823
0 0.491056 0.513933 0.071422 0.167467 0.25703
