0 0.665923 0.653937 0.0202158 0.0892951 0.732802
0 0.869981 0.581889 0.0189894 0.0807353 0.730683
0 0.497703 0.509538 0.0303967 0.0672348 0.665652
0 0.565027 0.494891 0.0237206 0.0455079 0.625408
0 0.596402 0.444811 0.0168453 0.0590766 0.583988
0 0.366306 0.589668 0.0212687 0.130157 0.55679
0 0.161535 0.529528 0.0207867 0.0788357 0.496098
0 0.515028 0.437057 0.0200683 0.0688149 0.480444
0 0.702141 0.545625 0.0251406 0.0709184 0.473891
0 0.402296 0.253663 0.0254671 0.0644781 0.438822
0 0.453802 0.267279 0.0159709 0.05088 0.297758
0 0.700281 0.504165 0.0209393 0.130843 0.293799
