0 0.644553 0.810654 0.0367052 0.125579 0.767094
0 0.293622 0.573943 0.022893 0.100267 0.747282
0 0.444295 0.611772 0.0265521 0.102811 0.733518
0 0.283254 0.752393 0.0222062 0.13463 0.72319
0 0.601887 0.733381 0.0213989 0.120763 0.703719
0 0.237923 0.717707 0.0222407 0.115694 0.69493
0 0.367082 0.765301 0.0264779 0.120021 0.666407
0 0.766146 0.665771 0.0270934 0.110497 0.582868
0 0.551034 0.720074 0.0259716 0.0592994 0.57225
0 0.520095 0.618528 0.0214697 0.100008 0.569308
0 0.639835 0.657102 0.0224455 0.0854523 0.54718
32 0.480597 0.739305 0.0116119 0.0170319 0.311333
0 0.278961 0.35459 0.0361897 0.0632236 0.285411
