0 0.939042 0.789323 0.0294704 0.129146 0.811922
0 0.949654 0.484588 0.0202135 0.0905 0.783976
0 0.704055 0.522826 0.0271736 0.0729326 0.766609
0 0.314439 0.735642 0.0251363 0.10277 0.735433
0 0.249436 0.574132 0.027111 0.081583 0.709813
0 0.237399 0.762008 0.0308101 0.114437 0.682113
0 0.568066 0.469195 0.014994 0.0705087 0.68053
0 0.0900881 0.618675 0.0295507 0.0835242 0.660211
0 0.906749 0.472298 0.0233723 0.0877018 0.657648
0 0.492367 0.642103 0.0269047 0.0904933 0.644469
0 0.419442 0.547425 0.0253496 0.0690843 0.616624
0 0.634231 0.435526 0.0165922 0.0666819 0.605713
0 0.691438 0.707403 0.0183779 0.105431 0.561367
0 0.544154 0.564917 0.0300142 0.138274 0.496365
0 0.680282 0.381045 0.0217684 0.066787 0.481751
0 0.470857 0.36733 0.0192221 0.0614544 0.442613
0 0.691272 0.383829 0.0248531 0.0673438 0.34773
0 0.550206 0.530766 0.0192389 0.0711197 0.345736
0 0.0165155 0.95884 0.0274962 0.0741425 0.280397
