0 0.120094 0.625343 0.0175079 0.0864195 0.776372
0 0.0185491 0.630999 0.0172401 0.0937371 0.707089
0 0.366995 0.437163 0.0174327 0.0687736 0.64218
0 0.455775 0.572248 0.025336 0.0884544 0.63396
0 0.65511 0.311578 0.0132893 0.0639686 0.633447
0 0.620206 0.491153 0.013744 0.0745324 0.628394
0 0.131268 0.382409 0.0130623 0.0672046 0.624676
0 0.440945 0.707474 0.0269072 0.0910061 0.623433
0 0.346931 0.308576 0.0125178 0.058233 0.60705
0 0.181046 0.371861 0.0141371 0.0615646 0.563367
0 0.409147 0.318323 0.0144537 0.0613388 0.549893
0 0.275822 0.449267 0.0152532 0.0603746 0.512361
0 0.636837 0.488177 0.0146058 0.0810862 0.510818
0 0.256806 0.55023 0.0171079 0.0777613 0.467156
0 0.613817 0.705267 0.0297546 0.0931754 0.452175
0 0.231532 0.564904 0.0163967 0.0631762 0.440283
0 0.673972 0.35902 0.0131592 0.0611337 0.418749
0 0.27747 0.547395 0.0221996 0.053117 0.27538
