0 0.66552 0.617708 0.0188637 0.0967116 0.810157
0 0.360974 0.565426 0.0217479 0.0932265 0.795773
0 0.415931 0.598088 0.0225598 0.0925429 0.685739
0 0.438792 0.421213 0.0156027 0.0802658 0.672773
0 0.616174 0.509786 0.0177752 0.0770317 0.645922
0 0.905845 0.53436 0.0212364 0.0719633 0.643893
0 0.193767 0.522544 0.0197443 0.0932598 0.620414
0 0.594148 0.442084 0.0172823 0.0710108 0.619204
0 0.357126 0.242938 0.0257309 0.0537693 0.462788
0 0.550235 0.497781 0.0166489 0.0843316 0.454128
0 0.573551 0.520948 0.0214611 0.0442653 0.407483
0 0.413112 0.258344 0.0175013 0.0500148 0.268073
