0 0.347718 0.569034 0.0194703 0.094242 0.76486
0 0.653502 0.614269 0.0225969 0.0970534 0.759688
0 0.402512 0.418696 0.0168099 0.0802699 0.691297
0 0.425292 0.596087 0.0222281 0.105945 0.662014
0 0.193205 0.530871 0.0200238 0.0845384 0.58277
0 0.592181 0.513381 0.0148052 0.086415 0.549105
0 0.539874 0.497837 0.0265806 0.0954375 0.458872
0 0.56236 0.525975 0.0259062 0.0477232 0.403788
0 0.577717 0.450883 0.0170421 0.0751263 0.38032
0 0.879723 0.499895 0.031609 0.112152 0.36554
32 0.491903 0.551435 0.0101446 0.0142995 0.338275
