0 0.511354 0.699145 0.0371219 0.18292 0.874783
0 0.805103 0.678126 0.0654236 0.119529 0.832748
0 0.311397 0.838291 0.0627048 0.225808 0.82615
0 0.36453 0.874021 0.0589777 0.251958 0.798466
0 0.43083 0.822368 0.0566792 0.254554 0.795146
0 0.373024 0.694062 0.0390474 0.173361 0.793383
0 0.201197 0.678627 0.0417893 0.154732 0.714342
0 0.44593 0.631384 0.0390138 0.15916 0.702135
0 0.555559 0.971723 0.0422623 0.0565543 0.589531
32 0.681132 0.774592 0.0149366 0.0165563 0.354156
0 0.0217697 0.980547 0.0365401 0.038906 0.314129
