0 0.567334 0.726867 0.0205519 0.0882375 0.775944
0 0.563436 0.507887 0.0183784 0.0555506 0.659604
0 0.912925 0.554916 0.016996 0.0681429 0.635945
0 0.428801 0.541556 0.0171541 0.0708603 0.629452
0 0.95921 0.479428 0.0115475 0.0572923 0.557575
0 0.683025 0.474695 0.0141783 0.0484363 0.539323
0 0.467149 0.420849 0.0139946 0.0538781 0.536999
0 0.439282 0.447719 0.0225548 0.0484299 0.499758
0 0.697632 0.420234 0.0136559 0.0590316 0.490869
0 0.717549 0.496614 0.0124407 0.060438 0.432006
0 0.914262 0.401415 0.0140911 0.0482871 0.400958
0 0.68725 0.455172 0.0249643 0.0895098 0.278213
0 0.40752 0.428135 0.0133755 0.0473941 0.276731
