0 0.0468678 0.63993 0.0335489 0.101966 0.821976
0 0.60437 0.513755 0.0189493 0.0849408 0.790718
0 0.797835 0.526332 0.0266445 0.0940671 0.750893
0 0.583871 0.796021 0.0253736 0.119959 0.735463
0 0.171845 0.442701 0.0149187 0.0799231 0.597334
0 0.296397 0.331934 0.0160563 0.0631071 0.576897
0 0.445494 0.365219 0.0210295 0.0899511 0.566656
0 0.485438 0.409509 0.0169231 0.06355 0.536234
0 0.621621 0.414822 0.0171015 0.0724038 0.526545
0 0.187609 0.303589 0.0254148 0.0529587 0.475979
0 0.362444 0.37165 0.0176729 0.0708928 0.464469
0 0.608827 0.394399 0.013549 0.0789363 0.414899
0 0.615922 0.402935 0.024824 0.096805 0.404554
0 0.510021 0.384492 0.0150455 0.0388333 0.39433
0 0.917349 0.405585 0.0142004 0.0736574 0.362682
32 0.755631 0.490963 0.00771599 0.011116 0.267878
