0 0.552484 0.600822 0.019817 0.102967 0.786708
0 0.224546 0.57857 0.0318696 0.085143 0.783825
0 0.23736 0.767728 0.0234121 0.114624 0.73924
0 0.565554 0.466043 0.0163986 0.0673767 0.722059
0 0.641143 0.433119 0.0179106 0.0687227 0.686222
0 0.494162 0.648655 0.0241737 0.0919061 0.684109
0 0.97331 0.4882 0.0204536 0.0880395 0.677991
0 0.305201 0.737594 0.0314024 0.103771 0.658088
0 0.582158 0.550044 0.0224902 0.0771529 0.652106
0 0.710286 0.722901 0.019758 0.106538 0.633202
0 0.720751 0.525034 0.0179571 0.0684389 0.610947
0 0.0706655 0.623366 0.0300737 0.0846039 0.605097
0 0.692937 0.379311 0.0270577 0.0757167 0.57979
0 0.973234 0.818116 0.025886 0.123512 0.571041
0 0.406794 0.559253 0.028992 0.0680756 0.553764
0 0.95197 0.472599 0.0197224 0.0785494 0.500933
0 0.484304 0.367002 0.021311 0.0633664 0.414876
