0 0.352212 0.835739 0.0370441 0.163624 0.876863
0 0.183314 0.708133 0.0304675 0.143417 0.863025
0 0.973639 0.764009 0.0304754 0.162419 0.788634
0 0.877578 0.765064 0.0364609 0.14927 0.782671
0 0.129858 0.53269 0.0277524 0.111516 0.766029
0 0.543855 0.461844 0.0287135 0.122963 0.763394
0 0.456661 0.634105 0.0333212 0.131389 0.756985
0 0.873836 0.411177 0.0208796 0.112551 0.738737
0 0.459087 0.48185 0.0409426 0.0932488 0.684701
0 0.568123 0.322314 0.0180817 0.0941805 0.673926
0 0.502968 0.369937 0.0203722 0.100496 0.663987
0 0.428971 0.492104 0.0213116 0.10612 0.643212
0 0.750066 0.950018 0.0263196 0.0999647 0.633975
0 0.279749 0.43994 0.0201372 0.0879105 0.455713
32 0.705822 0.462229 0.0102541 0.014119 0.282765
