0 0.873376 0.579822 0.0215162 0.0780535 0.750879
0 0.666232 0.654946 0.0195763 0.0909954 0.730101
0 0.562889 0.497201 0.0247285 0.0492944 0.634109
0 0.595598 0.446468 0.0177451 0.0612866 0.586375
0 0.501141 0.508266 0.0288429 0.066286 0.575073
0 0.163624 0.532747 0.0181499 0.081276 0.570203
0 0.368179 0.596048 0.0245246 0.139883 0.532179
0 0.698199 0.508922 0.0233583 0.138183 0.488601
0 0.509354 0.442573 0.0248192 0.0812856 0.436313
0 0.401419 0.255294 0.0253129 0.06251 0.434284
0 0.452191 0.268163 0.0167167 0.0515728 0.293932
