0 0.420191 0.915471 0.0351954 0.167861 0.847133
0 0.23599 0.804559 0.0405253 0.16099 0.806532
0 0.311726 0.588762 0.0268474 0.135186 0.794657
0 0.535873 0.59206 0.0270105 0.136769 0.749776
0 0.592269 0.745183 0.0270515 0.148837 0.738676
0 0.397835 0.586952 0.0259012 0.0997857 0.690754
0 0.635483 0.54969 0.026771 0.120304 0.652206
0 0.166027 0.618379 0.0308515 0.133267 0.63474
0 0.685061 0.400905 0.0220074 0.113946 0.624962
0 0.547759 0.434007 0.0247885 0.113008 0.596802
0 0.617466 0.458092 0.0164026 0.123999 0.54583
0 0.481052 0.527546 0.0246947 0.114198 0.325658
