0 0.474726 0.517349 0.0148014 0.0768628 0.72918
0 0.29313 0.494855 0.0244724 0.0728495 0.719408
0 0.518278 0.489245 0.0216179 0.0703942 0.685972
0 0.883329 0.869662 0.0244963 0.100588 0.670884
0 0.127987 0.459717 0.0239994 0.0653376 0.667446
0 0.757174 0.62349 0.0204283 0.0778746 0.660276
0 0.0255006 0.807483 0.0268641 0.109921 0.648257
0 0.256362 0.558124 0.0236849 0.0756232 0.639151
0 0.594911 0.701261 0.0192562 0.0924166 0.595912
0 0.448542 0.429556 0.0194174 0.064071 0.524532
0 0.408918 0.425644 0.0273764 0.0566388 0.4996
0 0.598696 0.594579 0.017795 0.0799371 0.327969
0 0.541676 0.217127 0.0180427 0.0421434 0.309134
0 0.492082 0.220759 0.0192409 0.0317652 0.285523
