0 0.526274 0.474117 0.0738302 0.300305 0.854078
0 0.793089 0.480827 0.0505241 0.196292 0.79518
0 0.141795 0.437625 0.0435107 0.119663 0.684409
32 0.507757 0.60662 0.0278281 0.0328432 0.589469
0 0.710396 0.473296 0.0326956 0.0881905 0.585607
0 0.406631 0.476501 0.0382986 0.146752 0.51107
0 0.342282 0.449605 0.0402644 0.163803 0.506393
0 0.101812 0.488582 0.0515986 0.17812 0.469963
0 0.482299 0.878415 0.034153 0.0970781 0.431622
0 0.24167 0.488371 0.28507 0.708531 0.426587
0 0.342415 0.697005 0.286495 0.304054 0.42186
