0 0.583804 0.79728 0.0292776 0.110814 0.7965
0 0.782007 0.516084 0.0246153 0.0895993 0.741138
0 0.598157 0.517178 0.0261802 0.0814901 0.708491
0 0.173204 0.440398 0.015723 0.0814057 0.659698
0 0.614328 0.406555 0.0227156 0.0954649 0.616686
0 0.293511 0.332273 0.0170531 0.0677277 0.604888
0 0.508723 0.381413 0.0141388 0.0392821 0.571449
0 0.465249 0.411628 0.0164135 0.0660049 0.447333
0 0.364267 0.370772 0.015187 0.0738367 0.384212
0 0.193604 0.303006 0.0214043 0.0502219 0.309629
0 0.445259 0.343808 0.0125454 0.04257 0.29245
