0 0.473175 0.471702 0.0179245 0.0675864 0.701606
0 0.837816 0.466654 0.0163025 0.0807249 0.6923
0 0.591583 0.441752 0.0130642 0.0666695 0.644428
0 0.320485 0.639494 0.0171437 0.0838698 0.636705
0 0.940949 0.66101 0.0164906 0.0930161 0.630716
0 0.184551 0.594159 0.0216151 0.073978 0.62006
0 0.205123 0.596001 0.0183256 0.0750392 0.618902
0 0.855135 0.377349 0.0130493 0.0645903 0.581312
0 0.652301 0.559114 0.0156101 0.07314 0.572762
0 0.756162 0.400811 0.0278498 0.112042 0.571862
0 0.708247 0.449556 0.0138541 0.0662045 0.549049
0 0.675533 0.592229 0.0174628 0.0811895 0.39893
0 0.674073 0.408705 0.0236483 0.0795897 0.334793
0 0.640449 0.50889 0.0259552 0.102002 0.307721
0 0.455796 0.381229 0.017094 0.0631039 0.286039
