0 0.583001 0.43287 0.0151627 0.0583354 0.722447
0 0.280334 0.598954 0.0134742 0.0658044 0.697104
0 0.208891 0.749184 0.0163231 0.0904165 0.667518
0 0.805056 0.59852 0.0144981 0.0727002 0.63148
0 0.820943 0.424004 0.01134 0.0551501 0.588585
0 0.493201 0.753666 0.0141765 0.0798428 0.531419
0 0.759425 0.483135 0.0127558 0.0543172 0.511497
0 0.318408 0.97241 0.0238885 0.0536919 0.494656
0 0.431117 0.55214 0.0138578 0.06653 0.478348
0 0.343747 0.53352 0.0335668 0.119351 0.417775
0 0.534418 0.737795 0.0167764 0.0822818 0.402906
0 0.460011 0.373791 0.0116726 0.0414681 0.399288
0 0.461139 0.959136 0.0203993 0.0817279 0.306443
32 0.492647 0.672404 0.0118113 0.0197213 0.292471
0 0.398514 0.44312 0.013512 0.0524321 0.279989
0 0.717442 0.340467 0.00990801 0.0449584 0.256735
