0 0.591856 0.705158 0.0214574 0.0948697 0.735092
0 0.443683 0.563825 0.0203402 0.0903775 0.726408
0 0.426097 0.705661 0.0251733 0.0916085 0.708722
0 0.147163 0.596581 0.0166843 0.0831245 0.657837
0 0.353087 0.44206 0.0149982 0.070363 0.64807
0 0.668048 0.354014 0.0165842 0.0618984 0.619157
0 0.0248527 0.618329 0.0205581 0.0923409 0.593598
0 0.408913 0.315485 0.0151861 0.0598897 0.570954
0 0.347877 0.302602 0.0137091 0.0547337 0.564603
0 0.631304 0.485919 0.0180092 0.0795113 0.558916
0 0.130441 0.378001 0.0130583 0.064169 0.509228
0 0.184719 0.370549 0.0126725 0.0639831 0.496936
0 0.262137 0.548633 0.0234051 0.0801531 0.484727
0 0.219259 0.535711 0.0203396 0.0670236 0.47038
0 0.620435 0.484852 0.0108437 0.0706702 0.457855
0 0.269054 0.450217 0.0151193 0.0668031 0.44108
0 0.66485 0.332424 0.021923 0.105654 0.360551
0 0.657231 0.302766 0.0138861 0.0560268 0.256397
