0 0.764789 0.530557 0.0197652 0.100934 0.844598
0 0.94262 0.817092 0.0258366 0.133641 0.801761
0 0.779333 0.754847 0.021822 0.116621 0.768032
0 0.731749 0.378597 0.0153885 0.0866096 0.759209
0 0.368286 0.585026 0.0219901 0.0961197 0.744419
0 0.529163 0.451295 0.0169789 0.085095 0.722269
0 0.0489901 0.75999 0.018913 0.113017 0.704666
0 0.628874 0.482676 0.0177151 0.0907128 0.691059
0 0.30748 0.463484 0.0183374 0.0855518 0.647704
0 0.493902 0.535889 0.0188072 0.0930157 0.639132
0 0.447258 0.384369 0.0187832 0.0745387 0.547978
0 0.40194 0.395812 0.0137802 0.0463838 0.520423
0 0.355359 0.443376 0.015674 0.0603848 0.383852
0 0.34183 0.424078 0.0193128 0.0825387 0.344251
0 0.289718 0.430597 0.0141522 0.0737735 0.30922
9 0.110301 0.10436 0.0293699 0.102341 0.260897
