32 0.552404 0.480285 0.0574096 0.0904479 0.905724
0 0.193847 0.636016 0.265229 0.444704 0.88636
0 0.361798 0.488827 0.242504 0.766776 0.837826
0 0.508882 0.499321 0.0503007 0.199954 0.83295
0 0.149436 0.455974 0.0313905 0.155948 0.685738
0 0.965361 0.494879 0.0263687 0.114757 0.625525
0 0.853786 0.487282 0.114954 0.298289 0.542498
0 0.121385 0.490868 0.0363381 0.177548 0.477327
0 0.471146 0.877833 0.0522039 0.100176 0.466401
0 0.706817 0.48677 0.0164713 0.0616318 0.390359
0 0.88067 0.480827 0.055909 0.227798 0.384639
0 0.448095 0.913262 0.0961657 0.16936 0.366133
