0 0.425951 0.442121 0.0169249 0.0920347 0.82577
0 0.481194 0.48622 0.0176315 0.0942403 0.765991
0 0.339004 0.433531 0.0169598 0.0899646 0.745524
0 0.488966 0.635442 0.0232084 0.0880096 0.738214
0 0.180051 0.447407 0.0205177 0.0751228 0.713505
0 0.256862 0.492923 0.0151094 0.100169 0.706766
0 0.559501 0.499287 0.025663 0.0862354 0.672426
0 0.0965731 0.501488 0.0187366 0.0908947 0.621986
32 0.368345 0.538554 0.0099061 0.0147799 0.612968
0 0.719615 0.525087 0.0155977 0.0807236 0.586638
0 0.151013 0.392035 0.0177409 0.0893567 0.574598
0 0.626906 0.532346 0.0233985 0.0724387 0.508716
0 0.0713153 0.449164 0.0261858 0.0855203 0.472953
0 0.126162 0.233304 0.0314918 0.0444783 0.453108
0 0.263463 0.243519 0.0192853 0.0499205 0.334386
