0 0.429429 0.45235 0.0251381 0.0921597 0.747716
0 0.20821 0.739951 0.0256342 0.0857908 0.746835
0 0.290206 0.524315 0.0194094 0.0549058 0.682948
0 0.528816 0.708926 0.0141982 0.0723844 0.629337
0 0.556521 0.716446 0.0181288 0.0811368 0.623922
0 0.885121 0.437284 0.0129234 0.058157 0.577582
0 0.203564 0.517977 0.0208692 0.0610389 0.542528
0 0.356131 0.411859 0.0153662 0.0522181 0.485712
0 0.788348 0.496835 0.0221836 0.0728803 0.467385
0 0.517354 0.399031 0.0124069 0.045365 0.443271
0 0.593127 0.414512 0.0127083 0.0546219 0.434025
0 0.606874 0.369264 0.0102127 0.0474403 0.402085
0 0.37679 0.342328 0.0189902 0.0865734 0.392999
0 0.825018 0.591874 0.0261885 0.077562 0.38648
0 0.248309 0.440579 0.0148338 0.0412359 0.340344
0 0.738583 0.344825 0.0156055 0.0590825 0.288077
