0 0.388064 0.527622 0.0203031 0.0889579 0.748435
0 0.372689 0.349704 0.0137722 0.0721088 0.693545
0 0.17797 0.400141 0.0168606 0.0847119 0.667414
0 0.51874 0.417261 0.0191481 0.0658605 0.649789
0 0.34411 0.33179 0.0148656 0.084943 0.62297
0 0.681238 0.248129 0.0136664 0.0600193 0.60968
0 0.761269 0.364496 0.0174046 0.0746051 0.587051
0 0.377617 0.242215 0.0154878 0.0708204 0.564515
0 0.46458 0.341048 0.0135921 0.0601112 0.5518
0 0.624338 0.334463 0.0148336 0.063384 0.529219
0 0.731404 0.348898 0.012655 0.0754724 0.518706
0 0.747398 0.5391 0.0199703 0.0739582 0.506808
0 0.633354 0.254954 0.0148739 0.0460024 0.488317
0 0.57556 0.283199 0.0143015 0.0659295 0.448371
0 0.72027 0.470869 0.0262377 0.127119 0.446094
0 0.0140345 0.405541 0.0159237 0.0841319 0.428012
0 0.42406 0.236465 0.0137035 0.068134 0.417371
