0 0.582314 0.79959 0.0388401 0.0952033 0.786765
0 0.116133 0.388948 0.0154691 0.0758874 0.742228
0 0.490446 0.558275 0.0159208 0.0848312 0.734408
0 0.763057 0.63141 0.0222654 0.0856387 0.722291
0 0.68095 0.383961 0.0144287 0.0618662 0.638023
0 0.568984 0.303176 0.0153122 0.0582128 0.623691
0 0.187067 0.391883 0.016372 0.0700029 0.616552
0 0.341937 0.352004 0.0134481 0.0583481 0.611663
0 0.386831 0.362825 0.0177749 0.0652596 0.596287
0 0.709467 0.373717 0.0141623 0.0696782 0.55214
0 0.51356 0.384244 0.0167974 0.0610099 0.520626
0 0.35913 0.256039 0.0109238 0.0562089 0.470507
0 0.24229 0.294184 0.0119976 0.0565347 0.453878
0 0.657921 0.283514 0.0113962 0.0540935 0.451354
0 0.619092 0.346136 0.0134779 0.0634998 0.37571
0 0.726805 0.497379 0.0173216 0.0589089 0.347646
0 0.587953 0.27049 0.0131384 0.0568104 0.341253
0 0.404626 0.242969 0.0127172 0.0562861 0.307911
