0 0.543497 0.528266 0.0136349 0.0567097 0.733863
0 0.511641 0.744476 0.0179782 0.0839937 0.726303
0 0.38031 0.527394 0.0173017 0.0637165 0.681685
0 0.781144 0.525187 0.0135945 0.0599226 0.654322
0 0.407847 0.437714 0.019398 0.0501057 0.621738
0 0.622367 0.454616 0.014971 0.0516908 0.599585
0 0.930473 0.815604 0.0262161 0.096052 0.583112
0 0.685138 0.487725 0.0178608 0.0551494 0.562899
0 0.934862 0.503926 0.0199978 0.0567286 0.543082
0 0.892256 0.804623 0.0168766 0.0909739 0.523038
0 0.856083 0.456942 0.0140572 0.0478156 0.498064
0 0.640449 0.409411 0.0140615 0.0509816 0.443477
0 0.313407 0.437786 0.0202468 0.0464389 0.410099
0 0.989435 0.525335 0.0204834 0.0575317 0.30081
