0 0.208632 0.72858 0.0278574 0.12795 0.882547
0 0.915123 0.741558 0.0247227 0.144236 0.830175
0 0.33548 0.803703 0.0238179 0.13933 0.828561
0 0.626111 0.879308 0.0257303 0.141879 0.754068
0 0.572659 0.480775 0.0193262 0.103087 0.730378
0 0.544236 0.528233 0.0206745 0.0992545 0.719938
0 0.305299 0.544095 0.0229255 0.0978631 0.712349
0 0.783314 0.715488 0.0269808 0.122953 0.711859
0 0.834334 0.431047 0.0170031 0.10076 0.706481
0 0.432187 0.621894 0.0267673 0.112388 0.675451
0 0.458702 0.45566 0.0253403 0.136988 0.669311
0 0.601053 0.357568 0.0231878 0.067402 0.587143
0 0.50285 0.382702 0.0199643 0.0693627 0.49038
0 0.420763 0.410318 0.0214464 0.111935 0.463722
0 0.304921 0.429112 0.0337083 0.0686232 0.425815
