0 0.189861 0.508183 0.022081 0.0908763 0.802228
0 0.515134 0.506647 0.0185045 0.0902644 0.77493
0 0.32004 0.612535 0.0218491 0.0934977 0.756528
0 0.771264 0.462494 0.0182254 0.0807353 0.667706
0 0.725804 0.605547 0.0209901 0.0904667 0.638944
0 0.366148 0.420092 0.0168403 0.0836567 0.632839
0 0.743908 0.496801 0.0152777 0.0784251 0.592994
0 0.598866 0.375648 0.0160093 0.0700557 0.579753
0 0.701058 0.339503 0.0124556 0.0674253 0.575392
0 0.635464 0.428047 0.0136051 0.0760593 0.552172
0 0.711841 0.597032 0.0207357 0.0973881 0.551445
0 0.405347 0.341222 0.0144241 0.0662632 0.539431
0 0.66741 0.36138 0.0141638 0.0743079 0.50219
0 0.210072 0.388691 0.0305338 0.0793244 0.501776
0 0.75561 0.421807 0.0162479 0.070164 0.466807
0 0.413921 0.430382 0.0180436 0.0681291 0.445192
0 0.449537 0.405986 0.0142504 0.0681754 0.41365
0 0.112469 0.266332 0.0180127 0.0563425 0.345066
0 0.560801 0.28159 0.0142284 0.0558651 0.29409
