0 0.332146 0.608897 0.0279606 0.0977164 0.725783
0 0.194694 0.499867 0.018507 0.0909042 0.693972
0 0.780267 0.455703 0.0193672 0.0837176 0.65925
0 0.37004 0.413683 0.0164824 0.0876558 0.634001
0 0.458593 0.40593 0.0149526 0.0695774 0.632179
0 0.415175 0.426522 0.0155954 0.0710037 0.628075
0 0.604837 0.369956 0.015446 0.0739738 0.624939
0 0.521728 0.504017 0.0153111 0.0857322 0.569767
0 0.732993 0.60069 0.0263476 0.0961839 0.554979
0 0.671515 0.355044 0.0154483 0.075005 0.524605
0 0.708217 0.335966 0.0132441 0.06939 0.505125
0 0.408863 0.336526 0.0113018 0.0577909 0.493143
0 0.721299 0.595171 0.0246128 0.0973131 0.446087
0 0.750492 0.497102 0.0159324 0.0735102 0.437348
0 0.643935 0.422055 0.0143085 0.0810371 0.396875
0 0.572318 0.271556 0.0118813 0.0595369 0.338705
0 0.757106 0.432829 0.0210278 0.0993812 0.260566
