0 0.351591 0.914099 0.0209647 0.113287 0.778771
0 0.606791 0.668404 0.0275322 0.0859808 0.736887
0 0.414341 0.905963 0.0237742 0.113388 0.720752
0 0.223404 0.423333 0.0182703 0.0634972 0.718254
0 0.489053 0.660489 0.0244366 0.0771186 0.684894
0 0.762003 0.931989 0.0259285 0.113615 0.630435
0 0.822615 0.967943 0.0303635 0.0641135 0.580327
0 0.254274 0.430392 0.0157171 0.0576781 0.576918
0 0.680804 0.433754 0.0171022 0.0652754 0.575216
0 0.402298 0.526552 0.0365872 0.07943 0.562551
0 0.233875 0.304183 0.0131342 0.0906674 0.5515
0 0.701468 0.324484 0.0172035 0.0580534 0.547211
0 0.646852 0.448513 0.0181241 0.0475384 0.52322
0 0.345476 0.339726 0.0122761 0.0418994 0.516119
0 0.681041 0.27435 0.0123554 0.0435728 0.514131
0 0.421765 0.339916 0.0130133 0.0565768 0.485981
0 0.262245 0.587582 0.0198047 0.0769901 0.479683
0 0.464059 0.426412 0.0146335 0.0644274 0.422407
