0 0.375567 0.761133 0.0242477 0.114552 0.807557
0 0.695197 0.624995 0.0195185 0.10505 0.801818
0 0.427373 0.737315 0.0231701 0.109287 0.765233
0 0.289904 0.576517 0.0240851 0.0897315 0.759884
0 0.741826 0.617408 0.0205587 0.0995941 0.756647
0 0.832645 0.381003 0.0200783 0.0860828 0.72608
0 0.924819 0.536438 0.0205183 0.0701151 0.716551
0 0.496564 0.585024 0.0195747 0.0881708 0.701496
0 0.1555 0.588305 0.018394 0.086688 0.684066
0 0.110399 0.610475 0.0167448 0.0823132 0.663633
0 0.617358 0.659961 0.0159754 0.0976355 0.64337
0 0.748097 0.4174 0.0174051 0.0705102 0.633983
0 0.884157 0.752263 0.022599 0.11025 0.622961
0 0.657572 0.45 0.0190741 0.0744717 0.575017
0 0.614215 0.363581 0.0247525 0.0828059 0.526075
