0 0.566873 0.592805 0.0203001 0.0881231 0.801311
0 0.465996 0.436729 0.0182194 0.0751151 0.777117
0 0.507606 0.57454 0.0254634 0.0781898 0.734275
0 0.181097 0.500846 0.031392 0.13607 0.697786
0 0.566672 0.484724 0.0226838 0.076798 0.65516
0 0.511119 0.471521 0.0239751 0.0735731 0.639402
0 0.0475188 0.463911 0.0221404 0.0757894 0.628279
0 0.287608 0.401735 0.0281757 0.0787207 0.585987
0 0.339072 0.362612 0.015278 0.0545554 0.566248
0 0.180946 0.358308 0.0201412 0.066727 0.562666
0 0.310945 0.424677 0.0209768 0.0631136 0.48168
0 0.690877 0.415707 0.0245584 0.0570157 0.250944
