0 0.34308 0.348313 0.0137305 0.068504 0.74549
0 0.115017 0.386663 0.02372 0.0772152 0.698498
0 0.188257 0.38712 0.0149232 0.0706302 0.664175
0 0.767365 0.61076 0.0206768 0.0729669 0.656921
0 0.568081 0.296384 0.0137785 0.053481 0.638594
0 0.486373 0.555091 0.0167301 0.081406 0.634734
0 0.581894 0.794684 0.028949 0.0972748 0.6119
0 0.384179 0.358552 0.0151375 0.0633216 0.608579
0 0.658366 0.275327 0.0119814 0.0521303 0.579393
0 0.510128 0.376781 0.0146545 0.0557849 0.548291
0 0.405726 0.240351 0.013534 0.0612278 0.53298
0 0.682268 0.375832 0.0147007 0.0561476 0.529504
0 0.360145 0.252225 0.0112669 0.0543848 0.463566
0 0.728226 0.489212 0.0166824 0.0596373 0.460355
0 0.243061 0.29122 0.0131013 0.0511531 0.448367
0 0.567647 0.188729 0.0102118 0.0490398 0.401816
0 0.617977 0.337619 0.0144587 0.0623024 0.380571
0 0.71238 0.367193 0.0155945 0.0607895 0.37907
0 0.590021 0.261072 0.0118252 0.0484261 0.275819
