0 0.526553 0.72056 0.0213368 0.0866137 0.717466
0 0.173952 0.748362 0.0271976 0.0919469 0.688151
0 0.398126 0.45556 0.0185488 0.0954586 0.685551
0 0.747029 0.495677 0.0224283 0.0640236 0.599649
0 0.495936 0.713132 0.0161982 0.0747613 0.556479
0 0.532249 0.405357 0.0130133 0.0517605 0.540564
0 0.842039 0.430681 0.0120636 0.0587872 0.505696
0 0.508394 0.404598 0.0113801 0.048173 0.485104
0 0.485193 0.39505 0.0163464 0.0536667 0.464051
0 0.705685 0.348662 0.012478 0.0434076 0.424428
0 0.338206 0.380792 0.0207027 0.0873006 0.399701
0 0.203723 0.520198 0.0202242 0.0612291 0.394697
0 0.244804 0.456154 0.0185882 0.0486872 0.363204
0 0.25601 0.539406 0.0128332 0.0554971 0.361476
0 0.565916 0.371052 0.0120972 0.0451441 0.357628
0 0.335048 0.40047 0.0147699 0.0493985 0.335073
0 0.792486 0.58477 0.0191478 0.0763799 0.289663
