0 0.329416 0.737712 0.0226549 0.0834829 0.763172
0 0.678445 0.740544 0.0180943 0.0867923 0.724781
0 0.956861 0.630697 0.0224701 0.0794364 0.604495
0 0.394953 0.520816 0.0172083 0.052393 0.579152
0 0.54633 0.484143 0.0179871 0.059162 0.529234
0 0.829831 0.46772 0.0140999 0.0645481 0.519269
0 0.309359 0.447454 0.0113152 0.0424016 0.468426
0 0.650327 0.728215 0.0148616 0.0740751 0.452413
0 0.931024 0.545343 0.0243345 0.0673464 0.43136
0 0.633396 0.423144 0.0112569 0.044411 0.424065
0 0.527014 0.467492 0.0139757 0.0469364 0.423042
0 0.74604 0.4599 0.0171252 0.0522683 0.404032
0 0.478334 0.389054 0.0120422 0.0439211 0.397772
0 0.271129 0.435786 0.0156621 0.046514 0.330979
0 0.265807 0.513624 0.0247237 0.0680345 0.296156
0 0.450838 0.432013 0.015127 0.0540383 0.269379
