0 0.324974 0.938264 0.0228281 0.116572 0.746427
0 0.60445 0.668052 0.0187642 0.091696 0.702482
0 0.213333 0.437471 0.0192751 0.0626263 0.68788
0 0.691464 0.331575 0.0218632 0.0585441 0.681279
0 0.415305 0.540664 0.0224499 0.0762085 0.668023
0 0.391998 0.924303 0.0228255 0.106514 0.659682
0 0.658071 0.439102 0.0132091 0.0734473 0.644506
0 0.208411 0.316748 0.017749 0.0872025 0.622064
0 0.25619 0.440969 0.0138888 0.0567057 0.616389
0 0.265563 0.601895 0.0229367 0.0845656 0.609427
0 0.633576 0.459368 0.0184278 0.0505302 0.581329
0 0.405941 0.354322 0.0149874 0.061863 0.550655
0 0.49106 0.653739 0.0167269 0.0795909 0.534442
0 0.664147 0.280556 0.0139129 0.0507284 0.51014
0 0.752827 0.940577 0.0240727 0.110236 0.468848
0 0.8054 0.974299 0.0285082 0.0514016 0.434631
0 0.330002 0.35401 0.0130409 0.0485931 0.41731
0 0.392762 0.25557 0.0109982 0.0486983 0.397445
0 0.45444 0.437052 0.0123131 0.0622907 0.313877
