0 0.664862 0.31556 0.019969 0.117499 0.717864
0 0.445582 0.55016 0.0163042 0.0898125 0.674221
0 0.0339541 0.596361 0.0166803 0.0893265 0.656729
0 0.575192 0.691782 0.0275075 0.0993496 0.654357
0 0.180511 0.558684 0.0194002 0.0789897 0.629576
0 0.260093 0.554757 0.0169275 0.0754998 0.589736
0 0.41754 0.696622 0.0155838 0.0959784 0.566915
0 0.341542 0.439316 0.0159445 0.0756863 0.540743
0 0.355627 0.292836 0.0129843 0.0589325 0.535376
0 0.413235 0.306815 0.0163099 0.0642755 0.477937
0 0.205844 0.54051 0.0166357 0.0749758 0.441144
0 0.348005 0.972277 0.0261766 0.0554458 0.421326
0 0.634526 0.473373 0.0227783 0.0799259 0.419473
0 0.265925 0.447269 0.0178538 0.0697673 0.417489
0 0.261842 0.982517 0.0231077 0.0349652 0.37098
0 0.19263 0.365007 0.0142262 0.0628613 0.318257
0 0.0186275 0.508497 0.0164198 0.0659797 0.313457
0 0.278785 0.536534 0.0174775 0.0480598 0.278778
