0 0.476695 0.617068 0.0337063 0.0942059 0.86415
0 0.148595 0.418194 0.021544 0.0885988 0.754262
0 0.380105 0.451551 0.024257 0.0640746 0.664445
0 0.265559 0.51967 0.0249406 0.0947425 0.657883
0 0.503308 0.516675 0.0201109 0.0946962 0.633943
0 0.0728942 0.524883 0.0133629 0.0826977 0.596353
0 0.431945 0.465253 0.019138 0.0708569 0.588607
0 0.630362 0.522931 0.0194223 0.0845072 0.582498
0 0.471051 0.495249 0.0187305 0.0753469 0.558134
32 0.404402 0.56251 0.00979347 0.0174756 0.372197
0 0.259862 0.446126 0.0194516 0.0783369 0.332749
