0 0.797249 0.582898 0.0154728 0.0754081 0.651551
0 0.822813 0.41291 0.0133659 0.0550908 0.648281
0 0.199544 0.746251 0.0186051 0.0876692 0.646164
0 0.539781 0.723751 0.0171513 0.087086 0.622288
0 0.280152 0.578955 0.0134384 0.0634157 0.594223
0 0.755892 0.47416 0.0132128 0.0585798 0.588096
0 0.334856 0.531746 0.0132743 0.0603926 0.495341
0 0.433611 0.526169 0.0127411 0.0576502 0.440205
0 0.373425 0.358197 0.0140418 0.0420203 0.399544
0 0.486854 0.717821 0.0161407 0.120427 0.392895
0 0.547805 0.414176 0.0114357 0.0457651 0.360455
0 0.722322 0.334019 0.0103275 0.0451348 0.336504
0 0.465787 0.373765 0.0137573 0.0427734 0.332458
0 0.316835 0.982115 0.0241172 0.0357698 0.291096
0 0.39452 0.422268 0.0132327 0.0513994 0.276032
0 0.57205 0.407053 0.0117392 0.0697244 0.274564
0 0.489745 0.353385 0.0125534 0.0382116 0.273524
