0 0.601543 0.67771 0.0186251 0.109708 0.788891
0 0.322535 0.703288 0.0228939 0.130939 0.756005
0 0.327442 0.537662 0.0170382 0.0955471 0.75241
0 0.643829 0.748889 0.0222746 0.10562 0.712201
0 0.400812 0.719638 0.034835 0.104853 0.691962
0 0.714961 0.634966 0.0456537 0.0965639 0.677407
0 0.234648 0.667828 0.0312464 0.108584 0.6733
0 0.544162 0.585029 0.0252546 0.0924223 0.670545
0 0.491167 0.572051 0.0231813 0.0854312 0.567342
0 0.552306 0.675988 0.0347442 0.059725 0.466536
0 0.838821 0.573254 0.0217031 0.061555 0.254597
