0 0.0765711 0.501718 0.0171123 0.104063 0.766692
0 0.174051 0.452398 0.0200366 0.0924788 0.760563
0 0.255891 0.444267 0.0189482 0.0908478 0.734855
0 0.54883 0.56228 0.0229022 0.0913528 0.716033
0 0.459747 0.528893 0.019513 0.0887483 0.683792
0 0.269874 0.720163 0.0217909 0.118431 0.67183
0 0.32979 0.478546 0.0150559 0.0868098 0.646282
0 0.429222 0.426928 0.0241941 0.118312 0.447226
0 0.745434 0.588997 0.017381 0.0969518 0.426234
0 0.503105 0.414392 0.0269931 0.0659075 0.307137
0 0.0808101 0.245464 0.0234153 0.0538111 0.261933
