0 0.688157 0.419809 0.02188 0.107406 0.856899
0 0.519636 0.80713 0.0365539 0.0861749 0.816929
0 0.35008 0.399748 0.0320405 0.0838481 0.81205
0 0.881871 0.582412 0.0293043 0.144041 0.75488
0 0.743533 0.484387 0.0235715 0.10817 0.739623
0 0.547666 0.480982 0.0191177 0.113203 0.710707
0 0.569747 0.618776 0.0218729 0.126956 0.702839
0 0.839334 0.461837 0.0223949 0.103316 0.653064
0 0.820568 0.450464 0.0357372 0.0963736 0.533644
0 0.88284 0.501707 0.0222092 0.0666573 0.377918
0 0.811739 0.431942 0.021081 0.083331 0.256577
