0 0.775002 0.659108 0.0289524 0.128246 0.797512
0 0.639722 0.818743 0.042123 0.126779 0.789977
0 0.278008 0.758576 0.0234006 0.132471 0.753838
0 0.291194 0.577011 0.0211896 0.104501 0.742228
0 0.599424 0.732718 0.0209888 0.114197 0.738793
0 0.237857 0.720873 0.0228607 0.115867 0.716123
0 0.441095 0.616586 0.0264935 0.101886 0.663595
0 0.359917 0.766389 0.0214605 0.115596 0.655508
0 0.630748 0.657969 0.0260471 0.0904892 0.597739
0 0.551592 0.722458 0.0273813 0.0599504 0.55724
0 0.516912 0.620558 0.0190653 0.104645 0.535348
0 0.871949 0.602563 0.0304699 0.0706229 0.273988
0 0.280883 0.354938 0.0279677 0.0590673 0.257575
