0 0.897174 0.735686 0.0303356 0.142933 0.834975
0 0.322445 0.787872 0.0224422 0.134349 0.818109
0 0.195032 0.729299 0.0218141 0.124036 0.806717
0 0.826163 0.436843 0.0175026 0.0981456 0.771443
0 0.572542 0.542119 0.0239456 0.0957511 0.731185
0 0.583533 0.844968 0.025009 0.131567 0.697731
0 0.370251 0.557638 0.0199499 0.0977447 0.679475
0 0.341708 0.416055 0.0198479 0.0804772 0.639861
0 0.762838 0.702803 0.0238143 0.118301 0.632717
0 0.505187 0.38003 0.0179453 0.0689926 0.623303
0 0.6003 0.357993 0.0180982 0.0725288 0.615177
0 0.41592 0.623448 0.0199316 0.10619 0.566944
0 0.588226 0.489747 0.0179785 0.0956645 0.436913
0 0.45852 0.471808 0.022945 0.105475 0.398139
0 0.442612 0.414437 0.0214297 0.0566444 0.337875
0 0.468972 0.421428 0.0137037 0.0653403 0.298738
0 0.419851 0.443323 0.0136644 0.0511573 0.275958
