0 0.901861 0.763232 0.0246506 0.120487 0.865157
0 0.337533 0.742151 0.0354656 0.106146 0.778973
0 0.939878 0.482475 0.0250448 0.0909622 0.757474
0 0.676178 0.384585 0.0193493 0.0779017 0.739331
0 0.249191 0.760533 0.0370968 0.112752 0.733792
0 0.513339 0.610524 0.0282852 0.132454 0.678553
0 0.586445 0.493596 0.0187193 0.0763941 0.664663
0 0.853887 0.468608 0.0221434 0.0883133 0.660406
0 0.678268 0.693898 0.0193928 0.100701 0.652105
0 0.315498 0.578314 0.0159269 0.0849052 0.648983
0 0.662493 0.506489 0.0169474 0.0804011 0.621015
0 0.508204 0.493983 0.0154361 0.0716254 0.612918
0 0.00785904 0.680027 0.0156668 0.103585 0.594156
0 0.702369 0.394119 0.0207516 0.0598134 0.543154
0 0.624301 0.462801 0.0200151 0.0546718 0.542418
0 0.472434 0.532247 0.0165212 0.0775139 0.517748
0 0.455076 0.371286 0.0196271 0.0599136 0.493682
0 0.150829 0.614727 0.0373065 0.0854438 0.47736
0 0.521138 0.561328 0.021434 0.0773514 0.376186
0 0.0338058 0.953423 0.0367689 0.0931541 0.26508
