0 0.27786 0.618857 0.0191515 0.0962559 0.808412
0 0.463918 0.512686 0.0161217 0.0916658 0.737448
0 0.134115 0.514526 0.0185177 0.0902903 0.676628
0 0.712864 0.478237 0.0159292 0.0774863 0.638917
0 0.368284 0.433376 0.0233294 0.0872808 0.63629
0 0.504634 0.296002 0.0150399 0.0620033 0.585747
0 0.734456 0.450173 0.0145036 0.106324 0.508239
0 0.175108 0.379039 0.0155509 0.0784173 0.462341
0 0.405181 0.414615 0.0179394 0.0774132 0.461677
0 0.578944 0.442403 0.018853 0.0870401 0.448792
0 0.422995 0.362332 0.0176941 0.0720227 0.44498
0 0.69068 0.592595 0.0302431 0.0928171 0.442023
0 0.667126 0.345622 0.012524 0.0658337 0.380661
0 0.638026 0.371451 0.0156386 0.0682909 0.362025
0 0.481233 0.272046 0.0273085 0.0411831 0.298123
0 0.571672 0.376233 0.0115416 0.055357 0.257799
