0 0.851303 0.415792 0.0209702 0.108953 0.858935
0 0.208789 0.719119 0.0285564 0.134961 0.85625
0 0.494473 0.497255 0.0204192 0.0976038 0.836722
0 0.947545 0.750385 0.030582 0.156956 0.829628
0 0.347758 0.82237 0.0302685 0.156118 0.802175
0 0.835552 0.741356 0.0316664 0.13771 0.787709
0 0.4435 0.623906 0.026242 0.119344 0.742811
0 0.203423 0.530712 0.029064 0.110613 0.732055
0 0.690344 0.928685 0.0364553 0.142629 0.715766
0 0.555769 0.46405 0.0195152 0.113631 0.690078
0 0.499866 0.371622 0.0174131 0.0874989 0.688484
0 0.583895 0.331055 0.0214766 0.0756629 0.421896
0 0.43808 0.487406 0.0173542 0.0829751 0.414136
0 0.445392 0.423994 0.0221424 0.0892256 0.395238
