0 0.432796 0.694035 0.0237597 0.123665 0.796851
0 0.744636 0.40784 0.0247429 0.0772685 0.776591
0 0.465795 0.500754 0.0236738 0.0843487 0.721314
0 0.697652 0.487729 0.0225126 0.102172 0.666856
0 0.59935 0.406005 0.017186 0.0704018 0.654821
0 0.504351 0.407485 0.017454 0.080083 0.643179
0 0.632938 0.405077 0.0182114 0.0773975 0.637311
0 0.85474 0.589697 0.0265892 0.0945431 0.588226
0 0.940306 0.522209 0.0273308 0.0851491 0.51375
0 0.652348 0.38425 0.0180506 0.0658807 0.473034
0 0.879218 0.322436 0.0183249 0.0738925 0.353674
0 0.98047 0.934219 0.0254829 0.119674 0.331234
0 0.686029 0.424362 0.0206669 0.064212 0.281076
