0 0.178231 0.754919 0.0249167 0.0970442 0.66846
0 0.528566 0.726626 0.015731 0.0948358 0.664601
0 0.495553 0.728031 0.016021 0.0780979 0.614878
0 0.827275 0.42483 0.0153887 0.0600335 0.474747
0 0.254654 0.540549 0.0197712 0.0990626 0.468853
0 0.467455 0.371467 0.0132586 0.0345011 0.431589
0 0.707533 0.343208 0.0133632 0.0398326 0.376735
0 0.574863 0.425494 0.0142355 0.0548457 0.327102
0 0.269509 0.447913 0.0147758 0.0460204 0.310363
0 0.387314 0.424879 0.0143935 0.0486932 0.30927
0 0.525054 0.397162 0.0184269 0.0838296 0.289049
0 0.743826 0.489006 0.0145962 0.0629356 0.280399
0 0.297172 0.490688 0.017741 0.049619 0.266395
0 0.791364 0.584536 0.0129242 0.0721163 0.256664
