0 0.269164 0.366335 0.0160831 0.0820033 0.752573
0 0.168455 0.292017 0.0145472 0.0711277 0.695221
0 0.11847 0.379748 0.0143724 0.0707352 0.678007
0 0.474519 0.592138 0.0188671 0.0901852 0.672544
0 0.493634 0.39863 0.0167635 0.0599649 0.647223
0 0.0630985 0.379482 0.0193378 0.0736421 0.633783
0 0.528264 0.731582 0.0260815 0.0988332 0.610968
0 0.730087 0.604722 0.0312246 0.0768182 0.600625
0 0.666866 0.710978 0.029882 0.0905806 0.585631
0 0.581556 0.970454 0.027204 0.0590916 0.519874
0 0.341956 0.352349 0.012537 0.066883 0.510589
0 0.557648 0.294666 0.0179668 0.049474 0.479852
0 0.503524 0.294592 0.0165974 0.0757684 0.405885
0 0.287476 0.235939 0.0132676 0.0513631 0.376665
0 0.421466 0.965514 0.0158964 0.0689729 0.345219
0 0.49818 0.169457 0.0115408 0.0449217 0.25611
