0 0.137025 0.732717 0.0245612 0.120034 0.803494
0 0.884161 0.740621 0.0284573 0.131634 0.795677
0 0.298651 0.781323 0.0216201 0.120662 0.789308
0 0.36466 0.646952 0.0213955 0.101112 0.735475
0 0.625696 0.53815 0.0214595 0.110567 0.717777
0 0.726829 0.699999 0.0207517 0.111014 0.715782
0 0.482986 0.460461 0.0197014 0.0776876 0.715016
0 0.826227 0.465054 0.0154306 0.0865775 0.70731
0 0.500526 0.808895 0.0256641 0.124315 0.707155
0 0.454033 0.50842 0.0182243 0.085038 0.655603
0 0.415071 0.435489 0.0273965 0.0915195 0.638333
0 0.501022 0.579648 0.0252637 0.089628 0.622077
0 0.527379 0.469576 0.0176855 0.0670224 0.596527
0 0.599971 0.379079 0.015966 0.0744922 0.431011
0 0.575949 0.388266 0.0165803 0.0553479 0.310338
0 0.984237 0.497053 0.0138924 0.0901374 0.294437
