0 0.902171 0.934358 0.0675087 0.131285 0.89912
0 0.428341 0.891368 0.0672938 0.217264 0.877618
0 0.653196 0.583423 0.0316391 0.125089 0.849115
0 0.697732 0.753517 0.0580214 0.194324 0.817193
0 0.52121 0.724082 0.0406324 0.203328 0.80006
0 0.15764 0.944637 0.0841253 0.110625 0.797047
0 0.427467 0.719997 0.0354591 0.185635 0.787918
0 0.259749 0.944387 0.0470553 0.111226 0.783735
0 0.166858 0.685939 0.03772 0.165114 0.766218
0 0.848572 0.528544 0.0253422 0.102028 0.549923
0 0.970319 0.71723 0.0584019 0.163577 0.483732
0 0.874525 0.55255 0.0193333 0.105033 0.442236
0 0.889521 0.547872 0.020789 0.108406 0.415086
