0 0.01611 0.692531 0.0284972 0.0839439 0.709608
0 0.439905 0.583649 0.0290728 0.081386 0.694732
0 0.279133 0.604827 0.02334 0.0729745 0.688475
0 0.605753 0.679454 0.0257254 0.0906872 0.679761
0 0.246152 0.487602 0.017012 0.0673347 0.67807
0 0.155677 0.36362 0.0135005 0.0632259 0.658705
0 0.481834 0.675967 0.0202845 0.0825626 0.587024
0 0.645682 0.309785 0.0136414 0.05911 0.585471
0 0.303659 0.405108 0.0144852 0.0593514 0.55709
0 0.638662 0.47017 0.0131645 0.0700836 0.555327
0 0.277432 0.975101 0.0299777 0.0497976 0.544949
0 0.274659 0.501734 0.0200448 0.0618323 0.529361
0 0.691452 0.355875 0.013914 0.0570413 0.500334
0 0.176471 0.340492 0.0118955 0.0520401 0.498967
0 0.384861 0.397672 0.0133857 0.0667803 0.495458
0 0.357363 0.967165 0.0234971 0.0656702 0.415753
0 0.354833 0.290479 0.0126015 0.049136 0.396799
0 0.613978 0.47965 0.0119732 0.0659696 0.346598
