0 0.356403 0.877529 0.0629122 0.244941 0.898303
0 0.180407 0.889195 0.0773437 0.22161 0.895627
0 0.466207 0.863902 0.0810039 0.272195 0.875642
0 0.5616 0.867958 0.0640888 0.264084 0.869648
0 0.244433 0.728942 0.0623929 0.196668 0.865382
0 0.771326 0.931716 0.10591 0.136567 0.849134
0 0.459807 0.687537 0.0455011 0.174906 0.724848
0 0.537269 0.700875 0.0441595 0.204482 0.672165
0 0.960236 0.631483 0.0723736 0.136925 0.670475
0 0.52692 0.595701 0.0259193 0.121169 0.618426
32 0.652366 0.667008 0.0147383 0.0143409 0.515496
0 0.940113 0.629624 0.033205 0.132633 0.289969
