0 0.33946 0.808842 0.0269188 0.145958 0.837867
0 0.922486 0.743919 0.0256151 0.143626 0.799403
0 0.639106 0.890276 0.0427896 0.144256 0.797798
0 0.796991 0.719356 0.034651 0.128135 0.792929
0 0.212428 0.726671 0.0254175 0.128449 0.790875
0 0.533126 0.520267 0.0266853 0.102803 0.782417
0 0.283331 0.539348 0.0253826 0.102614 0.762245
0 0.570678 0.478564 0.0165928 0.107561 0.691982
0 0.839345 0.42556 0.0162458 0.0955743 0.66382
0 0.438116 0.62315 0.0251565 0.11205 0.660373
0 0.501246 0.378186 0.0180957 0.074767 0.592244
0 0.456525 0.455877 0.0250818 0.13885 0.569387
0 0.604122 0.353676 0.0218407 0.0684534 0.553832
0 0.316792 0.411174 0.016552 0.0633757 0.378635
0 0.433783 0.428318 0.0262768 0.0721798 0.272723
9 0.110592 0.104384 0.0297985 0.102783 0.25712
