0 0.226542 0.539609 0.0268956 0.11225 0.792653
0 0.702417 0.62716 0.0310083 0.123283 0.786699
0 0.769513 0.463582 0.0216036 0.113706 0.758497
0 0.793174 0.529668 0.0229712 0.114517 0.729706
0 0.565056 0.405454 0.0183111 0.0851084 0.717894
0 0.623105 0.409297 0.0183388 0.11501 0.703355
0 0.65466 0.328927 0.0280706 0.0882367 0.697986
0 0.210263 0.890431 0.0286854 0.154078 0.696033
0 0.555261 0.520023 0.0176166 0.107323 0.694848
0 0.483836 0.436474 0.021443 0.0894502 0.615569
0 0.288663 0.46324 0.0276841 0.0813139 0.563973
