0 0.178661 0.468355 0.305277 0.789999 0.877903
0 0.847253 0.496399 0.0877327 0.301809 0.840603
0 0.521841 0.499476 0.0418352 0.19884 0.814821
0 0.329882 0.500001 0.0651503 0.288594 0.763087
0 0.902616 0.50821 0.0669388 0.198652 0.748602
0 0.471597 0.877862 0.0520273 0.100556 0.672684
0 0.126844 0.673083 0.101669 0.33719 0.606738
0 0.975021 0.501973 0.0489731 0.102975 0.600635
0 0.439089 0.488937 0.0260574 0.0935919 0.536644
32 0.378846 0.497365 0.0538753 0.091684 0.536514
0 0.133969 0.455566 0.0541518 0.151772 0.493032
0 0.157966 0.684501 0.212021 0.367757 0.419612
0 0.73248 0.489077 0.0210962 0.0606375 0.38474
