0 0.309903 0.614733 0.0180456 0.0933353 0.729139
0 0.3614 0.426357 0.0200716 0.0844887 0.71185
0 0.505571 0.511185 0.0140514 0.0856049 0.709294
0 0.693275 0.344667 0.0136829 0.0648493 0.685953
0 0.183643 0.512924 0.0218955 0.0906872 0.67212
0 0.717755 0.609262 0.0206104 0.091135 0.665627
0 0.593138 0.380225 0.0161341 0.0736462 0.641164
0 0.736148 0.498701 0.0139246 0.0716766 0.616783
0 0.412976 0.43414 0.0165348 0.0718562 0.600916
0 0.624736 0.430789 0.0167324 0.0809818 0.57616
0 0.70588 0.604377 0.0228813 0.101649 0.508178
0 0.440357 0.407443 0.0141338 0.0570607 0.504189
0 0.76298 0.463933 0.0159281 0.0809345 0.496702
0 0.206261 0.390231 0.0250997 0.0803818 0.468277
0 0.661004 0.366891 0.0159386 0.0768601 0.443915
0 0.102885 0.268225 0.0170098 0.0659464 0.431323
0 0.550414 0.285739 0.0146454 0.060926 0.424123
0 0.401146 0.345552 0.0125838 0.0602384 0.402036
