0 0.446146 0.541869 0.0192437 0.0916293 0.715982
0 0.412634 0.69197 0.0291979 0.0951691 0.665938
0 0.564717 0.687705 0.0278675 0.0940047 0.657359
0 0.260586 0.541306 0.0168711 0.0834846 0.616811
0 0.66629 0.308973 0.0178555 0.115042 0.599949
0 0.334771 0.439541 0.0158582 0.0718234 0.526139
0 0.359275 0.287814 0.0117081 0.059805 0.523265
0 0.193496 0.542198 0.0208698 0.0800163 0.511051
0 0.0374 0.58913 0.0174062 0.0921304 0.507956
0 0.636292 0.465262 0.022569 0.0822398 0.507303
0 0.197036 0.359382 0.0130224 0.0674572 0.504113
0 0.140554 0.360845 0.0141532 0.0697324 0.493999
0 0.264256 0.9777 0.0284127 0.0445996 0.45118
0 0.263707 0.443271 0.0174026 0.0674569 0.449754
0 0.284703 0.552292 0.0177927 0.0411379 0.426586
0 0.350933 0.969547 0.025281 0.0609057 0.402861
0 0.41769 0.297192 0.0138573 0.0526103 0.326844
0 0.20763 0.51159 0.0131058 0.0443554 0.293818
0 0.0302134 0.511898 0.0206374 0.0630683 0.263698
