0 0.899475 0.737428 0.0306406 0.14351 0.837873
0 0.19895 0.727758 0.0240774 0.124646 0.820527
0 0.588397 0.848996 0.0253773 0.134583 0.793543
0 0.324856 0.78922 0.0237057 0.136964 0.771655
0 0.826369 0.435765 0.0168213 0.0949649 0.736292
0 0.764336 0.705285 0.0232853 0.118922 0.733261
0 0.362233 0.556255 0.0202908 0.099187 0.69773
0 0.569811 0.540732 0.0253307 0.0947074 0.634112
0 0.504878 0.379166 0.0168673 0.0716408 0.63333
0 0.599843 0.35635 0.0182873 0.0681761 0.602599
0 0.419833 0.626608 0.0184588 0.102302 0.588881
0 0.585348 0.488973 0.0176504 0.0997019 0.518937
0 0.46638 0.420989 0.0163731 0.0646006 0.335616
0 0.459426 0.48754 0.0169462 0.0765269 0.300145
0 0.335976 0.41335 0.0187141 0.0825464 0.300119
