0 0.87622 0.741436 0.0258564 0.121431 0.825291
0 0.470846 0.529287 0.0247759 0.0810884 0.736675
0 0.276388 0.768744 0.0203824 0.114537 0.72214
0 0.619989 0.527711 0.0154678 0.0785485 0.705098
0 0.40886 0.540605 0.0164793 0.0848143 0.703058
0 0.0691903 0.710635 0.0246207 0.109476 0.686547
0 0.690931 0.692465 0.0200659 0.100207 0.679355
0 0.64 0.53465 0.0170691 0.0897976 0.675855
0 0.949074 0.491491 0.0160828 0.0931474 0.665744
0 0.413713 0.764388 0.0266323 0.110709 0.645158
0 0.822683 0.478809 0.0177589 0.0814146 0.638903
0 0.456177 0.469438 0.0155377 0.0762244 0.590062
0 0.266298 0.630365 0.0163137 0.0905737 0.578771
0 0.6621 0.395001 0.0267189 0.0646876 0.511653
0 0.552547 0.615159 0.0243312 0.0928334 0.500957
0 0.438419 0.393886 0.0229698 0.0644377 0.494233
0 0.535919 0.464156 0.017544 0.0583065 0.399968
0 0.551919 0.522206 0.02034 0.0698419 0.36399
0 0.697526 0.407704 0.0302154 0.0558684 0.360966
0 0.957886 0.223173 0.0227388 0.0524325 0.353803
