0 0.644184 0.662272 0.02206 0.0930705 0.740389
0 0.788485 0.575641 0.0255391 0.0733639 0.734057
0 0.486655 0.504542 0.0174335 0.075627 0.680001
0 0.129063 0.508374 0.027627 0.0819522 0.657875
0 0.721672 0.556711 0.0181627 0.0698435 0.648004
0 0.544995 0.43295 0.0236992 0.0571905 0.592442
0 0.342658 0.561132 0.0250063 0.058841 0.565772
0 0.320201 0.610456 0.0148831 0.0880251 0.564421
0 0.71712 0.454186 0.0209742 0.0637942 0.516227
32 0.543523 0.539125 0.00884724 0.0158312 0.494649
0 0.597917 0.490561 0.0246168 0.0580363 0.432457
0 0.368501 0.24898 0.0229832 0.0360641 0.409916
0 0.428179 0.240094 0.0226068 0.053567 0.34348
