0 0.289374 0.648101 0.0168022 0.0837405 0.749935
0 0.883104 0.518906 0.0156141 0.0774965 0.727745
0 0.563203 0.593334 0.0242426 0.073874 0.664397
0 0.640983 0.547552 0.016785 0.0561369 0.659037
0 0.938198 0.700224 0.0269455 0.0923062 0.656731
0 0.771163 0.46008 0.0108152 0.0706409 0.580672
0 0.605475 0.429574 0.0185062 0.065706 0.56943
0 0.204641 0.531567 0.0129341 0.0541974 0.558621
0 0.646568 0.410186 0.0135136 0.0576126 0.522167
0 0.857932 0.408021 0.0155088 0.0646654 0.51036
0 0.566598 0.495471 0.0186878 0.0605789 0.474137
0 0.689132 0.466076 0.0143957 0.0630544 0.402883
0 0.553338 0.430704 0.00935135 0.0495624 0.396536
0 0.708149 0.397211 0.0121838 0.0578011 0.352159
0 0.136344 0.541124 0.0187311 0.0604609 0.349361
0 0.471155 0.415995 0.0191845 0.0525775 0.281512
0 0.449697 0.46343 0.0143609 0.0693896 0.26674
