0 0.351767 0.834782 0.0367619 0.162383 0.864618
0 0.18475 0.706184 0.0307354 0.145348 0.8638
0 0.971202 0.763067 0.0296646 0.163085 0.806808
0 0.875244 0.76207 0.037956 0.149469 0.79295
0 0.134244 0.532629 0.0274998 0.112864 0.775468
0 0.454157 0.63329 0.0300175 0.130634 0.774171
0 0.543794 0.459419 0.0286982 0.120712 0.764419
0 0.870914 0.411792 0.0219967 0.111557 0.706848
0 0.568169 0.323198 0.0187164 0.0949738 0.699901
0 0.502026 0.36969 0.0185392 0.100361 0.676185
0 0.464938 0.480902 0.0422781 0.0966927 0.662252
0 0.744965 0.947183 0.0232073 0.105633 0.633354
0 0.428747 0.467984 0.022604 0.152161 0.615313
0 0.282678 0.436504 0.0169459 0.0920505 0.499433
0 0.419655 0.377353 0.0178204 0.0773456 0.266603
