0 0.268403 0.653039 0.0173453 0.0899817 0.752498
0 0.87055 0.520572 0.0156731 0.0817317 0.694589
0 0.841175 0.406335 0.0159794 0.0666208 0.652493
0 0.625641 0.548933 0.0182559 0.0613317 0.638098
0 0.432385 0.459364 0.0127008 0.0600049 0.635291
0 0.757417 0.461278 0.0107071 0.0732888 0.609631
0 0.919581 0.70629 0.0191978 0.0949195 0.595239
0 0.669897 0.464671 0.0173616 0.0624442 0.580119
0 0.683765 0.397181 0.0148713 0.0638905 0.579669
0 0.537403 0.499318 0.0217457 0.0704444 0.577052
0 0.191074 0.521613 0.0153865 0.0631749 0.568821
0 0.535818 0.597546 0.0188137 0.0755069 0.523455
0 0.534028 0.429441 0.0117188 0.0482473 0.492388
0 0.624517 0.404257 0.0139551 0.0594221 0.471027
0 0.455599 0.415375 0.0198759 0.0555555 0.456481
0 0.102485 0.537928 0.017882 0.0607147 0.31889
0 0.582576 0.424343 0.0139256 0.068666 0.286783
