0 0.906619 0.735089 0.02598 0.139348 0.860885
0 0.331319 0.794334 0.0350439 0.139339 0.859834
0 0.206932 0.727404 0.0269596 0.126006 0.82941
0 0.604097 0.864203 0.0375179 0.134377 0.763695
0 0.331267 0.548773 0.0228873 0.0980448 0.746267
0 0.773606 0.709703 0.0240662 0.123872 0.718274
0 0.830612 0.427724 0.0146954 0.0995419 0.716709
0 0.558235 0.534793 0.0220644 0.102602 0.67978
0 0.504379 0.377729 0.0163553 0.0800232 0.673556
0 0.427253 0.623521 0.0262179 0.105635 0.663224
0 0.580124 0.482868 0.0232279 0.0915834 0.647996
0 0.598096 0.355558 0.0228509 0.0678921 0.63829
0 0.460438 0.455412 0.0258038 0.136657 0.590107
0 0.315479 0.415101 0.0239909 0.0820299 0.423752
0 0.429314 0.418265 0.0226191 0.0905593 0.283462
