0 0.905089 0.735027 0.0246111 0.139782 0.865814
0 0.206859 0.728638 0.0281239 0.12604 0.844767
0 0.602066 0.860628 0.040797 0.136125 0.844265
0 0.331517 0.79382 0.0352554 0.138582 0.823361
0 0.829648 0.427914 0.0150312 0.0994378 0.746423
0 0.770698 0.707829 0.0239782 0.119001 0.736508
0 0.559373 0.536151 0.0213032 0.099186 0.709093
0 0.504665 0.377626 0.0164848 0.0806876 0.699041
0 0.426062 0.624297 0.0265428 0.106182 0.683252
0 0.460898 0.454734 0.0248714 0.136422 0.65154
0 0.336547 0.550185 0.0241804 0.0987503 0.649027
0 0.580828 0.484329 0.0229283 0.0960671 0.647198
0 0.598572 0.35515 0.0229902 0.0675729 0.577069
0 0.319682 0.410136 0.0205439 0.083821 0.334908
0 0.420315 0.44732 0.0207243 0.0431112 0.256799
