0 0.963633 0.808079 0.0263569 0.125482 0.828612
0 0.662314 0.486249 0.0188709 0.0797774 0.759622
0 0.74644 0.395589 0.0135212 0.0776761 0.75215
0 0.802445 0.74805 0.0254196 0.113735 0.742546
0 0.554698 0.465995 0.015928 0.0816433 0.740089
0 0.369202 0.473473 0.0186672 0.0749198 0.736499
0 0.783513 0.543168 0.0159521 0.0916126 0.710612
0 0.106382 0.725757 0.0198318 0.101775 0.685018
0 0.38685 0.590729 0.023701 0.0933979 0.652565
0 0.527129 0.54772 0.0174484 0.0935136 0.616702
0 0.311917 0.451713 0.0145239 0.0718506 0.497855
0 0.482411 0.39092 0.0189486 0.0674118 0.472448
0 0.388667 0.47045 0.0137382 0.0620163 0.344627
0 0.349823 0.382585 0.0183159 0.0831663 0.322144
