0 0.50247 0.505879 0.0203506 0.103716 0.893539
0 0.209912 0.716657 0.0286312 0.136814 0.873792
0 0.940674 0.751621 0.0282288 0.158032 0.824464
0 0.680404 0.924871 0.0430988 0.150258 0.7973
0 0.848034 0.417306 0.0180967 0.101355 0.789832
0 0.827339 0.735686 0.0283375 0.137478 0.788126
0 0.559945 0.46911 0.0246212 0.103365 0.770399
0 0.347344 0.817718 0.0317765 0.150423 0.756122
0 0.499917 0.374531 0.017597 0.082849 0.667069
0 0.223541 0.533902 0.0229419 0.105681 0.666724
0 0.441853 0.623845 0.0229596 0.117131 0.666159
0 0.444487 0.460803 0.0281662 0.135908 0.624347
0 0.594266 0.34163 0.0292198 0.0826626 0.442124
