0 0.872798 0.536393 0.0354759 0.117719 0.852265
0 0.853265 0.796076 0.0307463 0.138682 0.851576
0 0.840486 0.342877 0.0199871 0.0889141 0.794246
0 0.0691461 0.836968 0.033891 0.141496 0.770548
0 0.0994029 0.513005 0.0226412 0.105667 0.748503
0 0.240258 0.429476 0.0223063 0.0979047 0.726261
0 0.516854 0.590507 0.0268362 0.115386 0.723456
0 0.472556 0.503357 0.027087 0.104795 0.702175
0 0.65572 0.49251 0.0203899 0.111542 0.644551
0 0.449505 0.376866 0.0167958 0.0847377 0.618235
0 0.612886 0.429422 0.0222935 0.0997555 0.617442
0 0.488311 0.381381 0.0222176 0.0927236 0.616498
0 0.371115 0.41916 0.0224375 0.0862547 0.555036
0 0.971574 0.418623 0.0314323 0.0967047 0.531166
