0 0.466765 0.51258 0.0170808 0.0916899 0.743196
0 0.275252 0.617614 0.0157036 0.0973206 0.738983
0 0.139059 0.512529 0.0174285 0.0863946 0.712816
0 0.364558 0.433402 0.0174056 0.0858368 0.668794
0 0.711978 0.482418 0.0133247 0.0812867 0.651135
0 0.736137 0.446364 0.0172293 0.116862 0.602693
0 0.178727 0.376615 0.0157114 0.0787554 0.594969
0 0.408198 0.402885 0.0190215 0.104959 0.578116
0 0.669559 0.346147 0.0138514 0.0658542 0.554815
0 0.681701 0.590647 0.0164145 0.0924817 0.519036
0 0.506861 0.293419 0.0161091 0.0650264 0.513772
0 0.58175 0.444376 0.0183096 0.0798475 0.484048
0 0.69903 0.59615 0.0174845 0.0882963 0.47854
0 0.640122 0.369679 0.0146871 0.0716899 0.42506
0 0.424552 0.359402 0.0172528 0.0747942 0.416572
0 0.578842 0.414527 0.0237864 0.136877 0.348998
32 0.229117 0.407158 0.00867667 0.0170432 0.29546
0 0.078396 0.278977 0.0136777 0.0635451 0.262788
0 0.399786 0.268281 0.0277869 0.0425588 0.250279
