0 0.771566 0.909936 0.0937889 0.180128 0.878026
0 0.215521 0.870884 0.0775693 0.258232 0.864709
0 0.37578 0.863574 0.0547345 0.272851 0.862725
0 0.592817 0.880772 0.0701261 0.238455 0.860303
0 0.490088 0.85281 0.0652391 0.29438 0.854993
0 0.547469 0.735607 0.0411377 0.238193 0.817577
0 0.557158 0.571837 0.028795 0.122387 0.767866
0 0.262364 0.751363 0.0421391 0.208172 0.766929
0 0.473856 0.682362 0.0424302 0.136113 0.750248
0 0.97708 0.614713 0.0430058 0.131093 0.737964
32 0.445908 0.718656 0.00978899 0.0243768 0.495641
32 0.641212 0.640829 0.0156492 0.015051 0.331426
