0 0.982466 0.863687 0.0296391 0.147483 0.842877
0 0.0252937 0.830591 0.0404726 0.138514 0.807807
0 0.811121 0.790851 0.0284843 0.134839 0.797265
0 0.82017 0.534549 0.0222198 0.115442 0.778953
0 0.0575835 0.518951 0.0230648 0.105057 0.759592
0 0.563621 0.436291 0.027014 0.0982993 0.747206
0 0.794417 0.354779 0.0190617 0.0893339 0.741772
0 0.417027 0.376393 0.0185423 0.096907 0.69852
0 0.955754 0.420714 0.023205 0.0951827 0.671506
0 0.343408 0.423878 0.0259498 0.0789074 0.612354
0 0.62142 0.492016 0.0154337 0.103437 0.606628
0 0.231961 0.43238 0.0250998 0.0927006 0.596916
0 0.457952 0.591936 0.0273554 0.11292 0.491166
0 0.44476 0.37564 0.0174821 0.0781518 0.484575
0 0.454408 0.502566 0.0201357 0.0777969 0.357622
0 0.696814 0.182081 0.0151622 0.0581444 0.273948
