0 0.547507 0.598123 0.0191319 0.0976546 0.796588
0 0.227534 0.577115 0.03692 0.0840846 0.761936
0 0.236905 0.766157 0.0183767 0.117252 0.747088
0 0.491895 0.647427 0.0275618 0.0908508 0.746641
0 0.940198 0.475893 0.0175657 0.0790019 0.718478
0 0.305507 0.738657 0.0319893 0.104512 0.664678
0 0.963383 0.814868 0.0273392 0.120089 0.659602
0 0.703698 0.718231 0.018453 0.101477 0.654858
0 0.574953 0.551196 0.0222205 0.0859672 0.647133
0 0.714803 0.525559 0.0206681 0.079132 0.645301
0 0.0727231 0.619642 0.0336609 0.0823269 0.638989
0 0.964675 0.488165 0.0202797 0.0875441 0.617457
0 0.563881 0.470024 0.0167074 0.0761771 0.611941
0 0.639451 0.435783 0.0200027 0.0685259 0.558606
0 0.406301 0.556283 0.0319626 0.0645676 0.546176
0 0.692373 0.378227 0.0206337 0.0736543 0.535361
0 0.479509 0.366995 0.0195864 0.0652478 0.452607
9 0.109957 0.106678 0.0309311 0.0996463 0.358105
