0 0.486116 0.614618 0.0255036 0.0959035 0.823004
0 0.153293 0.419778 0.0205222 0.0864313 0.816332
0 0.0801613 0.524113 0.023579 0.0891057 0.697898
0 0.634185 0.520411 0.0178423 0.0880627 0.65086
0 0.439752 0.465646 0.0171873 0.0817859 0.630659
0 0.505285 0.513497 0.0143551 0.0855848 0.626703
0 0.381876 0.448876 0.0188311 0.0631607 0.600415
0 0.0402972 0.475955 0.031564 0.0888234 0.558821
0 0.485973 0.505246 0.0222515 0.0818341 0.476875
0 0.271758 0.493702 0.0203977 0.145005 0.446642
0 0.260945 0.450497 0.0285367 0.0761625 0.433226
0 0.534524 0.508031 0.0159937 0.0493003 0.39592
32 0.404464 0.562524 0.00956574 0.0171976 0.279919
0 0.580353 0.460319 0.0162499 0.0701953 0.269877
