0 0.454839 0.430969 0.0216669 0.0759644 0.762334
0 0.557766 0.581437 0.0215485 0.0987629 0.741871
0 0.499952 0.578443 0.0198145 0.0680858 0.709973
0 0.555309 0.480645 0.0160047 0.0827665 0.649102
0 0.17307 0.36612 0.0187967 0.0743927 0.632381
0 0.182139 0.531544 0.02417 0.092192 0.619745
0 0.283895 0.408825 0.0334753 0.083567 0.601718
0 0.165937 0.474175 0.017882 0.0769202 0.575021
0 0.508116 0.476406 0.0298393 0.072553 0.514083
0 0.334804 0.369231 0.0209482 0.0533095 0.484463
0 0.310876 0.431138 0.0206348 0.0523943 0.355503
0 0.0358257 0.465969 0.0202633 0.0773784 0.353372
0 0.515425 0.471124 0.0141832 0.064267 0.346749
0 0.390914 0.240439 0.0209857 0.0524481 0.31593
