0 0.619474 0.67574 0.0228222 0.082443 0.68507
0 0.741411 0.587044 0.0236853 0.0730811 0.679601
0 0.316293 0.541441 0.0203669 0.0802665 0.64618
0 0.572888 0.48795 0.0141508 0.0628514 0.64173
0 0.279394 0.596818 0.0300265 0.0842065 0.635448
0 0.464324 0.508411 0.0165733 0.0725021 0.620743
0 0.693179 0.576386 0.0230961 0.0739016 0.60324
0 0.109873 0.504103 0.0165024 0.0748242 0.571184
0 0.515637 0.443572 0.0213339 0.07787 0.57004
0 0.449611 0.240736 0.0170443 0.045274 0.488719
0 0.737521 0.448737 0.0275638 0.0610103 0.371571
0 0.0243407 0.280401 0.0304892 0.0349467 0.277274
0 0.394912 0.245745 0.0202091 0.0350162 0.275652
32 0.656802 0.58273 0.0115528 0.0146286 0.266104
