0 0.305197 0.782965 0.029966 0.127402 0.820512
0 0.888115 0.734785 0.0230972 0.128443 0.807283
0 0.157908 0.733072 0.0234801 0.123395 0.773402
0 0.38847 0.638817 0.0210171 0.104102 0.751363
0 0.826812 0.454586 0.0166695 0.090632 0.718566
0 0.531827 0.822427 0.0227136 0.12476 0.666647
0 0.739437 0.70066 0.023382 0.111525 0.645921
0 0.597064 0.372372 0.0164984 0.0724147 0.624145
0 0.462828 0.567031 0.028985 0.0978773 0.595229
0 0.61287 0.532119 0.022882 0.124125 0.564957
0 0.455696 0.49319 0.0181063 0.0822389 0.443766
0 0.990683 0.494995 0.0179092 0.0932137 0.419645
0 0.393674 0.438008 0.0236929 0.0842038 0.38928
0 0.481018 0.431467 0.0163212 0.0530518 0.313345
0 0.501903 0.442564 0.0131517 0.0632038 0.255702
