0 0.479363 0.46487 0.0191046 0.0649524 0.747262
0 0.201543 0.569372 0.0223897 0.0710836 0.744763
0 0.883194 0.489958 0.0168201 0.0765873 0.700103
0 0.957181 0.684799 0.0341984 0.0937534 0.699749
0 0.8808 0.394355 0.0158844 0.0691226 0.681123
0 0.317968 0.638144 0.0168213 0.0806164 0.668211
0 0.645675 0.595519 0.025255 0.0733724 0.647759
0 0.74974 0.387058 0.0195869 0.0710521 0.641788
0 0.17106 0.558287 0.0263153 0.0669188 0.628447
0 0.720956 0.456308 0.0119818 0.0648305 0.610335
0 0.784705 0.442465 0.0123568 0.0646119 0.586098
0 0.66262 0.561199 0.0171068 0.0769574 0.543494
0 0.586847 0.433582 0.0138044 0.0672836 0.527585
0 0.65828 0.424706 0.0127927 0.0614245 0.501036
0 0.680385 0.410766 0.0111829 0.0726106 0.431673
0 0.629486 0.50955 0.0243165 0.0978309 0.34132
0 0.492896 0.395195 0.0165478 0.058811 0.333919
0 0.634446 0.482874 0.0171532 0.0532628 0.253007
