0 0.183217 0.410701 0.0206732 0.0877553 0.694498
0 0.766913 0.370922 0.0166605 0.0809397 0.672888
0 0.464635 0.347695 0.0164619 0.070261 0.671111
0 0.381028 0.5294 0.0190953 0.083107 0.660325
0 0.580577 0.292258 0.0144007 0.0721894 0.634162
0 0.377796 0.356367 0.0149664 0.0670486 0.625701
0 0.00769837 0.412707 0.0151777 0.088977 0.624116
0 0.68619 0.258947 0.0140181 0.0645092 0.606281
0 0.3477 0.337982 0.0155015 0.0810147 0.605238
0 0.628765 0.338352 0.0159167 0.0725264 0.569584
0 0.73756 0.351358 0.0146985 0.0626951 0.543095
0 0.429488 0.239536 0.0140308 0.0721553 0.534475
0 0.38329 0.257533 0.0136333 0.0605457 0.526402
0 0.745495 0.536452 0.0200432 0.0700292 0.522773
0 0.639774 0.269373 0.0151618 0.0673247 0.495145
0 0.145888 0.176263 0.0159534 0.0555891 0.430725
0 0.714739 0.506494 0.0292902 0.0739268 0.415816
0 0.517411 0.420846 0.0194336 0.0583644 0.41057
0 0.572599 0.193043 0.0124075 0.0551015 0.393984
0 0.219603 0.318001 0.0311221 0.036925 0.305817
