0 0.411747 0.574955 0.193896 0.832006 0.899723
0 0.686325 0.611605 0.141336 0.712575 0.887792
0 0.534608 0.702706 0.186058 0.584594 0.882872
0 0.872738 0.591808 0.0925138 0.44124 0.8347
0 0.765419 0.712553 0.103666 0.567087 0.830401
0 0.969878 0.61761 0.0597084 0.565903 0.8036
0 0.19173 0.558626 0.0949117 0.585078 0.76901
0 0.934706 0.679565 0.0504269 0.326171 0.636413
0 0.119844 0.491528 0.0722331 0.333909 0.630287
0 0.0541677 0.607916 0.102381 0.213694 0.534456
0 0.0427282 0.410367 0.0810938 0.210573 0.330516
0 0.529261 0.463842 0.0702035 0.308529 0.287685
