0 0.436833 0.581226 0.0251831 0.0814955 0.658955
0 0.243157 0.479347 0.0139648 0.0672492 0.616893
0 0.158154 0.362481 0.0128684 0.0614569 0.610528
0 0.64628 0.308962 0.0134939 0.056024 0.598564
0 0.281456 0.607905 0.0208798 0.06879 0.591377
0 0.638972 0.468316 0.0134192 0.0728321 0.543323
0 0.605264 0.677033 0.0214247 0.0855448 0.528626
0 0.385292 0.39654 0.0128997 0.0668493 0.523838
0 0.280277 0.972399 0.0280975 0.0552017 0.519729
0 0.486731 0.674409 0.0196144 0.0794279 0.506851
0 0.0112749 0.692549 0.0224456 0.0845796 0.492034
0 0.177761 0.340141 0.0120142 0.0509547 0.470861
0 0.305112 0.404825 0.0141243 0.0575194 0.45551
0 0.359615 0.966486 0.0227737 0.0670274 0.449614
0 0.692356 0.356605 0.0123899 0.0594574 0.402995
0 0.276339 0.499205 0.0223053 0.0593925 0.375409
0 0.357178 0.290015 0.0109939 0.0492769 0.366277
0 0.614291 0.479966 0.0124234 0.0630358 0.314303
