0 0.360801 0.441609 0.0279213 0.111216 0.751755
0 0.140188 0.634328 0.0226426 0.0874068 0.71052
0 0.208903 0.486677 0.0162296 0.0684437 0.68119
0 0.687092 0.739094 0.019875 0.0962604 0.604795
0 0.257501 0.401569 0.0203032 0.0651441 0.593803
0 0.485641 0.521517 0.021047 0.0724316 0.548847
0 0.439542 0.398139 0.0173315 0.0558402 0.485444
0 0.666336 0.557396 0.0172638 0.0801956 0.479056
0 0.574965 0.755729 0.0178323 0.103664 0.470855
0 0.875981 0.509783 0.0226194 0.0736774 0.467847
0 0.559094 0.432299 0.0166471 0.0669564 0.328564
0 0.313586 0.388241 0.0190349 0.0661268 0.313098
0 0.677016 0.361147 0.0226231 0.0613749 0.289174
0 0.601707 0.470678 0.0173262 0.0696582 0.27553
