0 0.341286 0.81239 0.0300364 0.150092 0.835215
0 0.926757 0.744026 0.0256647 0.146347 0.813973
0 0.270706 0.535276 0.0276542 0.105095 0.799897
0 0.840831 0.421615 0.0187576 0.0998956 0.794609
0 0.213874 0.72235 0.0268498 0.136897 0.794188
0 0.524277 0.520458 0.0211548 0.104266 0.788554
0 0.801933 0.72284 0.0317017 0.128878 0.787792
0 0.644641 0.899158 0.0387056 0.145896 0.777879
0 0.440367 0.623287 0.0255093 0.115519 0.676803
0 0.568269 0.477429 0.0181862 0.105113 0.660038
0 0.500741 0.37463 0.0167908 0.0820523 0.658959
0 0.604796 0.351949 0.0228888 0.0712078 0.658138
0 0.452318 0.461561 0.0233503 0.132608 0.587794
0 0.320895 0.420207 0.0325024 0.0784266 0.552369
