0 0.526592 0.682885 0.029376 0.0972171 0.719161
0 0.0439611 0.569817 0.0179388 0.0955076 0.687273
0 0.452734 0.524079 0.0160259 0.0836193 0.686189
0 0.305752 0.442531 0.0193784 0.0654678 0.68277
0 0.400322 0.692524 0.0210207 0.0973838 0.660736
0 0.157415 0.359898 0.0149862 0.0693501 0.640352
0 0.370952 0.282941 0.0133701 0.0638885 0.587653
0 0.643346 0.455551 0.0157525 0.0813221 0.567081
0 0.431435 0.300346 0.0152452 0.0622832 0.565131
0 0.276514 0.973453 0.0301599 0.053093 0.561192
0 0.670569 0.300845 0.016116 0.115851 0.529546
0 0.210363 0.353708 0.0130308 0.0628604 0.503585
0 0.362883 0.965487 0.0253632 0.0690265 0.493955
0 0.251289 0.439827 0.0158968 0.0557754 0.492394
0 0.771492 0.972755 0.0214565 0.05449 0.468216
0 0.268124 0.491543 0.0174782 0.0692995 0.44277
0 0.0643449 0.485055 0.0175441 0.0769316 0.438448
0 0.222091 0.481765 0.0244361 0.0713952 0.356698
0 0.628316 0.456123 0.0114473 0.0720456 0.309558
0 0.293294 0.548096 0.0239817 0.0358988 0.280345
